1
36
0
1
-1295
36
-36
1
20773
-1188
612
-35
6517
-396
576
-35
-3923
252
-576
37
-2627
180
-540
37
12997
-972
468
-35
1333
-108
432
-35
-14291
1224
-432
37
6517
-576
396
-35
-10403
972
-396
37
-10439
1008
-756
73
-9107
936
-360
37
1333
-144
324
-35
-10403
1188
-324
37
6517
-792
288
-35
-3923
504
-288
37
-2663
360
-540
73
-11771
1620
-792
109
-8063
1116
-2088
289
-14435
2016
-1296
181
-3923
576
-252
37
10441
-1584
468
-71
-7847
1224
-468
73
1333
-216
216
-35
-6515
1116
-216
37
10441
-1872
396
-71
-1367
252
-396
73
-3995
756
-576
109
-10511
2016
-756
145
-32579
6300
-936
181
-26351
5112
-2232
433
7849
-1548
360
-71
-2627
540
-180
37
16957
-3600
504
-107
5257
-1152
324
-71
-6551
1476
-324
73
13069
-2988
468
-107
-7883
1836
-468
109
1333
-324
144
-35
-3923
1008
-144
37
16993
-4500
540
-143
3997
-1080
396
-107
-11771
3240
-396
109
3961
-1116
252
-71
-1367
396
-252
73
3997
-1188
360
-107
-11771
3564
-360
109
-16055
4896
-1656
505
18433
-5652
936
-287
-6623
2052
-468
145
-14435
4536
-576
181
1333
-432
108
-35
-2627
900
-108
37
17029
-6048
504
-179
-14435
5184
-504
181
-31751
11448
-1800
649
2881
-1044
792
-287
-4031
1476
-396
145
6589
-2448
288
-107
-3995
1512
-288
109
5365
-2052
468
-179
-15731
6084
-468
181
1369
-540
180
-71
-2663
1080
-180
73
1477
-612
432
-179
-14435
6048
-432
181
7885
-3348
252
-107
-3995
1728
-252
109
9217
-4068
324
-143
-2735
1224
-324
145
13141
-5940
396
-179
-7955
3636
-396
181
-11879
5508
-468
217
-2843
1332
-540
253
1909
-900
1296
-611
23977
-11340
1368
-647
1333
-648
72
-35
-1331
684
-72
37
1981
-1044
1296
-683
21385
-11304
1224
-647
17137
-9108
540
-287
5437
-2916
468
-251
6697
-3636
396
-215
-1511
828
-396
217
9253
-5112
324
-179
-2771
1548
-324
181
5329
-3024
252
-143
-1439
828
-252
145
1549
-900
432
-251
-14507
8496
-432
253
3997
-2376
180
-107
-5291
3204
-180
109
1585
-972
468
-287
-11951
7380
-468
289
6661
-4140
288
-179
-4067
2556
-288
181
10621
-6732
396
-251
33229
-21204
1296
-827
-15083
9648
-1296
829
4213
-2700
504
-323
-1619
1044
-504
325
1369
-900
108
-71
-2663
1800
-108
73
6877
-4716
576
-395
10693
-7380
468
-323
17749
-12312
1296
-899
-30707
21348
-1296
901
1549
-1080
360
-251
-9323
6552
-360
253
7957
-5652
252
-179
-5363
3852
-252
181
2881
-2088
396
-287
-10655
7776
-396
289
-2987
2196
-540
397
1405
-1044
144
-107
-3995
3024
-144
109
9433
-7236
468
-359
-4247
3276
-468
361
5437
-4212
324
-251
-6731
5256
-324
253
-1691
1332
-504
397
4033
-3204
180
-143
17893
-14400
1296
-1043
-30851
24876
-1296
1045
2053
-1656
936
-755
17461
-14112
756
-611
17317
-14040
576
-467
13285
-10836
396
-323
-4211
3456
-396
325
1477
-1224
216
-179
-6659
5580
-216
181
9469
-7992
468
-395
-6875
5832
-468
397
5401
-4608
252
-215
-5615
4824
-504
433
-15371
13248
-1296
1117
17533
-15120
792
-683
17317
-14976
540
-467
6733
-5868
288
-251
-4139
3636
-288
253
1585
-1404
324
-287
-10655
9504
-324
289
4213
-3780
360
-323
17533
-15840
756
-683
4249
-3852
396
-359
-8135
7416
-396
361
1693
-1548
432
-395
-14651
13464
-432
397
-4319
3996
-468
433
17353
-16164
540
-503
17389
-16272
576
-539
-14795
13896
-576
541
-1871
1764
-612
577
37
-36
36
-35
21385
-22608
612
-647
7093
-7524
576
-611
-4499
4788
-576
613
-3167
3384
-540
577
13465
-14472
468
-503
1765
-1908
432
-467
-14723
15984
-432
469
6913
-7524
396
-431
-10799
11808
-396
433
-11195
12276
-756
829
-9467
10440
-360
397
1657
-1836
324
-359
-10727
11952
-324
361
6805
-7632
288
-323
-4211
4752
-288
325
-3203
3636
-540
613
-12563
14292
-792
901
-10151
11556
-2088
2377
-15731
17928
-1296
1477
-4175
4788
-252
289
10909
-12564
468
-539
-8315
9612
-468
541
1549
-1800
216
-251
-6731
7884
-216
253
10837
-12780
396
-467
-1763
2088
-396
469
-4571
5436
-576
685
-11267
13428
-756
901
-33515
39996
-936
1117
-28583
34128
-2232
2665
8209
-9828
360
-431
-2807
3384
-180
217
17461
-21168
504
-611
5581
-6804
324
-395
-6875
8424
-324
397
13537
-16632
468
-575
-8351
10296
-468
577
1477
-1836
144
-179
-4067
5112
-144
181
17533
-22176
540
-683
4393
-5580
396
-503
-12167
15516
-396
505
4213
-5400
252
-323
-1619
2088
-252
325
4357
-5652
360
-467
-12131
15804
-360
469
-17711
23112
-1656
2161
19369
-25308
936
-1223
-7091
9288
-468
613
-15011
19728
-576
757
1441
-1908
108
-143
-2735
3672
-108
145
17533
-23760
504
-683
-14939
20304
-504
685
-33551
45648
-1800
2449
3673
-5004
792
-1079
-4427
6048
-396
541
6877
-9432
288
-395
-4283
5904
-288
397
5833
-8064
468
-647
-16199
22464
-468
649
1549
-2160
180
-251
-2843
3996
-180
253
1909
-2700
432
-611
-14867
21096
-432
613
8137
-11592
252
-359
-4247
6084
-252
361
9541
-13752
324
-467
-3059
4428
-324
469
13537
-19656
396
-575
-8351
12168
-396
577
-12347
18072
-468
685
-3383
4968
-540
793
3205
-4716
1296
-1907
1405
-2088
72
-107
-1403
2124
-72
109
3277
-5004
1296
-1979
17677
-27072
540
-827
5905
-9072
468
-719
7093
-10944
396
-611
-1907
2952
-396
613
9577
-14868
324
-503
-3095
4824
-324
505
5581
-8748
252
-395
-1691
2664
-252
397
1981
-3132
432
-683
-14939
23688
-432
685
4177
-6660
180
-287
-5471
8784
-180
289
2053
-3312
468
-755
-12419
20088
-468
757
6949
-11268
288
-467
-4355
7092
-288
469
11017
-18000
396
-647
34525
-56556
1296
-2123
-16379
26856
-1296
2125
4717
-7740
504
-827
-2123
3492
-504
829
1477
-2448
108
-179
-2771
4644
-108
181
7453
-12564
576
-971
11161
-18864
468
-791
19045
-32256
1296
-2195
-32003
54252
-1296
2197
1909
-3240
360
-611
-9683
16488
-360
613
8209
-14040
252
-431
-5615
9648
-252
433
3277
-5652
396
-683
-11051
19116
-396
685
-3527
6120
-540
937
1549
-2700
144
-251
-4139
7272
-144
253
9901
-17496
468
-827
-4715
8352
-468
829
5761
-10224
324
-575
-7055
12564
-324
577
-2195
3924
-504
901
4213
-7560
180
-323
19189
-34632
1296
-2339
-32147
58068
-1296
2341
2989
-5400
936
-1691
18217
-32940
756
-1367
17893
-32400
576
-1043
13681
-24840
396
-719
-4607
8388
-396
721
1693
-3096
216
-395
-6875
12636
-216
397
9937
-18324
468
-863
-7343
13572
-468
865
5653
-10476
252
-467
-6119
11376
-504
937
-16667
31032
-1296
2413
18325
-34128
792
-1475
17857
-33300
540
-1007
7021
-13140
288
-539
-4427
8316
-288
541
1909
-3600
324
-611
-10979
20772
-324
613
4573
-8676
360
-683
18289
-34812
756
-1439
4645
-8856
396
-755
-8531
16308
-396
757
2125
-4068
432
-827
-15083
28944
-432
829
-4787
9216
-468
901
17893
-34560
540
-1043
17965
-34776
576
-1115
-15371
29808
-576
1117
-2483
4824
-612
1189
73
-144
36
-71
21997
-45252
612
-1259
7669
-15804
576
-1187
-5075
10476
-576
1189
-3707
7668
-540
1117
13933
-28908
468
-971
2197
-4572
432
-899
-15155
31608
-432
901
7309
-15264
396
-827
-11195
23436
-396
829
-11951
25056
-756
1585
-9827
20664
-360
757
1981
-4176
324
-683
-11051
23364
-324
685
7093
-15048
288
-611
-4499
9576
-288
613
-3743
7992
-540
1153
-13355
28548
-792
1693
-12239
26172
-2088
4465
-17027
36432
-1296
2773
-4427
9504
-252
541
11377
-24480
468
-1007
-8783
18936
-468
1009
1765
-3816
216
-467
-6947
15084
-216
469
11233
-24480
396
-863
-2159
4716
-396
865
-5147
11268
-576
1261
-12023
26352
-756
1657
-2987
6588
-180
397
17965
-39744
504
-1115
5905
-13104
324
-719
-7199
16020
-324
721
14005
-31212
468
-1043
-8819
19692
-468
1045
1621
-3636
144
-323
-4211
9504
-144
325
18073
-40932
540
-1223
4789
-10872
396
-899
-12563
28584
-396
901
4465
-10188
252
-575
-1871
4284
-252
577
4717
-10836
360
-827
-12491
28764
-360
829
-19367
44640
-1656
3817
20305
-46836
936
-2159
-7559
17460
-468
1081
-15587
36072
-576
1333
1549
-3600
108
-251
-2843
6660
-108
253
18037
-42480
504
-1187
-15443
36432
-504
1189
-35351
83448
-1800
4249
4465
-10548
792
-1871
-4823
11412
-396
937
7165
-16992
288
-683
-4571
10872
-288
685
6301
-15012
468
-1115
-16667
39780
-468
1117
1729
-4140
180
-431
-3023
7272
-180
433
2341
-5652
432
-1043
-15299
37008
-432
1045
8389
-20340
252
-611
-4499
10944
-252
613
9865
-24084
324
-791
-3383
8280
-324
793
13933
-34164
396
-971
-8747
21492
-396
973
-12815
31572
-468
1153
-3923
9684
-540
1333
4501
-11124
1296
-3203
1477
-3672
72
-179
-1475
3708
-72
181
4573
-11556
1296
-3275
18217
-46116
540
-1367
6373
-16164
468
-1187
7489
-19044
396
-1007
-2303
5868
-396
1009
9901
-25272
324
-827
-3419
8748
-324
829
5833
-14976
252
-647
-1943
5004
-252
649
2413
-6228
432
-1115
-15371
39744
-432
1117
4357
-11304
180
-467
-5651
14724
-180
469
2521
-6588
468
-1223
-12887
33732
-468
1225
7237
-18972
288
-755
-4643
12204
-288
757
11413
-30060
396
-1043
35821
-94500
1296
-3419
-17675
46656
-1296
3421
5221
-13788
504
-1331
-2627
6948
-504
1333
1585
-4212
108
-287
-2879
7704
-108
289
8029
-21564
576
-1547
11629
-31284
468
-1259
20341
-54792
1296
-3491
-33299
89748
-1296
3493
2269
-6120
360
-971
-10043
27144
-360
973
8461
-22932
252
-683
-5867
15948
-252
685
3673
-10008
396
-1079
-11447
31248
-396
1081
-4067
11124
-540
1477
1693
-4644
144
-395
-4283
11808
-144
397
10369
-28692
468
-1295
-5183
14364
-468
1297
6085
-16884
324
-899
-7379
20520
-324
901
-2699
7524
-504
1405
4393
-12276
180
-503
20485
-57456
1296
-3635
-33443
93852
-1296
3637
3925
-11016
936
-2627
18973
-53280
756
-2123
18469
-51912
576
-1619
14077
-39636
396
-1115
-5003
14112
-396
1117
1909
-5400
216
-611
-7091
20124
-216
613
10405
-29592
468
-1331
-7811
22248
-468
1333
5905
-16848
252
-719
-6623
18936
-504
1441
-17963
51408
-1296
3709
19117
-54720
792
-2267
18397
-52704
540
-1547
7309
-20988
288
-827
-4715
13572
-288
829
2233
-6444
324
-935
-11303
32688
-324
937
4933
-14292
360
-1043
19045
-55296
756
-2195
5041
-14652
396
-1151
-8927
25992
-396
1153
2557
-7452
432
-1259
-15515
45288
-432
1261
-5255
15372
-468
1369
18433
-54036
540
-1583
18541
-54432
576
-1691
-15947
46872
-576
1693
-3095
9108
-612
1801
109
-324
36
-107
8245
-25236
576
-1763
-5651
17316
-576
1765
-4247
13032
-540
1657
14401
-44280
468
-1439
2629
-8100
432
-1331
7705
-23796
396
-1223
-11591
35856
-396
1225
-12707
39348
-756
2341
-10187
31608
-360
1117
2305
-7164
324
-1007
-11375
35424
-324
1009
7381
-23040
288
-899
-4787
14976
-288
901
-4283
13428
-540
1693
-14147
44388
-792
2485
-14327
44964
-2088
6553
-18323
57528
-1296
4069
-4679
14724
-252
793
11845
-37332
468
-1475
-9251
29196
-468
1477
1981
-6264
216
-683
-7163
22716
-216
685
11629
-36972
396
-1259
-2555
8136
-396
1261
-5723
18252
-576
1837
-12779
40788
-756
2413
-3167
10152
-180
577
6229
-20052
324
-1043
-7523
24264
-324
1045
14473
-46728
468
-1511
-9287
30024
-468
1513
1765
-5724
144
-467
-4355
14184
-144
469
18613
-60768
540
-1763
5185
-16956
396
-1295
-12959
42444
-396
1297
4717
-15480
252
-827
-2123
6984
-252
829
5077
-16740
360
-1187
-12851
42444
-360
1189
-21023
69480
-1656
5473
21241
-70236
936
-3095
-8027
26568
-468
1549
-16163
53568
-576
1909
1657
-5508
108
-359
-2951
9864
-108
361
-15947
53568
-504
1693
-37151
124848
-1800
6049
5257
-17676
792
-2663
-5219
17568
-396
1333
7453
-25128
288
-971
-4859
16416
-288
973
6769
-22896
468
-1583
1909
-6480
180
-611
-3203
10908
-180
613
2773
-9468
432
-1475
8641
-29592
252
-863
-4751
16308
-252
865
10189
-35064
324
-1115
-3707
12780
-324
1117
-9143
31608
-396
1369
-13283
46008
-468
1621
-4463
15480
-540
1873
5797
-20124
1296
-4499
1549
-5400
72
-251
-1547
5436
-72
253
5869
-20700
1296
-4571
18757
-66240
540
-1907
6841
-24192
468
-1655
7885
-27936
396
-1403
-2699
9576
-396
1405
10225
-36324
324
-1151
-3743
13320
-324
1153
6085
-21708
252
-899
-2195
7848
-252
901
2845
-10188
432
-1547
4537
-16308
180
-647
-5831
21024
-180
649
2989
-10800
468
-1691
-13355
48312
-468
1693
7525
-27252
288
-1043
-4931
17892
-288
1045
11809
-42912
396
-1439
-18971
69048
-1296
4717
5725
-20844
504
-1835
-3131
11412
-504
1837
1693
-6192
108
-395
-2987
10980
-108
397
8605
-31716
576
-2123
12097
-44640
468
-1727
21637
-79920
1296
-4787
-34595
127836
-1296
4789
2629
-9720
360
-1331
-10403
38520
-360
1333
8713
-32328
252
-935
-6119
22752
-252
937
4069
-15156
396
-1475
-11843
44172
-396
1477
-4607
17208
-540
2017
1837
-6876
144
-539
-4427
16632
-144
541
10837
-40824
468
-1763
-5651
21312
-468
1765
6409
-24192
324
-1223
-7703
29124
-324
1225
-3203
12132
-504
1909
4573
-17352
180
-683
21781
-82872
1296
-4931
-34739
132228
-1296
4933
4861
-18504
936
-3563
19729
-75132
756
-2879
19045
-72576
576
-2195
-5399
20628
-396
1513
2125
-8136
216
-827
-7307
28044
-216
829
10873
-41796
468
-1799
-8279
31860
-468
1801
6157
-23724
252
-971
-7127
27504
-504
1945
19909
-76896
792
-3059
18937
-73188
540
-2087
7597
-29412
288
-1115
-5003
19404
-288
1117
2557
-9936
324
-1259
-11627
45252
-324
1261
5293
-20628
360
-1403
19801
-77292
756
-2951
5437
-21240
396
-1547
-9323
36468
-396
1549
2989
-11700
432
-1691
-5723
22464
-468
1837
18973
-74592
540
-2123
19117
-75240
576
-2267
-16523
65088
-576
2269
-3707
14616
-612
2413
145
-576
36
-143
8821
-35820
576
-2339
-6227
25308
-576
2341
-4787
19476
-540
2197
14869
-60588
468
-1907
3061
-12492
432
-1763
8101
-33120
396
-1619
-11987
49068
-396
1621
-13463
55152
-756
3097
-10547
43272
-360
1477
2629
-10800
324
-1331
7669
-31608
288
-1187
-5075
20952
-288
1189
-4823
19944
-540
2233
-14939
61812
-792
3277
-16415
67932
-2088
8641
-19619
81216
-1296
5365
-4931
20448
-252
1045
12313
-51120
468
-1943
-9719
40392
-468
1945
2197
-9144
216
-899
-7379
30780
-216
901
12025
-50256
396
-1655
-2951
12348
-396
1657
-6299
26388
-576
2413
-13535
56736
-756
3169
-3347
14076
-180
757
6553
-27648
324
-1367
-7847
33156
-324
1369
14941
-63180
468
-1979
-9755
41292
-468
1981
1909
-8100
144
-611
-4499
19152
-144
613
19153
-81684
540
-2303
5581
-23832
396
-1691
-13355
57096
-396
1693
4969
-21276
252
-1079
-2375
10188
-252
1081
5437
-23364
360
-1547
-8495
36612
-468
2017
-16739
72216
-576
2485
1765
-7632
108
-467
-3059
13284
-108
469
-16451
71712
-504
2197
-38951
169848
-1800
7849
6049
-26388
792
-3455
-5615
24516
-396
1729
7741
-33840
288
-1259
-5147
22536
-288
1261
7237
-31716
468
-2051
2089
-9180
180
-791
-3383
14904
-180
793
3205
-14148
432
-1907
8893
-39348
252
-1115
-5003
22176
-252
1117
10513
-46692
324
-1439
-4031
17928
-324
1441
-9539
42516
-396
1765
-13751
61380
-468
2089
-5003
22356
-540
2413
7093
-31716
1296
-5795
1621
-7272
72
-323
-1619
7308
-72
325
7165
-32436
1296
-5867
19297
-87444
540
-2447
7309
-33156
468
-2123
8281
-37620
396
-1799
-3095
14076
-396
1801
10549
-48024
324
-1475
-4067
18540
-324
1477
6337
-28944
252
-1151
-2447
11196
-252
1153
3277
-15012
432
-1979
4717
-21672
180
-827
-6011
27684
-180
829
3457
-15948
468
-2159
-13823
63828
-468
2161
7813
-36108
288
-1331
-5219
24156
-288
1333
12205
-56556
396
-1835
-20267
94032
-1296
6013
6229
-28908
504
-2339
-3635
16884
-504
2341
1801
-8388
108
-503
-3095
14472
-108
505
9181
-43020
576
-2699
12565
-58932
468
-2195
22933
-107640
1296
-6083
-35891
168516
-1296
6085
2989
-14040
360
-1691
-10763
50616
-360
1693
8965
-42228
252
-1187
-6371
30060
-252
1189
4465
-21096
396
-1871
-12239
57888
-396
1873
-5147
24372
-540
2557
1981
-9396
144
-683
-4571
21744
-144
685
11305
-53892
468
-2231
-6119
29196
-468
2233
6733
-32148
324
-1547
-8027
38376
-324
1549
-3707
17748
-504
2413
4753
-22788
180
-863
23077
-110880
1296
-6227
-36035
173196
-1296
6229
5797
-27864
936
-4499
20485
-98496
756
-3635
19621
-94392
576
-2771
-5795
27936
-396
1909
2341
-11304
216
-1043
-7523
36396
-216
1045
11341
-54936
468
-2267
-8747
42408
-468
2269
6409
-31104
252
-1223
-7631
37080
-504
2449
20701
-100656
792
-3851
7885
-38412
288
-1403
-5291
25812
-288
1405
2881
-14076
324
-1583
5653
-27684
360
-1763
20557
-100800
756
-3707
5833
-28620
396
-1943
-9719
47736
-396
1945
3421
-16812
432
-2123
-6191
30492
-468
2305
19693
-97200
576
-2843
-17099
84456
-576
2845
-4319
21348
-612
3025
181
-900
36
-179
9397
-47556
576
-2915
-6803
34452
-576
2917
-5327
27000
-540
2737
15337
-77832
468
-2375
3493
-17748
432
-2195
8497
-43236
396
-2015
-12383
63072
-396
2017
-14219
72468
-756
3853
-10907
55656
-360
1837
2953
-15084
324
-1655
7957
-40752
288
-1475
-5363
27504
-288
1477
-5363
27540
-540
2773
-15731
80820
-792
4069
-18503
95076
-2088
10729
-20915
107496
-1296
6661
-5183
26676
-252
1297
12781
-65844
468
-2411
-10187
52524
-468
2413
2413
-12456
216
-1115
-7595
39276
-216
1117
12421
-64332
396
-2051
-3347
17352
-396
2053
-6875
35676
-576
2989
-14291
74196
-756
3925
-3527
18360
-180
937
6877
-35892
324
-1691
-8171
42696
-324
1693
15409
-80568
468
-2447
-10223
53496
-468
2449
2053
-10764
144
-755
-4643
24408
-144
757
5977
-31500
396
-2087
-13751
72540
-396
2089
5221
-27576
252
-1331
-2627
13896
-252
1333
5797
-30708
360
-1907
-8963
47592
-468
2485
-17315
92016
-576
3061
1873
-9972
108
-575
-3167
16920
-108
577
-16955
90864
-504
2701
-40751
218448
-1800
9649
6841
-36684
792
-4247
-6011
32256
-396
2125
8029
-43128
288
-1547
-5435
29232
-288
1549
7705
-41472
468
-2519
2269
-12240
180
-971
-3563
19260
-180
973
3637
-19692
432
-2339
-5255
28548
-252
1369
10837
-58968
324
-1763
-4355
23724
-324
1765
-9935
54216
-396
2161
-14219
77688
-468
2557
-5543
30312
-540
2953
8389
-45900
1296
-7091
1693
-9288
72
-395
-1691
9324
-72
397
8461
-46764
1296
-7163
7777
-43056
468
-2591
8677
-48096
396
-2195
-3491
19368
-396
2197
10873
-60372
324
-1799
-4391
24408
-324
1801
6589
-36684
252
-1403
-2699
15048
-252
1405
3709
-20700
432
-2411
4897
-27396
180
-1007
-6191
34704
-180
1009
3925
-22032
468
-2627
-14291
80280
-468
2629
8101
-45540
288
-1619
-5507
30996
-288
1621
12601
-70992
396
-2231
-21563
121608
-1296
7309
6733
-37980
504
-2843
-4139
23364
-504
2845
1909
-10800
108
-611
-3203
18180
-108
613
9757
-55476
576
-3275
13033
-74160
468
-2663
24229
-137952
1296
-7379
-37187
211788
-1296
7381
3349
-19080
360
-2051
-11123
63432
-360
2053
-6623
37872
-252
1441
4861
-27828
396
-2267
-12635
72396
-396
2269
-5687
32616
-540
3097
2125
-12204
144
-827
-4715
27144
-144
829
11773
-67896
468
-2699
-6587
38016
-468
2701
7057
-40752
324
-1871
-8351
48276
-324
1873
-4211
24372
-504
2917
4933
-28584
180
-1043
24373
-141480
1296
-7523
-37331
216756
-1296
7525
6733
-39096
936
-5435
21241
-123372
756
-4391
20197
-117360
576
-3347
-6191
36036
-396
2305
2557
-14904
216
-1259
-7739
45180
-216
1261
11809
-69012
468
-2735
-9215
53892
-468
2737
6661
-38988
252
-1475
-8135
47664
-504
2953
21493
-126000
792
-4643
8173
-47988
288
-1691
-5579
32796
-288
1693
3205
-18864
324
-1907
6013
-35460
360
-2123
21313
-125820
756
-4463
6229
-36792
396
-2339
-10115
59796
-396
2341
3853
-22788
432
-2555
-6659
39456
-468
2773
20269
-120312
576
-3419
-17675
104976
-576
3421
-4931
29304
-612
3637
217
-1296
36
-215
9973
-60444
576
-3491
-7379
44748
-576
3493
-5867
35604
-540
3277
15805
-96012
468
-2843
3925
-23868
432
-2627
8893
-54144
396
-2411
-12779
77868
-396
2413
-14975
91296
-756
4609
-11267
68760
-360
2197
3277
-20016
324
-1979
8245
-50472
288
-1763
-5651
34632
-288
1765
-5903
36216
-540
3313
-16523
101412
-792
4861
-20591
126396
-2088
12817
-22211
136368
-1296
7957
-5435
33408
-252
1549
13249
-81504
468
-2879
-10655
65592
-468
2881
2629
-16200
216
-1331
12817
-79200
396
-2447
-3743
23148
-396
2449
-7451
46116
-576
3565
-15047
93168
-756
4681
-3707
23004
-180
1117
7201
-44784
324
-2015
-8495
52884
-324
2017
15877
-98892
468
-2915
-10691
66636
-468
2917
2197
-13716
144
-899
-4787
29952
-144
901
6373
-39960
396
-2483
-14147
88776
-396
2485
5473
-34380
252
-1583
-2879
18108
-252
1585
6157
-38772
360
-2267
-9431
59508
-468
2953
-17891
112968
-576
3637
1981
-12528
108
-683
-3275
20772
-108
685
-17459
111024
-504
3205
-42551
270648
-1800
11449
7633
-48564
792
-5039
-6407
40788
-396
2521
8317
-52992
288
-1835
-5723
36504
-288
1837
8173
-52164
468
-2987
2449
-15660
180
-1151
-3743
23976
-180
1153
4069
-26100
432
-2771
-5507
35424
-252
1621
11161
-71892
324
-2087
-4679
30168
-324
2089
-10331
66708
-396
2557
-14687
94932
-468
3025
-6083
39348
-540
3493
9685
-62676
1296
-8387
1765
-11448
72
-467
-1763
11484
-72
469
9757
-63684
1296
-8459
8245
-53892
468
-3059
9073
-59364
396
-2591
-3887
25452
-396
2593
11197
-73368
324
-2123
-4715
30924
-324
2125
6841
-44928
252
-1655
-2951
19404
-252
1657
4141
-27252
432
-2843
5077
-33480
180
-1187
-6371
42084
-180
1189
4393
-29052
468
-3095
-14759
97668
-468
3097
8389
-55548
288
-1907
-5795
38412
-288
1909
12997
-86220
396
-2627
-22859
151776
-1296
8605
7237
-48060
504
-3347
-4643
30852
-504
3349
2017
-13428
108
-719
-3311
22104
-108
721
10333
-69084
576
-3851
13501
-90324
468
-3131
25525
-170856
1296
-8675
-38483
257652
-1296
8677
3709
-24840
360
-2411
-11483
76968
-360
2413
-6875
46188
-252
1693
5257
-35352
396
-2663
-13031
87696
-396
2665
-6227
41940
-540
3637
2269
-15300
144
-971
-4859
32832
-144
973
12241
-82836
468
-3167
-7055
47772
-468
3169
7381
-50004
324
-2195
-8675
58824
-324
2197
-4715
32004
-504
3421
5113
-34740
180
-1223
25669
-174672
1296
-8819
-38627
262908
-1296
8821
7669
-52200
936
-6371
21997
-149760
756
-5147
-6587
44928
-396
2701
2773
-18936
216
-1475
12277
-84024
468
-3203
-9683
66312
-468
3205
6913
-47376
252
-1727
-8639
59256
-504
3457
22285
-152928
792
-5435
8461
-58140
288
-1979
-5867
40356
-288
1981
3529
-24300
324
-2231
6373
-43956
360
-2483
22069
-152352
756
-5219
6625
-45756
396
-2735
-10511
72648
-396
2737
4285
-29628
432
-2987
-7127
49356
-468
3241
-18251
126648
-576
3997
-5543
38484
-612
4249
253
-1764
36
-251
10549
-74484
576
-4067
-7955
56196
-576
4069
-6407
45288
-540
3817
16273
-115128
468
-3311
4357
-30852
432
-3059
9289
-65844
396
-2807
-13175
93456
-396
2809
-15731
111636
-756
5365
-11627
82584
-360
2557
3601
-25596
324
-2303
8533
-60768
288
-2051
-5939
42336
-288
2053
-6443
45972
-540
3853
-17315
123588
-792
5653
-22679
161892
-2088
14905
-23507
167832
-1296
9253
-5687
40644
-252
1801
13717
-98100
468
-3347
-11123
79596
-468
3349
2845
-20376
216
-1547
13213
-94860
396
-2843
-4139
29736
-396
2845
-8027
57708
-576
4141
-15803
113652
-756
5437
-3887
28008
-180
1297
7525
-54324
324
-2339
-8819
63720
-324
2341
16345
-118152
468
-3383
-11159
80712
-468
3385
2341
-16956
144
-1043
-4931
35784
-144
1045
6769
-49212
396
-2879
5725
-41688
252
-1835
-3131
22824
-252
1837
6517
-47556
360
-2627
-9899
72360
-468
3421
-18467
135072
-576
4213
2089
-15300
108
-791
-3383
24840
-108
793
-17963
132192
-504
3709
-44351
326448
-1800
13249
8425
-62028
792
-5831
-6803
50112
-396
2917
8605
-63432
288
-2123
-6011
44352
-288
2125
8641
-63792
468
-3455
2629
-19440
180
-1331
-3923
29052
-180
1333
4501
-33372
432
-3203
-5759
42804
-252
1873
11485
-85464
324
-2411
-5003
37260
-324
2413
-10727
79992
-396
2953
-15155
113112
-468
3493
-6623
49464
-540
4033
10981
-82044
1296
-9683
1837
-13752
72
-539
-1835
13788
-72
541
11053
-83196
1296
-9755
8713
-65664
468
-3527
9469
-71424
396
-2987
-4283
32328
-396
2989
11521
-87012
324
-2447
-5039
38088
-324
2449
7093
-53676
252
-1907
-3203
24264
-252
1909
4573
-34668
432
-3275
5257
-39924
180
-1367
4861
-37008
468
-3563
-15227
115992
-468
3565
8677
-66132
288
-2195
-6083
46404
-288
2197
13393
-102240
396
-3023
-24155
184536
-1296
9901
7741
-59148
504
-3851
-5147
39348
-504
3853
2125
-16272
108
-827
-3419
26244
-108
829
10909
-83844
576
-4427
13969
-107424
468
-3599
26821
-206352
1296
-9971
-39779
306108
-1296
9973
4069
-31320
360
-2771
-11843
91224
-360
2773
-7127
55008
-252
1945
5653
-43668
396
-3059
-13427
103788
-396
3061
-6767
52344
-540
4177
2413
-18684
144
-1115
-5003
38808
-144
1117
12709
-98712
468
-3635
-7523
58464
-468
3637
7705
-59904
324
-2519
-8999
70020
-324
2521
-5219
40644
-504
3925
5293
-41256
180
-1403
26965
-210456
1296
-10115
-39923
311652
-1296
10117
8605
-67176
936
-7307
22753
-177660
756
-5903
-6983
54612
-396
3097
2989
-23400
216
-1691
12745
-99972
468
-3671
-10151
79668
-468
3673
7165
-56268
252
-1979
-9143
71856
-504
3961
23077
-181440
792
-6227
8749
-68868
288
-2267
-6155
48492
-288
2269
3853
-30384
324
-2555
6733
-53172
360
-2843
22825
-180396
756
-5975
7021
-55512
396
-3131
-10907
86292
-396
3133
4717
-37332
432
-3419
-7595
60192
-468
3709
-18827
149472
-576
4573
-6155
48888
-612
4861
289
-2304
36
-287
11125
-89676
576
-4643
-8531
68796
-576
4645
-6947
56052
-540
4357
16741
-135180
468
-3779
4789
-38700
432
-3491
9685
-78336
396
-3203
-13571
109836
-396
3205
-16487
133488
-756
6121
-11987
97128
-360
2917
3925
-31824
324
-2627
8821
-71640
288
-2339
-6227
50616
-288
2341
-6983
56808
-540
4393
-18107
147348
-792
6445
-24767
201564
-2088
16993
-24803
201888
-1296
10549
-5939
48384
-252
2053
14185
-115632
468
-3815
-11591
94536
-468
3817
3061
-24984
216
-1763
13609
-111312
396
-3239
-4535
37116
-396
3241
-8603
70452
-576
4717
-16559
135648
-756
6193
-4067
33372
-180
1477
7849
-64512
324
-2663
-9143
75204
-324
2665
16813
-138348
468
-3851
-11627
95724
-468
3853
2485
-20484
144
-1187
-5075
41904
-144
1189
7165
-59256
396
-3275
5977
-49500
252
-2087
-3383
28044
-252
2089
6877
-57060
360
-2987
-10367
86148
-468
3889
-19043
158328
-576
4789
2197
-18288
108
-899
-3491
29124
-108
901
-7199
60228
-396
3313
8893
-74448
288
-2411
-6299
52776
-288
2413
9109
-76356
468
-3923
2809
-23580
180
-1511
-4103
34488
-180
1513
4933
-41508
432
-3635
-6011
50688
-252
2125
-5327
45000
-324
2737
-11123
94068
-396
3349
-15623
132228
-468
3961
-7163
60660
-540
4573
12277
-104004
1296
-10979
1909
-16200
72
-611
-1907
16236
-72
613
12349
-105300
1296
-11051
9181
-78372
468
-3995
9865
-84276
396
-3383
-4679
39996
-396
3385
-5363
45900
-324
2773
7345
-62928
252
-2159
-3455
29628
-252
2161
5005
-42948
432
-3707
5437
-46728
180
-1547
5329
-45900
468
-4031
-15695
135252
-468
4033
8965
-77292
288
-2483
-6371
54972
-288
2485
13789
-119052
396
-3419
-25451
219888
-1296
11197
8245
-71244
504
-4355
-5651
48852
-504
4357
2233
-19332
108
-935
-3527
30600
-108
937
11485
-99756
576
-5003
14437
-125460
468
-4067
28117
-244440
1296
-11267
-41075
357156
-1296
11269
4429
-38520
360
-3131
-12203
106200
-360
3133
-7379
64332
-252
2197
6049
-52776
396
-3455
-13823
120672
-396
3457
-7307
63828
-540
4717
2557
-22356
144
-1259
-5147
45072
-144
1261
13177
-115524
468
-4103
-7991
70092
-468
4105
8029
-70452
324
-2843
-9323
81864
-324
2845
-5723
50292
-504
4429
5473
-48132
180
-1583
28261
-248832
1296
-11411
-41219
362988
-1296
11413
9541
-84024
936
-8243
23509
-207072
756
-6659
-7379
65088
-396
3493
3205
-28296
216
-1907
13213
-116856
468
-4139
-10619
93960
-468
4141
7417
-65664
252
-2231
-9647
85464
-504
4465
23869
-211536
792
-7019
9037
-80172
288
-2555
-6443
57204
-288
2557
4177
-37116
324
-2879
7093
-63108
360
-3203
23581
-209952
756
-6731
7417
-66060
396
-3527
-11303
100728
-396
3529
5149
-45900
432
-3851
-8063
71964
-468
4177
-19403
173448
-576
5149
-6767
60516
-612
5473
325
-2916
36
-323
11701
-106020
576
-5219
-9107
82548
-576
5221
-7487
67896
-540
4897
5221
-47412
432
-3923
10081
-91620
396
-3599
-13967
127008
-396
3601
-17243
156852
-756
6877
-12347
112392
-360
3277
4249
-38700
324
-2951
9109
-83088
288
-2627
-6515
59472
-288
2629
-7523
68724
-540
4933
-18899
172692
-792
7237
-26855
245412
-2088
19081
-26099
238536
-1296
11845
-6191
56628
-252
2305
14653
-134100
468
-4283
-12059
110412
-468
4285
3277
-30024
216
-1979
14005
-128556
396
-3635
-4931
45288
-396
3637
-9179
84348
-576
5293
-17315
159156
-756
6949
-4247
39096
-180
1657
8173
-75348
324
-2987
-9467
87336
-324
2989
-12095
111672
-468
4321
2629
-24300
144
-1331
7561
-70092
396
-3671
6229
-57816
252
-2339
-3635
33768
-252
2341
7237
-67284
360
-3347
-10835
100872
-468
4357
-19619
182736
-576
5365
2305
-21492
108
-1007
-3599
33624
-108
1009
-7595
71136
-396
3709
9181
-86040
288
-2699
-6587
61776
-288
2701
9577
-89856
468
-4391
2989
-28080
180
-1691
-4283
40284
-180
1693
5365
-50508
432
-4067
-6263
59076
-252
2377
-5651
53388
-324
3061
-11519
108936
-396
3745
-16091
152280
-468
4429
-7703
72936
-540
5113
13573
-128556
1296
-12275
1981
-18792
72
-683
-1979
18828
-72
685
13645
-129996
1296
-12347
9649
-92016
468
-4463
10261
-97920
396
-3779
-5075
48456
-396
3781
-5687
54360
-324
3097
7597
-72684
252
-2411
-3707
35496
-252
2413
5437
-52092
432
-4139
5617
-53892
180
-1727
5797
-55728
468
-4499
-16163
155448
-468
4501
9253
-89028
288
-2771
-6659
64116
-288
2773
14185
-136656
396
-3815
-26747
257832
-1296
12493
8749
-84348
504
-4859
-6155
59364
-504
4861
2341
-22608
108
-1043
-3635
35172
-108
1045
12061
-116820
576
-5579
14905
-144432
468
-4535
29413
-285120
1296
-12563
4789
-46440
360
-3491
-12563
121896
-360
3493
-7631
74160
-252
2449
6445
-62676
396
-3851
-14219
138348
-396
3853
-7847
76392
-540
5257
2701
-26316
144
-1403
13645
-133272
468
-4571
-8459
82656
-468
4573
8353
-81648
324
-3167
-9647
94356
-324
3169
-6227
60948
-504
4933
5653
-55368
180
-1763
29557
-289800
1296
-12707
-42515
416916
-1296
12709
10477
-102744
936
-9179
24265
-237996
756
-7415
-7775
76356
-396
3889
3421
-33624
216
-2123
13681
-134676
468
-4607
-11087
109188
-468
4609
7669
-75564
252
-2483
-10151
100080
-504
4969
24661
-243216
792
-7811
9325
-92052
288
-2843
-6731
66492
-288
2845
4501
-44496
324
-3203
7453
-73764
360
-3563
24337
-241020
756
-7487
7813
-77400
396
-3923
-11699
115956
-396
3925
5581
-55332
432
-4283
-8531
84672
-468
4645
-19979
198576
-576
5725
-7379
73368
-612
6085
361
-3600
36
-359
12277
-123516
576
-5795
-9683
97452
-576
5797
-8027
80820
-540
5437
5653
-56988
432
-4355
10477
-105696
396
-3995
-17999
181728
-756
7633
-12707
128376
-360
3637
4573
-46224
324
-3275
9397
-95112
288
-2915
-6803
68904
-288
2917
-8063
81720
-540
5473
-19691
199620
-792
8029
-28943
293436
-2088
21169
-27395
277776
-1296
13141
-6443
65376
-252
2557
15121
-153504
468
-4751
-12527
127224
-468
4753
3493
-35496
216
-2195
-5327
54252
-396
4033
-9755
99396
-576
5869
-18071
184176
-756
7705
-4427
45180
-180
1837
8497
-86832
324
-3311
-9791
100116
-324
3313
-12563
128556
-468
4789
2773
-28404
144
-1475
7957
-81720
396
-4067
6481
-66636
252
-2591
-3887
39996
-252
2593
7597
-78228
360
-3707
-11303
116532
-468
4825
-20195
208296
-576
5941
2413
-24912
108
-1115
-3707
38340
-108
1117
-7991
82836
-396
4105
9469
-98208
288
-2987
-6875
71352
-288
2989
10045
-104292
468
-4859
3169
-32940
180
-1871
-4463
46440
-180
1873
5797
-60372
432
-4499
-6515
67968
-252
2629
-5975
62424
-324
3385
-11915
124596
-396
4141
-16559
173268
-468
4897
-8243
86292
-540
5653
14869
-155700
1296
-13571
2053
-21528
72
-755
-2051
21564
-72
757
14941
-157284
1296
-13643
10117
-106596
468
-4931
10657
-112356
396
-4175
-5471
57708
-396
4177
-6011
63468
-324
3421
7849
-82944
252
-2663
-3959
41868
-252
2665
5869
-62100
432
-4571
5797
-61416
180
-1907
6265
-66492
468
-4967
-16631
176580
-468
4969
9541
-101340
288
-3059
-6947
73836
-288
3061
-28043
298368
-1296
13789
9253
-98460
504
-5363
-6659
70884
-504
5365
2449
-26100
108
-1151
-3743
39960
-108
1153
12637
-135036
576
-6155
15373
-164340
468
-5003
30709
-328392
1296
-13859
5149
-55080
360
-3851
-12923
138312
-360
3853
-7883
84492
-252
2701
6841
-73368
396
-4247
-8387
90036
-540
5797
2845
-30564
144
-1547
14113
-151956
468
-5039
-8927
96156
-468
5041
8677
-93492
324
-3491
-9971
107496
-324
3493
-6731
72612
-504
5437
5833
-62964
180
-1943
30853
-333360
1296
-14003
-43811
473436
-1296
14005
11413
-123336
936
-10115
25021
-270432
756
-8171
-8171
88416
-396
4285
3637
-39384
216
-2339
14149
-153432
468
-5075
-11555
125352
-468
5077
7921
-85968
252
-2735
-10655
115704
-504
5473
25453
-276480
792
-8603
9613
-104508
288
-3131
-7019
76356
-288
3133
4825
-52524
324
-3527
7813
-85140
360
-3923
25093
-273600
756
-8243
8209
-89532
396
-4319
-12095
131976
-396
4321
6013
-65628
432
-4715
-8999
98316
-468
5113
-20555
224856
-576
6301
-7991
87444
-612
6697
397
-4356
36
-395
12853
-142164
576
-6371
-10259
113508
-576
6373
-8567
94824
-540
5977
6085
-67428
432
-4787
10873
-120564
396
-4391
-18755
208116
-756
8389
4897
-54396
324
-3599
9685
-107712
288
-3203
-7091
78912
-288
3205
-8603
95796
-540
6013
-20483
228132
-792
8821
-6695
74628
-252
2809
15589
-173844
468
-5219
-12995
144972
-468
5221
3709
-41400
216
-2411
-5723
64008
-396
4429
-10331
115596
-576
6445
-18827
210708
-756
8461
-4607
51624
-180
2017
8821
-98964
324
-3635
-10115
113544
-324
3637
-13031
146376
-468
5257
2917
-32796
144
-1619
8353
-94140
396
-4463
6733
-75960
252
-2843
-4139
46728
-252
2845
7957
-89892
360
-4067
-11771
133128
-468
5293
2521
-28548
108
-1223
-3815
43272
-108
1225
-8387
95328
-396
4501
9757
-110952
288
-3275
-7163
81504
-288
3277
10513
-119664
468
-5327
3349
-38160
180
-2051
-4643
52956
-180
2053
6229
-71100
432
-4931
-6767
77364
-252
2881
-6299
72108
-324
3709
-12311
141048
-396
4537
-8783
100728
-540
6193
16165
-185436
1296
-14867
2125
-24408
72
-827
-2123
24444
-72
829
16237
-187164
1296
-14939
10585
-122112
468
-5399
11053
-127584
396
-4571
-5867
67752
-396
4573
-6335
73224
-324
3745
8101
-93708
252
-2915
-4211
48744
-252
2917
6301
-72972
432
-5003
5977
-69300
180
-2087
6733
-78192
468
-5435
9829
-114228
288
-3347
-7235
84132
-288
3349
-29339
341496
-1296
15085
9757
-113580
504
-5867
-7163
83412
-504
5869
2557
-29808
108
-1259
-3851
44964
-108
1261
13213
-154404
576
-6731
15841
-185184
468
-5471
32005
-374256
1296
-15155
5509
-64440
360
-4211
-8135
95328
-252
2953
7237
-84852
396
-4643
-8927
104760
-540
6337
2989
-35100
144
-1691
14581
-171576
468
-5507
-9395
110592
-468
5509
9001
-105984
324
-3815
-10295
121284
-324
3817
-7235
85284
-504
5941
6013
-70920
180
-2123
32149
-379512
1296
-15299
12349
-145800
936
-11051
25777
-304380
756
-8927
-8567
101268
-396
4681
3853
-45576
216
-2555
14617
-173124
468
-5543
-12023
142452
-468
5545
8173
-96876
252
-2987
26245
-311328
792
-9395
9901
-117540
288
-3419
-7307
86796
-288
3421
5149
-61200
324
-3851
8173
-97236
360
-4283
25849
-307692
756
-8999
8605
-102456
396
-4715
-12491
148788
-396
4717
6445
-76788
432
-5147
-9467
112896
-468
5581
-8603
102744
-612
7309
433
-5184
36
-431
13429
-161964
576
-6947
-10835
130716
-576
6949
-9107
109908
-540
6517
6517
-78732
432
-5219
11269
-136224
396
-4787
-19511
236016
-756
9145
5221
-63216
324
-3923
9973
-120888
288
-3491
-7379
89496
-288
3493
-9143
110952
-540
6553
-21275
258228
-792
9613
-6947
84384
-252
3061
16057
-195120
468
-5687
-13463
163656
-468
5689
3925
-47736
216
-2627
-6119
74556
-396
4825
-10907
132948
-576
7021
-19583
238752
-756
9217
-4787
58428
-180
2197
9145
-111744
324
-3959
-10439
127620
-324
3961
-13499
165132
-468
5725
3061
-37476
144
-1763
8749
-107352
396
-4859
6985
-85788
252
-3095
-4391
53964
-252
3097
8317
-102276
360
-4427
-12239
150660
-468
5761
2629
-32400
108
-1331
-8783
108612
-396
4897
10045
-124272
288
-3563
-7451
92232
-288
3565
10981
-135972
468
-5795
3529
-43740
180
-2231
-4823
59832
-180
2233
6661
-82692
432
-5363
-7019
87264
-252
3133
-6623
82440
-324
4033
-12707
158292
-396
4933
-9323
116244
-540
6733
17461
-217764
1296
-16163
2197
-27432
72
-899
-2195
27468
-72
901
17533
-219636
1296
-16235
11053
-138564
468
-5867
11449
-143604
396
-4967
-6263
78588
-396
4969
-6659
83628
-324
4069
8353
-104976
252
-3167
-4463
56124
-252
3169
6733
-84708
432
-5435
6157
-77544
180
-2267
7201
-90828
468
-5903
10117
-127692
288
-3635
-7523
95004
-288
3637
-30635
387216
-1296
16381
10261
-129708
504
-6371
-7667
96948
-504
6373
2665
-33732
108
-1367
13789
-174924
576
-7307
16309
-206964
468
-5939
33301
-422712
1296
-16451
5869
-74520
360
-4571
-8387
106668
-252
3205
7633
-97128
396
-5039
-9467
120564
-540
6877
3133
-39924
144
-1835
15049
-192132
468
-5975
-9863
125964
-468
5977
9325
-119124
324
-4139
-10619
135720
-324
4141
-7739
98964
-504
6445
6193
-79236
180
-2303
33445
-428256
1296
-16595
13285
-170136
936
-11987
26533
-339840
756
-9683
-8963
114912
-396
5077
4069
-52200
216
-2771
15085
-193752
468
-6011
-12491
160488
-468
6013
8425
-108288
252
-3239
27037
-347760
792
-10187
10189
-131148
288
-3707
-7595
97812
-288
3709
5473
-70524
324
-4175
8533
-110052
360
-4643
26605
-343296
756
-9755
9001
-116172
396
-5111
-12887
166392
-396
5113
6877
-88812
432
-5579
-9935
128412
-468
6049
-9215
119268
-612
7921
469
-6084
36
-467
14005
-182916
576
-7523
-11411
149076
-576
7525
-9647
126072
-540
7057
6949
-90900
432
-5651
11665
-152676
396
-5183
-20267
265428
-756
9901
5545
-72684
324
-4247
10261
-134640
288
-3779
-7667
100656
-288
3781
-9683
127188
-540
7093
-22067
289908
-792
10405
-7199
94644
-252
3313
16525
-217332
468
-6155
-13931
183276
-468
6157
4141
-54504
216
-2843
-6515
85896
-396
5221
-11483
151452
-576
7597
-20339
268308
-756
9973
-4967
65592
-180
2377
9469
-125172
324
-4283
-10763
142344
-324
4285
-13967
184824
-468
6193
3205
-42444
144
-1907
9145
-121356
396
-5255
7237
-96120
252
-3347
-4643
61704
-252
3349
8677
-115380
360
-4787
-12707
169128
-468
6229
2737
-36468
108
-1439
-9179
122688
-396
5293
10333
-138168
288
-3851
-7739
103536
-288
3853
11449
-153216
468
-6263
3709
-49680
180
-2411
-5003
67068
-180
2413
7093
-95148
432
-5795
-7271
97668
-252
3385
-6947
93420
-324
4357
-13103
176328
-396
5329
-9863
132840
-540
7273
18757
-252684
1296
-17459
2269
-30600
72
-971
-2267
30636
-72
973
18829
-254700
1296
-17531
11521
-155952
468
-6335
11845
-160416
396
-5363
-6659
90216
-396
5365
-6983
94680
-324
4393
8605
-116748
252
-3419
-4715
64008
-252
3421
7165
-97308
432
-5867
6337
-86148
180
-2447
7669
-104400
468
-6371
-7811
106452
-288
3925
-31931
435528
-1296
17677
10765
-146844
504
-6875
-8171
111492
-504
6877
2773
-37872
108
-1475
14365
-196596
576
-7883
16777
-229680
468
-6407
34597
-473760
1296
-17747
6229
-85320
360
-4931
-8639
118512
-252
3457
8029
-110196
396
-5435
-10007
137448
-540
7417
3277
-45036
144
-1979
15517
-213624
468
-6443
-10331
142272
-468
6445
9649
-132912
324
-4463
-10943
150804
-324
4465
-8243
113652
-504
6949
6373
-87912
180
-2483
34741
-479592
1296
-17891
14221
-196344
936
-12923
-9359
129348
-396
5473
4285
-59256
216
-2987
15553
-215316
468
-6479
-12959
179460
-468
6481
8677
-120204
252
-3491
27829
-385776
792
-10979
-7883
109404
-288
3997
5797
-80496
324
-4499
8893
-123588
360
-5003
9397
-130680
396
-5507
-13283
184788
-396
5509
7309
-101700
432
-6011
-10403
144864
-468
6517
-9827
137016
-612
8533
505
-7056
36
-503
14581
-205020
576
-8099
-11987
168588
-576
8101
-10187
143316
-540
7597
7381
-103932
432
-6083
12061
-169920
396
-5579
-21023
296352
-756
10657
5869
-82800
324
-4571
-7955
112392
-288
4069
-10223
144504
-540
7633
-22859
323172
-792
11197
-7451
105408
-252
3565
-14399
203832
-468
6625
4357
-61704
216
-3059
-6911
98028
-396
5617
-12059
171108
-576
8173
-21095
299376
-756
10729
-5147
73116
-180
2557
9793
-139248
324
-4607
-11087
157716
-324
4609
-14435
205452
-468
6661
3349
-47700
144
-2051
9541
-136152
396
-5651
7489
-106956
252
-3599
-4895
69948
-252
3601
9037
-129204
360
-5147
-13175
188532
-468
6697
2845
-40752
108
-1547
-9575
137556
-396
5689
-8027
115416
-288
4141
11917
-171396
468
-6731
3889
-55980
180
-2591
-5183
74664
-180
2593
7525
-108468
432
-6227
-7523
108576
-252
3637
-7271
105048
-324
4681
-13499
195156
-396
5725
-10403
150516
-540
7813
20053
-290196
1296
-18755
2341
-33912
72
-1043
-2339
33948
-72
1045
20125
-292356
1296
-18827
11989
-174276
468
-6803
12241
-178020
396
-5759
-7055
102636
-396
5761
-7307
106380
-324
4717
8857
-129024
252
-3671
-4967
72396
-252
3673
7597
-110772
432
-6299
8137
-118908
468
-6839
-8099
118476
-288
4213
-33227
486432
-1296
18973
11269
-164988
504
-7379
-8675
127044
-504
7381
2881
-42228
108
-1583
14941
-219420
576
-8459
35893
-527400
1296
-19043
6589
-96840
360
-5291
-8891
130860
-252
3709
8425
-124056
396
-5831
-10547
155412
-540
7957
3421
-50436
144
-2123
15985
-236052
468
-6911
-10799
159516
-468
6913
9973
-147348
324
-4787
-11267
166536
-324
4789
-8747
129348
-504
7453
36037
-533520
1296
-19187
15157
-224424
936
-13859
-9755
144576
-396
5869
4501
-66744
216
-3203
16021
-237816
468
-6947
-13427
199368
-468
6949
8929
-132624
252
-3743
-8171
121572
-288
4285
6121
-91116
324
-4823
9253
-137844
360
-5363
9793
-145980
396
-5903
-13679
203976
-396
5905
7741
-115452
432
-6443
-10871
162252
-468
6985
-10439
155988
-612
9145
541
-8100
36
-539
15157
-228276
576
-8675
-12563
189252
-576
8677
-10727
161640
-540
8137
7813
-117828
432
-6515
12457
-187956
396
-5975
-21779
328788
-756
11413
6193
-93564
324
-4895
-8243
124704
-288
4357
-10763
162900
-540
8173
-23651
358020
-792
11989
-7703
116676
-252
3817
-14867
225324
-468
7093
4573
-69336
216
-3275
-7307
110952
-396
6013
-12635
191916
-576
8749
-21851
331956
-756
11485
-5327
81000
-180
2737
10117
-153972
324
-4931
-11411
173736
-324
4933
-14903
227016
-468
7129
3493
-53244
144
-2195
9937
-151740
396
-6047
7741
-118296
252
-3851
-5147
78696
-252
3853
9397
-143748
360
-5507
-13643
208872
-468
7165
2953
-45252
108
-1655
-9971
153216
-396
6085
-8315
127872
-288
4429
12385
-190512
468
-7199
4069
-62640
180
-2771
-5363
82620
-180
2773
7957
-122652
432
-6659
-7775
119988
-252
3889
-7595
117324
-324
5005
-13895
214776
-396
6121
-10943
169272
-540
8353
21349
-330300
1296
-20051
2413
-37368
72
-1115
-2411
37404
-72
1117
21421
-332604
1296
-20123
12457
-193536
468
-7271
12637
-196416
396
-6155
-7451
115848
-396
6157
-7631
118728
-324
5041
-5219
81288
-252
3925
8029
-125100
432
-6731
8605
-134352
468
-7307
-8387
131076
-288
4501
-34523
539928
-1296
20269
11773
-184140
504
-7883
-9179
143604
-504
7885
2989
-46800
108
-1691
15517
-243396
576
-9035
37189
-583632
1296
-20339
6949
-109080
360
-5651
8821
-138708
396
-6227
-11087
174456
-540
8497
3565
-56124
144
-2267
16453
-259416
468
-7379
-11267
177696
-468
7381
10297
-162432
324
-5111
-11591
182916
-324
5113
-9251
146052
-504
7957
37333
-590040
1296
-20483
16093
-254376
936
-14795
-10151
160596
-396
6265
4717
-74664
216
-3419
16489
-261252
468
-7415
-13895
220212
-468
7417
-8459
134316
-288
4573
6445
-102384
324
-5147
9613
-152820
360
-5723
10189
-162072
396
-6299
-14075
223956
-396
6301
8173
-130068
432
-6875
-11339
180576
-468
7453
-11051
176184
-612
9757
577
-9216
36
-575
15733
-252684
576
-9251
-13139
211068
-576
9253
-11267
181044
-540
8677
8245
-132588
432
-6947
12853
-206784
396
-6371
-22535
362736
-756
12169
6517
-104976
324
-5219
-8531
137592
-288
4645
-11303
182376
-540
8713
-24443
394452
-792
12781
-7955
128448
-252
4069
-15335
247752
-468
7561
4789
-77400
216
-3491
-7703
124668
-396
6409
-13211
213876
-576
9325
-22607
366048
-756
12241
-5507
89244
-180
2917
10441
-169344
324
-5255
-15371
249516
-468
7597
3637
-59076
144
-2339
10333
-168120
396
-6443
7993
-130140
252
-4103
-5399
87948
-252
4105
9757
-159012
360
-5867
-14111
230148
-468
7633
3061
-49968
108
-1763
-10367
169668
-396
6481
-8603
140904
-288
4717
12853
-210564
468
-7667
4249
-69660
180
-2951
-5543
90936
-180
2953
8389
-137700
432
-7091
-8027
131904
-252
4141
-7919
130248
-324
5329
-11483
189108
-540
8893
22645
-372996
1296
-21347
2485
-40968
72
-1187
-2483
41004
-72
1189
22717
-375444
1296
-21419
12925
-213732
468
-7739
13033
-215604
396
-6551
-7847
129852
-396
6553
-7955
131724
-324
5365
-5471
90684
-252
4177
8461
-140292
432
-7163
9073
-150732
468
-7775
-8675
144252
-288
4789
-35819
596016
-1296
21565
12277
-204300
504
-8387
-9683
161172
-504
8389
3097
-51588
108
-1799
16093
-268524
576
-9611
38485
-642456
1296
-21635
7309
-122040
360
-6011
9217
-154152
396
-6623
-11627
194580
-540
9037
3709
-62100
144
-2411
-11735
196812
-468
7849
10621
-178164
324
-5435
-9755
163764
-504
8461
38629
-649152
1296
-21779
17029
-286200
936
-15731
-10547
177408
-396
6661
4933
-83016
216
-3635
-14363
241992
-468
7885
-8747
147636
-288
4861
6769
-114300
324
-5471
9973
-168516
360
-6083
10585
-178956
396
-6695
8605
-145548
432
-7307
-11807
199836
-468
7921
-11663
197604
-612
10369
613
-10404
36
-611
16309
-278244
576
-9827
-13715
234036
-576
9829
-11807
201528
-540
9217
8677
-148212
432
-7379
13249
-226404
396
-6767
-23291
398196
-756
12925
6841
-117036
324
-5543
-8819
151056
-288
4933
-11843
202932
-540
9253
-25235
432468
-792
13573
-8207
140724
-252
4321
-15803
271116
-468
8029
5005
-85896
216
-3707
-8099
139176
-396
6805
-13787
236988
-576
9901
-23363
401652
-756
12997
-5687
97848
-180
3097
10765
-185364
324
-5579
-15839
272952
-468
8065
3781
-65196
144
-2483
10729
-185292
396
-6839
8245
-142488
252
-4355
-5651
97704
-252
4357
10117
-174996
360
-6227
-14579
252360
-468
8101
3169
-54900
108
-1871
-10763
186912
-396
6877
-8891
154512
-288
5005
13321
-231552
468
-8135
4429
-77040
180
-3131
-5723
99612
-180
3133
8821
-153612
432
-7523
-8279
144324
-252
4393
-8243
143820
-324
5653
-12023
210024
-540
9433
2557
-44712
72
-1259
-2555
44748
-72
1261
13393
-234864
468
-8207
13429
-235584
396
-6947
-8243
144648
-396
6949
-8279
145368
-324
5689
-5723
100584
-252
4429
8893
-156348
432
-7595
9541
-168048
468
-8243
-8963
158004
-288
5077
12781
-225468
504
-8891
-10187
179748
-504
8893
3205
-56592
108
-1907
16669
-294804
576
-10187
39781
-703872
1296
-22931
7669
-135720
360
-6371
9613
-170388
396
-7019
-12167
215784
-540
9577
3853
-68364
144
-2555
-12203
216864
-468
8317
10945
-194544
324
-5759
-10259
182484
-504
8965
39925
-710856
1296
-23075
17965
-319896
936
-16667
-10943
195012
-396
7057
5149
-91800
216
-3851
-14831
264708
-468
8353
-9035
161532
-288
5149
7093
-126864
324
-5795
10333
-184932
360
-6443
10981
-196632
396
-7091
9037
-161892
432
-7739
-12275
220032
-468
8389
-12275
220248
-612
10981
649
-11664
36
-647
16885
-304956
576
-10403
-14291
258156
-576
10405
-12347
223092
-540
9757
9109
-164700
432
-7811
13645
-246816
396
-7163
-24047
435168
-756
13681
7165
-129744
324
-5867
-9107
165096
-288
5221
-12383
224568
-540
9793
-26027
472068
-792
14365
-8459
153504
-252
4573
-16271
295416
-468
8497
5221
-94824
216
-3923
-8495
154476
-396
7201
-14363
261252
-576
10477
-24119
438768
-756
13753
-5867
106812
-180
3277
11089
-202032
324
-5903
-16307
297324
-468
8533
3925
-71604
144
-2627
11125
-203256
396
-7235
8497
-155340
252
-4607
-5903
107964
-252
4609
10477
-191700
360
-6587
-15047
275508
-468
8569
3277
-60048
108
-1979
-11159
204948
-396
7273
-9179
168696
-288
5293
13789
-253476
468
-8603
4609
-84780
180
-3311
-5903
108648
-180
3313
9253
-170388
432
-7955
-8531
157248
-252
4645
-8567
158040
-324
5977
-12563
232020
-540
9973
13861
-256932
468
-8675
13825
-256356
396
-7343
-8639
160236
-396
7345
-8603
159660
-324
6013
-5975
110988
-252
4681
9325
-173268
432
-8027
10009
-186300
468
-8711
-9251
172332
-288
5365
13285
-247644
504
-9395
-10691
199332
-504
9397
3313
-61812
108
-2015
17245
-322236
576
-10763
41077
-767880
1296
-24227
8029
-150120
360
-6731
10009
-187416
396
-7415
-12707
238068
-540
10117
3997
-74916
144
-2699
-12671
237852
-468
8785
11269
-211572
324
-6083
-10763
202212
-504
9469
41221
-775152
1296
-24371
18901
-355464
936
-17603
-11339
213408
-396
7453
5365
-101016
216
-4067
-15299
288360
-468
8821
-9323
176004
-288
5437
7417
-140076
324
-6119
10693
-202068
360
-6803
11377
-215100
396
-7487
9469
-179100
432
-8171
-12743
241164
-468
8857
-12887
244116
-612
11593
685
-12996
36
-683
17461
-332820
576
-10979
-14867
283428
-576
10981
-12887
245736
-540
10297
9541
-182052
432
-8243
14041
-268020
396
-7559
-24803
473652
-756
14437
7489
-143100
324
-6191
-9395
179712
-288
5509
-12923
247284
-540
10333
-26819
513252
-792
15157
-8711
166788
-252
4825
-16739
320652
-468
8965
5437
-104184
216
-4139
-8891
170568
-396
7597
-14939
286668
-576
11053
-24875
477396
-756
14509
-6047
116136
-180
3457
11413
-219348
324
-6227
-16775
322632
-468
9001
4069
-78300
144
-2771
11521
-222012
396
-7631
8749
-168696
252
-4859
-6155
118728
-252
4861
10837
-209124
360
-6947
-15515
299592
-468
9037
3385
-65412
108
-2087
-11555
223776
-396
7669
-9467
183456
-288
5581
14257
-276336
468
-9071
4789
-92880
180
-3491
-6083
118044
-180
3493
9685
-188028
432
-8387
-8783
170676
-252
4897
-8891
172908
-324
6301
-13103
255096
-540
10513
14329
-279936
468
-9143
14221
-277920
396
-7739
-9035
176616
-396
7741
-8927
174600
-324
6337
-6227
121896
-252
4933
9757
-191052
432
-8459
10477
-205488
468
-9179
-9539
187236
-288
5653
13789
-270828
504
-9899
-11195
219924
-504
9901
3421
-67248
108
-2123
17821
-350820
576
-11339
8389
-165240
360
-7091
10405
-205236
396
-7811
-13247
261432
-540
10657
4141
-81756
144
-2843
-13139
259776
-468
9253
11593
-229248
324
-6407
-11267
222948
-504
9973
42517
-842040
1296
-25667
19837
-392904
936
-18539
-11735
232596
-396
7849
5581
-110664
216
-4283
-15767
312948
-468
9289
-9611
191052
-288
5725
7741
-153936
324
-6443
11053
-219924
360
-7163
11773
-234360
396
-7883
9901
-197172
432
-8603
-13211
263232
-468
9325
-13499
269208
-612
12205
721
-14400
36
-719
18037
-361836
576
-11555
-15443
309852
-576
11557
-13427
269460
-540
10837
9973
-200268
432
-8675
-25559
513648
-756
15193
7813
-157104
324
-6515
-9683
194904
-288
5797
-13463
271080
-540
10873
-27611
556020
-792
15949
-8963
180576
-252
5077
5653
-113976
216
-4355
-9287
187452
-396
7993
-15515
313236
-576
11629
-25631
517536
-756
15265
-6227
125820
-180
3637
4213
-85284
144
-2915
11917
-241560
396
-8027
9001
-182556
252
-5111
-6407
129996
-252
5113
11197
-227268
360
-7307
-15983
324612
-468
9505
3493
-70992
108
-2195
-11951
243396
-396
8065
-9755
198792
-288
5869
14725
-300132
468
-9539
4969
-101340
180
-3671
-6263
127800
-180
3673
10117
-206532
432
-8819
-9035
184608
-252
5149
-9215
188424
-324
6625
-13643
279252
-540
11053
14797
-303876
468
-9611
-9431
193788
-396
8137
-9251
190188
-324
6661
-6479
133308
-252
5185
10189
-209700
432
-8891
10945
-225612
468
-9647
-9827
202716
-288
5941
14293
-295020
504
-10403
-11699
241524
-504
10405
3529
-72900
108
-2231
18397
-380556
576
-11915
8749
-181080
360
-7451
10801
-223848
396
-8207
-13787
285876
-540
11197
4285
-88884
144
-2987
-13607
282636
-468
9721
-11771
244692
-504
10477
43813
-911520
1296
-26963
20773
-432216
936
-19475
-12131
252576
-396
8245
5797
-120744
216
-4499
-16235
338472
-468
9757
-9899
206676
-288
6013
8065
-168444
324
-6767
11413
-238500
360
-7523
12169
-254412
396
-8279
10333
-216108
432
-9035
-13679
286236
-468
9793
-14111
295524
-612
12817
757
-15876
36
-755
18613
-392004
576
-12131
-16019
337428
-576
12133
-13967
294264
-540
11377
10405
-219348
432
-9107
-26315
555156
-756
15949
8137
-171756
324
-6839
-9971
210672
-288
6085
-14003
295956
-540
11413
-28403
600372
-792
16741
5869
-124200
216
-4571
-9683
205128
-396
8389
-16091
340956
-576
12205
-26387
559188
-756
16021
-6407
135864
-180
3817
4357
-92556
144
-3059
12313
-261900
396
-8423
-6659
141768
-252
5365
11557
-246132
360
-7667
-16451
350568
-468
9973
3601
-76788
108
-2303
-12347
263808
-396
8461
-10043
214704
-288
6157
15193
-324864
468
-10007
5149
-110160
180
-3851
-6443
137916
-180
3853
10549
-225900
432
-9251
-9539
204588
-324
6949
-14183
304488
-540
11593
15265
-328752
468
-10079
-9827
211752
-396
8533
-9575
206424
-324
6985
-6731
145224
-252
5437
10621
-229212
432
-9323
11413
-246672
468
-10115
-10115
218772
-288
6229
14797
-320220
504
-10907
-12203
264132
-504
10909
3637
-78768
108
-2339
18973
-411444
576
-12491
9109
-197640
360
-7811
11197
-243252
396
-8603
-14327
311400
-540
11737
4429
-96300
144
-3131
-14075
306432
-468
10189
-12275
267444
-504
10981
21709
-473400
936
-20411
-12527
273348
-396
8641
6013
-131256
216
-4715
-16703
364932
-468
10225
-10187
222876
-288
6301
8389
-183600
324
-7091
11773
-257796
360
-7883
12565
-275256
396
-8675
10765
-235908
432
-9467
-14147
310176
-468
10261
-14723
323064
-612
13429
793
-17424
36
-791
19189
-423324
576
-12707
-16595
366156
-576
12709
-14507
320148
-540
11917
10837
-239292
432
-9539
-27071
598176
-756
16705
8461
-187056
324
-7163
-10259
227016
-288
6373
-14543
321912
-540
11953
6085
-134856
216
-4787
-10079
223596
-396
8785
-16667
369828
-576
12781
-27143
602352
-756
16777
4501
-100116
144
-3203
12709
-283032
396
-8819
-6911
154044
-252
5617
11917
-265716
360
-8027
3709
-82800
108
-2411
-12743
285012
-396
8857
-10331
231192
-288
6445
15661
-350532
468
-10475
5329
-119340
180
-4031
10981
-246132
432
-9683
-9863
221400
-324
7273
-14723
330804
-540
12133
15733
-354564
468
-10547
-10223
230508
-396
8929
-9899
223308
-324
7309
-6983
157644
-252
5689
11053
-249588
432
-9755
11881
-268668
468
-10583
15301
-346428
504
-11411
-12707
287748
-504
11413
3745
-84852
108
-2447
19549
-443484
576
-13067
9469
-214920
360
-8171
11593
-263448
396
-8999
-14867
338004
-540
12277
4573
-104004
144
-3275
-14543
331164
-468
10657
-12779
291204
-504
11485
22645
-516456
936
-21347
-12923
294912
-396
9037
6229
-142200
216
-4931
8713
-199404
324
-7415
12133
-277812
360
-8243
12961
-296892
396
-9071
11197
-256572
432
-9899
-14615
335052
-468
10729
-15335
351828
-612
14041
829
-19044
36
-827
19765
-455796
576
-13283
-17171
396036
-576
13285
-15047
347112
-540
12457
11269
-260100
432
-9971
8785
-203004
324
-7487
-15083
348948
-540
12493
6301
-145944
216
-5003
-10475
242856
-396
9181
-17243
399852
-576
13357
4645
-107964
144
-3347
13105
-304956
396
-9215
-7163
166824
-252
5869
12277
-286020
360
-8387
3817
-89028
108
-2519
-13139
307008
-396
9253
16129
-377136
468
-10943
5509
-128880
180
-4211
11413
-267228
432
-10115
-10187
238860
-324
7597
-15263
358200
-540
12673
16201
-381312
468
-11015
-10619
250056
-396
9325
-10223
240840
-324
7633
-7235
170568
-252
5941
11485
-270828
432
-10187
12349
-291600
468
-11051
15805
-373644
504
-11915
-13211
312372
-504
11917
3853
-91152
108
-2555
20125
-476676
576
-13643
9829
-232920
360
-8531
11989
-284436
396
-9395
-15407
365688
-540
12817
4717
-111996
144
-3419
-15011
356832
-468
11125
-13283
315972
-504
11989
23581
-561384
936
-22283
-13319
317268
-396
9433
6445
-153576
216
-5147
9037
-215856
324
-7739
12493
-298548
360
-8603
13357
-319320
396
-9467
11629
-278100
432
-10331
-15083
360864
-468
11197
-15947
381816
-612
14653
865
-20736
36
-863
20341
-489420
576
-13859
-17747
427068
-576
13861
-15587
375156
-540
12997
11701
-281772
432
-10403
9109
-219600
324
-7811
-15623
377064
-540
13033
6517
-157464
216
-5219
-10871
262908
-396
9577
-17819
431028
-576
13933
4789
-116100
144
-3491
13501
-327672
396
-9611
-7415
180108
-252
6121
12637
-307044
360
-8747
-13535
329796
-396
9649
16597
-404676
468
-11411
5689
-138780
180
-4391
11845
-289188
432
-10547
-10511
256968
-324
7921
-15803
386676
-540
13213
16669
-408996
468
-11483
-11015
270396
-396
9721
-10547
259020
-324
7957
-7487
183996
-252
6193
11917
-292932
432
-10619
12817
-315468
468
-11519
16309
-401868
504
-12419
-13715
338004
-504
12421
20701
-511020
576
-14219
10189
-251640
360
-8891
12385
-306216
396
-9791
-15947
394452
-540
13357
4861
-120276
144
-3563
-15479
383436
-468
11593
-13787
341748
-504
12493
24517
-608184
936
-23219
-13715
340416
-396
9829
6661
-165384
216
-5363
9361
-232956
324
-8063
12853
-320004
360
-8963
13753
-342540
396
-9863
12061
-300492
432
-10763
-15551
387612
-468
11665
-16559
413028
-612
15265
901
-22500
36
-899
-18323
459252
-576
14437
-16127
404280
-540
13537
12133
-304308
432
-10835
9433
-236844
324
-8135
-16163
406260
-540
13573
6733
-169416
216
-5435
-11267
283752
-396
9973
-18395
463356
-576
14509
4933
-124524
144
-3635
13897
-351180
396
-10007
-7667
193896
-252
6373
-13931
353376
-396
10045
5869
-149040
180
-4571
12277
-312012
432
-10979
-10835
275724
-324
8245
-16343
416232
-540
13753
-11411
291528
-396
10117
-10871
277848
-324
8281
-7739
197928
-252
6445
12349
-315900
432
-11051
13285
-340272
468
-11987
16813
-431100
504
-12923
-14219
364644
-504
12925
10549
-271080
360
-9251
12781
-328788
396
-10187
-16487
424296
-540
13897
5005
-128844
144
-3707
-15947
410976
-468
12061
-14291
368532
-504
12997
25453
-656856
936
-24155
-14111
364356
-396
10225
6877
-177624
216
-5579
9685
-250704
324
-8387
14149
-366552
396
-10259
12493
-323748
432
-11195
-16019
415296
-468
12133
-17171
445464
-612
15877
937
-24336
36
-935
-18899
492588
-576
15013
-16667
434484
-540
14077
12565
-327708
432
-11267
9757
-254736
324
-8459
-16703
436536
-540
14113
6949
-181800
216
-5651
-11663
305388
-396
10369
-18971
496836
-576
15085
5077
-133236
144
-3779
-7919
208188
-252
6625
6049
-159660
180
-4751
12709
-335700
432
-11411
-11159
295128
-324
8569
-16883
446868
-540
14293
-11807
313452
-396
10513
-11195
297324
-324
8605
-7991
212364
-252
6697
12781
-339732
432
-11483
13753
-366012
468
-12455
17317
-461340
504
-13427
-14723
392292
-504
13429
10909
-291240
360
-9611
13177
-352152
396
-10583
-17027
455220
-540
14437
5149
-137700
144
-3851
-16415
439452
-468
12529
-14795
396324
-504
13501
26389
-707400
936
-25091
7093
-190296
216
-5795
10009
-269100
324
-8711
12925
-347868
432
-11627
-16487
443916
-468
12601
-17783
479124
-612
16489
973
-26244
36
-971
-19475
527076
-576
15589
-17207
465768
-540
14617
12997
-351972
432
-11699
10081
-273276
324
-8783
-17243
467892
-540
14653
7165
-194616
216
-5867
-12059
327816
-396
10765
-19547
531468
-576
15661
-8171
222984
-252
6877
6229
-170640
180
-4931
13141
-360252
432
-11843
-11483
315180
-324
8893
-17423
478584
-540
14833
-12203
336168
-396
10909
-11519
317448
-324
8929
-8243
227304
-252
6949
13213
-364428
432
-11915
14221
-392688
468
-12923
17821
-492588
504
-13931
-15227
420948
-504
13933
11269
-312120
360
-9971
13573
-376308
396
-10979
-17567
487224
-540
14977
-15299
425124
-504
14005
27325
-759816
936
-26027
7309
-203400
216
-6011
10333
-288144
324
-9035
13357
-372852
432
-12059
-18395
514008
-612
17101
1009
-28224
36
-1007
-20051
562716
-576
16165
-17747
498132
-540
15157
13429
-377100
432
-12131
10405
-292464
324
-9107
-17783
500328
-540
15193
7381
-207864
216
-6083
-12455
351036
-396
11161
-20123
567252
-576
16237
-8423
238284
-252
7129
6409
-181980
180
-5111
13573
-385668
432
-12275
-17963
511380
-540
15373
-12599
359676
-396
11305
-8495
242748
-252
7201
13645
-389988
432
-12347
14689
-420300
468
-13391
-15731
450612
-504
14437
11629
-333720
360
-10331
13969
-401256
396
-11375
-18107
520308
-540
15517
-15803
454932
-504
14509
28261
-814104
936
-26963
7525
-216936
216
-6227
10657
-307836
324
-9359
13789
-398700
432
-12491
-19007
550116
-612
17713
1045
-30276
36
-1043
-20627
599508
-576
16741
-18287
531576
-540
15697
13861
-403092
432
-12563
10729
-312300
324
-9431
-18323
533844
-540
15733
7597
-221544
216
-6299
-12851
375048
-396
11557
-20699
604188
-576
16813
-8675
254088
-252
7381
14005
-411948
432
-12707
-18503
545256
-540
15913
-12995
383976
-396
11701
-8747
258696
-252
7453
14077
-416412
432
-12779
15157
-448848
468
-13859
-16235
481284
-504
14941
11989
-356040
360
-10691
-18647
554472
-540
16057
-16307
485748
-504
15013
29197
-870264
936
-27899
7741
-230904
216
-6443
10981
-328176
324
-9683
14221
-425412
432
-12923
-19619
587448
-612
18325
1081
-32400
36
-1079
-18827
566100
-540
16237
14293
-429948
432
-12995
11053
-332784
324
-9755
-18863
568440
-540
16273
-13247
399852
-396
11953
-8927
270396
-252
7633
14437
-439092
432
-13139
-19043
580212
-540
16453
-13391
409068
-396
12097
-8999
275148
-252
7705
14509
-443700
432
-13211
15625
-478332
468
-14327
-16739
512964
-504
15445
12349
-379080
360
-11051
-19187
589716
-540
16597
-16811
517572
-504
15517
30133
-928296
936
-28835
11305
-349164
324
-10007
14653
-452988
432
-13355
-20231
626004
-612
18937
1117
-34596
36
-1115
-19367
601704
-540
16777
14725
-457668
432
-13427
11377
-353916
324
-10079
-19403
604116
-540
16813
-13643
425448
-396
12349
14869
-467100
432
-13571
-13787
434952
-396
12493
14941
-471852
432
-13643
16093
-508752
468
-14795
-17243
545652
-504
15949
12709
-402840
360
-11411
-17315
550404
-504
16021
31069
-988200
936
-29771
11629
-370800
324
-10331
15085
-481428
432
-13787
-20843
665784
-612
19549
1153
-36864
36
-1151
15157
-486252
432
-13859
-14039
451836
-396
12745
15301
-495972
432
-14003
-14183
461628
-396
12889
15373
-500868
432
-14075
16561
-540108
468
-15263
-17747
579348
-504
16453
-17819
584244
-504
16525
32005
-1049976
936
-30707
15517
-510732
432
-14219
-21455
706788
-612
20161
1189
-39204
36
-1187
32941
-1113624
936
-31643
1225
-41616
36
-1223
1261
-44100
36
-1259
