1
27
0
1
-728
27
-27
1
-2969
216
-756
55
16093
-1215
702
-53
-4400
351
-351
28
5860
-513
297
-26
-6587
621
-297
28
757
-81
243
-26
-5858
675
-243
28
-11717
1404
-459
55
5158
-675
405
-53
2944
-405
189
-26
-2969
432
-378
55
3079
-459
1080
-161
6616
-999
351
-53
-2240
351
-351
55
-5912
945
-513
82
8830
-1539
459
-80
1513
-270
297
-53
-11771
2160
-594
109
-1592
297
-729
136
2944
-567
135
-26
-2213
459
-135
28
2971
-648
243
-53
-3698
837
-243
55
-809
189
-351
82
-3752
891
-459
109
-5966
1431
-567
136
-2969
756
-216
55
-3833
999
-729
190
9613
-2511
513
-134
5212
-1377
405
-107
5914
-1593
297
-80
4429
-1242
189
-53
-2969
864
-189
55
7507
-2214
729
-215
3079
-918
540
-161
8857
-2700
351
-107
757
-243
81
-26
-1484
513
-81
28
6670
-2403
297
-107
-3752
1377
-297
109
-4751
1755
-1026
379
-6101
2268
-729
271
7426
-2835
351
-134
1513
-594
135
-53
9775
-3969
729
-296
-10502
4293
-729
298
1648
-675
459
-188
-8936
3699
-459
190
2998
-1269
189
-80
-809
351
-189
82
5212
-2295
243
-107
-1565
702
-243
109
-1592
729
-297
136
-4535
2106
-351
163
3862
-1809
459
-215
-11879
5616
-459
217
-6074
2889
-513
244
-6101
2916
-567
271
-4670
2241
-621
298
5455
-2619
729
-350
55
-27
108
-53
18199
-9450
1350
-701
12718
-6615
621
-323
9775
-5103
567
-296
8290
-4347
513
-269
973
-513
459
-242
-8990
4779
-459
244
5293
-2835
351
-188
6724
-3645
297
-161
5239
-2889
243
-134
-1592
891
-243
136
4483
-2538
189
-107
-2294
1323
-189
109
3916
-2295
459
-269
-11204
6615
-459
271
-12365
7317
-1188
703
3079
-1836
270
-161
-2267
1377
-135
82
-2402
1485
-351
217
-3185
1998
-432
271
-6290
3969
-729
460
4564
-2889
297
-188
-1646
1053
-297
190
784
-513
81
-53
-1511
1026
-81
55
-971
675
-351
244
7804
-5481
729
-512
2107
-1485
918
-647
2323
-1647
189
-134
-863
621
-189
136
-2402
1755
-297
217
-6128
4509
-405
298
-4751
3510
-513
379
-5291
3915
-1242
919
-4184
3105
-729
541
9910
-7533
567
-431
9100
-6939
459
-350
9019
-6912
351
-269
3106
-2403
243
-188
-3833
2997
-243
190
1567
-1242
135
-107
-836
675
-135
109
-3617
2943
-864
703
-2051
1674
-729
595
-6803
5589
-297
244
-4022
3321
-459
379
8452
-7101
513
-431
7588
-6399
351
-296
-3212
2727
-351
298
12286
-10449
729
-620
-8639
7371
-729
622
-2348
2025
-189
163
-6182
5373
-405
352
1135
-999
459
-404
946
-837
243
-215
-6047
5400
-243
217
1729
-1566
297
-269
-2456
2241
-297
271
5428
-4995
351
-323
3592
-3321
729
-674
-17441
16173
-729
676
28
-27
27
-26
-4751
5130
-351
379
6157
-6696
297
-323
-6884
7533
-297
325
1000
-1107
243
-269
-6101
6804
-243
271
-12176
13635
-459
514
5563
-6291
405
-458
3133
-3564
189
-215
-3347
3834
-378
433
4159
-4779
1080
-1241
6967
-8019
351
-404
-2591
2997
-351
406
-6425
7452
-513
595
9289
-10908
459
-539
1810
-2133
297
-350
-12365
14634
-594
703
-2321
2754
-729
865
3079
-3672
135
-161
-2348
2835
-135
163
3214
-3915
243
-296
-3941
4833
-243
298
-1160
1431
-351
433
-4211
5211
-459
568
-6533
8100
-567
703
-3185
3996
-216
271
-4562
5751
-729
919
10126
-12771
513
-647
5617
-7101
405
-512
6211
-7884
297
-377
4618
-5913
189
-242
-3158
4077
-189
244
8236
-10665
729
-944
3619
-4698
540
-701
9208
-12015
351
-458
838
-1107
81
-107
-1565
2106
-81
109
6967
-9477
297
-404
-4049
5535
-297
406
-5777
7911
-1026
1405
-6830
9369
-729
1000
7777
-10746
351
-485
1648
-2295
135
-188
10504
-14769
729
-1025
-11231
15822
-729
1027
2107
-2970
459
-647
-9395
13284
-459
649
3187
-4536
189
-269
-998
1431
-189
271
5455
-7857
243
-350
-1808
2619
-243
352
-1889
2754
-297
433
-4886
7155
-351
514
4321
-6345
459
-674
-12338
18171
-459
676
-6587
9720
-513
757
-6668
9855
-567
838
-5291
7830
-621
919
6184
-9153
729
-1079
163
-243
108
-161
19549
-29700
1350
-2051
13339
-20277
621
-944
10342
-15741
567
-863
8803
-13419
513
-782
1432
-2187
459
-701
-9449
14472
-459
703
5644
-8667
351
-539
7021
-10827
297
-458
5482
-8505
243
-377
-1835
2862
-243
379
4672
-7317
189
-296
-2483
3915
-189
298
4375
-6939
459
-728
-11663
18549
-459
730
-13553
21573
-1188
1891
3349
-5346
270
-431
-2402
3861
-135
217
-2753
4455
-351
568
-3617
5886
-432
703
-7019
11448
-729
1189
4861
-7938
297
-485
-1943
3186
-297
487
865
-1431
81
-134
-1592
2673
-81
136
-1322
2241
-351
595
8533
-14526
729
-1241
3025
-5157
918
-1565
2512
-4293
189
-323
-1052
1809
-189
325
-2699
4671
-297
514
-6533
11340
-405
703
-5264
9153
-513
892
-6533
11367
-1242
2161
-4913
8559
-729
1270
10477
-18441
567
-998
9559
-16848
459
-809
9370
-16551
351
-620
3349
-5940
243
-431
-4076
7263
-243
433
1702
-3051
135
-242
-971
1755
-135
244
-4481
8127
-864
1567
-2780
5049
-729
1324
-7100
12933
-297
541
-4481
8181
-459
838
8965
-16497
513
-944
7939
-14634
351
-647
-3563
6588
-351
649
13015
-24084
729
-1349
-9368
17361
-729
1351
-2537
4725
-189
352
-6587
12312
-405
757
1594
-2997
459
-863
1189
-2241
243
-458
-6290
11907
-243
460
2026
-3861
297
-566
-2753
5265
-297
568
5779
-11097
351
-674
4321
-8316
729
-1403
-18170
35019
-729
1405
55
-108
27
-53
-5102
10611
-351
730
6454
-13473
297
-620
-7181
15039
-297
622
1243
-2619
243
-512
-6344
13419
-243
514
5968
-12717
405
-863
3322
-7101
189
-404
-3725
7992
-378
811
5239
-11259
1080
-2321
7318
-15741
351
-755
-2942
6345
-351
757
-6938
14985
-513
1108
9748
-21195
459
-998
2107
-4590
297
-647
-3050
6669
-729
1594
3214
-7047
135
-296
-2483
5481
-135
298
3457
-7668
243
-539
-4184
9315
-243
541
-1511
3375
-351
784
-4670
10449
-459
1027
-7100
15903
-567
1270
-3401
7668
-216
487
-5291
11961
-729
1648
10639
-24057
513
-1160
6022
-13635
405
-917
6508
-14769
297
-674
4807
-10962
189
-431
-3347
7668
-189
433
4159
-9558
540
-1241
919
-2133
81
-188
-1646
3861
-81
190
7264
-17145
297
-701
-4346
10287
-297
703
-6803
16119
-1026
2431
-7559
17928
-729
1729
8128
-19359
351
-836
1783
-4266
135
-323
11233
-27027
729
-1754
-11960
28809
-729
1756
2566
-6183
459
-1106
-9854
23787
-459
1108
3376
-8181
189
-458
-1187
2889
-189
460
5698
-13905
243
-593
-2051
5022
-243
595
-2186
5373
-297
730
-5237
12906
-351
865
4780
-11799
459
-1133
-7100
17577
-513
1270
-7235
17928
-567
1405
-5912
14661
-621
1540
6913
-17145
729
-1808
271
-675
108
-269
20899
-52650
1350
-3401
13960
-35181
621
-1565
10909
-27513
567
-1430
9316
-23517
513
-1295
1891
-4779
459
-1160
-9908
25083
-459
1162
5995
-15201
351
-890
7318
-18603
297
-755
5725
-14607
243
-620
-2078
5319
-243
622
4861
-12474
189
-485
-2672
6885
-189
487
4834
-12501
459
-1187
-12122
31401
-459
1189
-14741
38205
-1188
3079
3619
-9396
270
-701
-2537
6615
-135
352
-3104
8127
-351
919
-4049
10638
-432
1135
-7748
20385
-729
1918
5158
-13581
297
-782
-2240
5913
-297
784
946
-2511
81
-215
-1673
4482
-81
217
-1673
4509
-351
946
9262
-25029
729
-1970
3943
-10665
918
-2483
2701
-7317
189
-512
-1241
3375
-189
514
-2996
8181
-297
811
-6938
18981
-405
1108
-5777
15822
-513
1405
-7775
21303
-1242
3403
-5642
15471
-729
1999
11044
-30483
567
-1565
10018
-27675
459
-1268
3592
-9963
243
-674
-4319
12015
-243
676
1837
-5130
135
-377
-1106
3105
-135
379
-3509
9882
-729
2053
-7397
20871
-297
838
-4940
13959
-459
1297
9478
-26919
513
-1457
8290
-23571
351
-998
-3914
11151
-351
1000
-10097
28809
-729
2080
-2726
7803
-189
541
-6992
20061
-405
1162
2053
-5913
459
-1322
1432
-4131
243
-701
-6533
18900
-243
703
2323
-6750
297
-863
-3050
8883
-297
865
6130
-17901
351
-1025
5050
-14769
729
-2132
-18899
55323
-729
2134
82
-243
27
-80
-5453
16794
-351
1081
6751
-20844
297
-917
-7478
23139
-297
919
1486
-4617
243
-755
6373
-19953
405
-1268
3511
-11016
189
-593
-4103
12906
-378
1189
6319
-19899
1080
-3401
7669
-24165
351
-1106
-3293
10395
-351
1108
-7451
23544
-513
1621
10207
-32400
459
-1457
2404
-7641
297
-944
-3779
12042
-729
2323
3349
-10692
135
-431
-2618
8397
-135
433
3700
-11907
243
-782
-4427
14283
-243
784
-1862
6021
-351
1135
-5129
16605
-459
1486
-7667
24840
-567
1837
-3617
11772
-216
703
-6020
19629
-729
2377
11152
-36369
513
-1673
6427
-20979
405
-1322
6805
-22248
297
-971
4996
-16389
189
-620
-3536
11637
-189
622
4699
-15498
540
-1781
1000
-3321
81
-269
-1727
5778
-81
271
7561
-25407
297
-998
-4643
15633
-297
1000
-7829
26379
-1026
3457
-8288
27945
-729
2458
8479
-28674
351
-1187
1918
-6507
135
-458
11962
-40743
729
-2483
-12689
43254
-729
2485
3025
-10314
459
-1565
-10313
35208
-459
1567
3565
-12204
189
-647
-1376
4725
-189
649
5941
-20439
243
-836
-2294
7911
-243
838
-2483
8586
-297
1027
-5588
19359
-351
1216
5239
-18171
459
-1592
-7613
26460
-513
1783
-7802
27135
-567
1972
-6533
22734
-621
2161
7642
-26595
729
-2537
379
-1323
108
-377
22249
-78300
1350
-4751
14581
-51327
621
-2186
11476
-40419
567
-1997
9829
-34641
513
-1808
2350
-8289
459
-1619
-10367
36612
-459
1621
6346
-22437
351
-1241
7615
-26973
297
-1052
5968
-21195
243
-863
-2321
8262
-243
865
5050
-18009
189
-674
-2861
10233
-189
676
5293
-18981
459
-1646
-2672
9639
-135
487
-3455
12501
-351
1270
-4481
16254
-432
1567
-8477
30780
-729
2647
5455
-19818
297
-1079
-2537
9234
-297
1081
1027
-3753
81
-296
-1754
6453
-81
298
-2024
7479
-351
1297
9991
-36990
729
-2699
4861
-18009
918
-3401
2890
-10719
189
-701
-1430
5319
-189
703
-3293
12285
-297
1108
-7343
27432
-405
1513
-6290
23517
-513
1918
-9017
33723
-1242
4645
-6371
23841
-729
2728
11611
-43659
567
-2132
10477
-39420
459
-1727
3835
-14472
243
-917
-4562
17253
-243
919
1972
-7479
135
-512
-1241
4725
-135
514
-4238
16173
-729
2782
-7694
29403
-297
1135
-5399
20655
-459
1756
9991
-38367
513
-1970
8641
-33210
351
-1349
-4265
16416
-351
1351
-10826
41715
-729
2809
-2915
11259
-189
730
-7397
28620
-405
1567
2512
-9747
459
-1781
1675
-6507
243
-944
2620
-10233
297
-1160
-3347
13095
-297
1162
6481
-25407
351
-1376
5779
-22680
729
-2861
109
-432
27
-107
-5804
23679
-351
1432
7048
-28809
297
-1214
-7775
31833
-297
1216
1729
-7101
243
-998
6778
-27999
405
-1673
3700
-15309
189
-782
-4481
18576
-378
1567
7399
-30699
1080
-4481
8020
-33291
351
-1457
-3644
15147
-351
1459
-7964
33129
-513
2134
10666
-44523
459
-1916
2701
-11286
297
-1241
3484
-14607
135
-566
-2753
11583
-135
568
3943
-16632
243
-1025
-4670
19737
-243
1027
-2213
9369
-351
1486
-5588
23679
-459
1945
-8234
34911
-567
2404
-3833
16308
-216
919
11665
-49707
513
-2186
6832
-29133
405
-1727
7102
-30321
297
-1268
-3725
15984
-189
811
5239
-22518
540
-2321
1081
-4671
81
-350
-1808
7857
-81
352
7858
-34263
297
-1295
-4940
21573
-297
1297
-8855
38691
-1026
4483
-9017
39420
-729
3187
8830
-38691
351
-1538
2053
-9018
135
-593
12691
-55917
729
-3212
-13418
59157
-729
3214
3484
-15363
459
-2024
-10772
47547
-459
2026
3754
-16605
189
-836
-1565
6939
-189
838
6184
-27459
243
-1079
-2537
11286
-243
1081
-2780
12393
-297
1324
-5939
26514
-351
1567
5698
-25461
459
-2051
-8126
36369
-513
2296
-8369
37476
-567
2539
-7154
32049
-621
2782
8371
-37503
729
-3266
487
-2187
108
-485
23599
-106650
1350
-6101
15202
-68715
621
-2807
12043
-54459
567
-2564
10342
-46791
513
-2321
2809
-12717
459
-2078
-10826
49059
-459
2080
6697
-30375
351
-1592
7912
-35937
297
-1349
6211
-28269
243
-1106
-2564
11691
-243
1108
-3050
13959
-189
865
5752
-26379
459
-2105
-2807
12933
-135
622
-3806
17577
-351
1621
-4913
22734
-432
1999
5752
-26649
297
-1376
-2834
13149
-297
1378
1108
-5157
81
-377
-1835
8586
-81
379
-2375
11151
-351
1648
10720
-50409
729
-3428
5779
-27189
918
-4319
3079
-14499
189
-890
-1619
7641
-189
892
-3590
16983
-297
1405
-7748
36693
-405
1918
-6803
32238
-513
2431
-10259
48627
-1242
5887
-7100
33669
-729
3457
12178
-57969
567
-2699
10936
-52083
459
-2186
4078
-19467
243
-1160
-4805
22977
-243
1162
2107
-10098
135
-647
-1376
6615
-135
649
-4967
23922
-729
3511
-7991
38529
-297
1432
-5858
28269
-459
2215
10504
-50841
513
-2483
8992
-43551
351
-1700
-4616
22383
-351
1702
-11555
56079
-729
3538
-3104
15093
-189
919
-7802
37989
-405
1972
2971
-14499
459
-2240
1918
-9369
243
-1187
2917
-14310
297
-1457
-3644
17901
-297
1459
6832
-33615
351
-1727
6508
-32049
729
-3590
136
-675
27
-134
-6155
31266
-351
1783
7345
-37368
297
-1511
1972
-10071
243
-1241
7183
-36855
405
-2078
3889
-19980
189
-971
-4859
25002
-378
1945
8479
-43659
1080
-5561
8371
-43119
351
-1808
-3995
20601
-351
1810
-8477
43740
-513
2647
11125
-57564
459
-2375
2998
-15525
297
-1538
3619
-18792
135
-701
-2888
15039
-135
703
4186
-21843
243
-1268
-4913
25677
-243
1270
-2564
13419
-351
1837
-6047
31671
-459
2404
-8801
46116
-567
2971
12178
-64071
513
-2699
7237
-38097
405
-2132
7399
-38988
297
-1565
-3914
20709
-189
1000
5779
-30618
540
-2861
1162
-6183
81
-431
-1889
10098
-81
433
-5237
28107
-297
1594
-9881
53055
-1026
5509
-9746
52353
-729
3916
9181
-49410
351
-1889
2188
-11799
135
-728
13420
-72549
729
-3941
-14147
76518
-729
3943
3943
-21330
459
-2483
-11231
60804
-459
2485
3943
-21384
189
-1025
-1754
9531
-189
1027
6427
-34965
243
-1322
-2780
15147
-243
1324
-3077
16794
-297
1621
-6290
34371
-351
1918
6157
-33669
459
-2510
-8639
47304
-513
2809
-8936
48951
-567
3106
-7775
42606
-621
3403
9100
-49869
729
-3995
595
-3267
108
-593
24949
-137700
1350
-7451
15823
-87345
621
-3428
12610
-69633
567
-3131
10855
-59967
513
-2834
3268
-18063
459
-2537
-11285
62424
-459
2539
7048
-39015
351
-1943
6454
-35829
243
-1349
-2807
15606
-243
1351
-3239
18063
-189
1054
6211
-34695
459
-2564
-2942
16497
-135
757
-4157
23355
-351
1972
-5345
30078
-432
2431
6049
-34074
297
-1673
-3131
17658
-297
1675
1189
-6723
81
-458
-1916
10881
-81
460
-2726
15525
-351
1999
6697
-38205
918
-5237
3268
-18657
189
-1079
-1808
10341
-189
1081
-3887
22275
-297
1702
-8153
46764
-405
2323
-7316
41985
-513
2944
-7829
44955
-729
4186
12745
-73413
567
-3266
11395
-65664
459
-2645
4321
-24948
243
-1403
-5048
29187
-243
1405
2242
-12987
135
-782
-1511
8775
-135
784
-5696
33129
-729
4240
-6317
36801
-459
2674
11017
-64341
513
-2996
9343
-54594
351
-2051
-4967
29052
-351
2053
-12284
71901
-729
4267
-3293
19305
-189
1108
-8207
48168
-405
2377
3430
-20169
459
-2699
2161
-12717
243
-1430
3214
-18981
297
-1754
-3941
23301
-297
1756
7183
-42525
351
-2078
7237
-42876
729
-4319
163
-972
27
-161
-6506
39555
-351
2134
7642
-46521
297
-1808
2215
-13527
243
-1484
7588
-46521
405
-2483
4078
-25029
189
-1160
-5237
32184
-378
2323
9559
-58779
1080
-6641
8722
-53649
351
-2159
-4346
26757
-351
2161
-8990
55377
-513
3160
11584
-71523
459
-2834
3295
-20358
297
-1835
-3023
18765
-135
838
4429
-27540
243
-1511
-5156
32103
-243
1513
-2915
18171
-351
2188
-6506
40581
-459
2863
-9368
58455
-567
3538
12691
-79461
513
-3212
7642
-47871
405
-2537
7696
-48249
297
-1862
-4103
25812
-189
1189
6319
-39798
540
-3401
1243
-7857
81
-512
-1970
12501
-81
514
-5534
35235
-297
1891
-10907
69471
-1026
6535
-10475
66744
-729
4645
2323
-14850
135
-863
14149
-90639
729
-4670
-14876
95337
-729
4672
4402
-28215
459
-2942
-11690
74979
-459
2944
4132
-26541
189
-1214
-1943
12501
-189
1216
-3023
19494
-243
1567
-3374
21789
-297
1918
-6641
42930
-351
2269
6616
-42795
459
-2969
-9152
59265
-513
3322
-9503
61560
-567
3673
-8396
54405
-621
4024
9829
-63693
729
-4724
703
-4563
108
-701
26299
-171450
1350
-8801
16444
-107217
621
-4049
13177
-85941
567
-3698
11368
-74169
513
-3347
3727
-24327
459
-2996
-11744
76707
-459
2998
7399
-48357
351
-2294
-3050
20007
-243
1594
-3428
22545
-189
1243
6670
-43929
459
-3023
-3077
20331
-135
892
-4508
29835
-351
2323
-5777
38286
-432
2863
6346
-42093
297
-1970
-3428
22761
-297
1972
1270
-8451
81
-539
-1997
13338
-81
541
-3077
20601
-351
2350
7615
-51057
918
-6155
3457
-23193
189
-1268
-1997
13419
-189
1270
-4184
28161
-297
1999
-8558
57645
-405
2728
-7829
52758
-513
3457
-8558
57699
-729
4915
13312
-89991
567
-3833
11854
-80163
459
-3104
4564
-30915
243
-1646
-5291
35883
-243
1648
2377
-16146
135
-917
-1646
11205
-135
919
-6425
43794
-729
4969
-6776
46251
-459
3133
11530
-78867
513
-3509
-5318
36423
-351
2404
-13013
89181
-729
4996
-3482
23895
-189
1297
-8612
59157
-405
2782
3889
-26757
459
-3158
2404
-16551
243
-1673
3511
-24246
297
-2051
-4238
29295
-297
2053
7534
-52137
351
-2429
7966
-55161
729
-5048
190
-1323
27
-188
-6857
48546
-351
2485
7939
-56268
297
-2105
2458
-17469
243
-1727
7993
-56997
405
-2888
4267
-30456
189
-1349
-5615
40122
-378
2701
10639
-76059
1080
-7721
9073
-64881
351
-2510
-4697
33615
-351
2512
-9503
68040
-513
3673
12043
-86400
459
-3293
3592
-25785
297
-2132
-3158
22761
-135
973
4672
-33723
243
-1754
-5399
39015
-243
1756
-3266
23625
-351
2539
-6965
50409
-459
3322
-9935
71928
-567
4105
13204
-95877
513
-3725
8047
-58455
405
-2942
7993
-58104
297
-2159
-4292
31293
-189
1378
6859
-50058
540
-3941
1324
-9693
81
-593
-2051
15066
-81
595
-5831
42957
-297
2188
-11933
87939
-1026
7561
2458
-18171
135
-998
14878
-110187
729
-5399
-15605
115614
-729
5401
4861
-36018
459
-3401
-12149
90072
-459
3403
4321
-32076
189
-1403
-2132
15849
-189
1405
-3266
24327
-243
1810
-3671
27378
-297
2215
-6992
52191
-351
2620
7075
-52839
459
-3428
-9665
72252
-513
3835
-10070
75303
-567
4240
-9017
67446
-621
4645
10558
-78975
729
-5453
13744
-103383
567
-4265
11881
-89397
513
-3860
4186
-31509
459
-3455
-12203
91908
-459
3457
7750
-58401
351
-2645
-3293
24894
-243
1837
-3617
27405
-189
1432
7129
-54081
459
-3482
-3212
24435
-135
1027
-4859
37017
-351
2674
-6209
47358
-432
3295
6643
-50706
297
-2267
-3725
28458
-297
2269
1351
-10341
81
-620
-2078
15957
-81
622
-3428
26379
-351
2701
8533
-65745
918
-7073
3646
-28107
189
-1457
-2186
16875
-189
1459
-4481
34641
-297
2296
-8963
69336
-405
3133
-8342
64557
-513
3970
-9287
71901
-729
5644
13879
-107703
567
-4400
12313
-95580
459
-3563
4807
-37368
243
-1889
-5534
43065
-243
1891
2512
-19575
135
-1052
-1781
13905
-135
1054
-7154
55917
-729
5698
-7235
56619
-459
3592
12043
-94419
513
-4022
-5669
44496
-351
2755
-3671
28863
-189
1486
-9017
70956
-405
3187
4348
-34263
459
-3617
2647
-20871
243
-1916
3808
-30105
297
-2348
-4535
35883
-297
2350
7885
-62451
351
-2780
8695
-68904
729
-5777
217
-1728
27
-215
-7208
58239
-351
2836
2701
-21897
243
-1970
8398
-68283
405
-3293
4456
-36261
189
-1538
-5993
48816
-378
3079
11719
-95499
1080
-8801
9424
-76815
351
-2861
-5048
41175
-351
2863
-10016
81729
-513
4186
3889
-31806
297
-2429
-3293
27027
-135
1108
4915
-40392
243
-1997
-5642
46413
-243
1999
-3617
29781
-351
2890
-7424
61155
-459
3781
-10502
86535
-567
4672
13717
-113319
513
-4238
8452
-69849
405
-3347
-4481
37152
-189
1567
7399
-61398
540
-4481
1405
-11691
81
-674
-2132
17793
-81
676
-6128
51273
-297
2485
2593
-21762
135
-1133
15607
-131193
729
-6128
-16334
137349
-729
6130
5320
-44739
459
-3860
4510
-37989
189
-1592
-2321
19575
-189
1594
-3509
29646
-243
2053
-3968
33561
-297
2512
-7343
62154
-351
2971
7534
-63801
459
-3887
-10178
86265
-513
4348
-10637
90180
-567
4807
-9638
81729
-621
5266
11287
-95715
729
-6182
14311
-121959
567
-4832
12394
-105651
513
-4373
4645
-39609
459
-3914
8101
-69147
351
-2996
-3536
30267
-243
2080
-3806
32643
-189
1621
7588
-65151
459
-3941
-3347
28809
-135
1162
-5210
44901
-351
3025
6940
-59913
297
-2564
-4022
34749
-297
2566
1432
-12393
81
-701
-2159
18738
-81
703
-3779
32859
-351
3052
9451
-82269
918
-7991
3835
-33399
189
-1646
-2375
20709
-189
1648
-4778
41715
-297
2593
-9368
81837
-405
3538
-8855
77382
-513
4483
-10016
87561
-729
6373
14446
-126549
567
-4967
5050
-44307
243
-2132
-5777
50733
-243
2134
2647
-23274
135
-1187
-1916
16875
-135
1189
-7883
69498
-729
6427
-7694
67905
-459
4051
12556
-110997
513
-4535
-6020
53271
-351
3106
-3860
34209
-189
1675
-9422
83565
-405
3592
4807
-42687
459
-4076
2890
-25677
243
-2159
4105
-36558
297
-2645
-4832
43065
-297
2647
8236
-73467
351
-3131
9424
-84105
729
-6506
244
-2187
27
-242
-7559
68634
-351
3187
2944
-26811
243
-2213
8803
-80379
405
-3698
4645
-42444
189
-1727
-5399
49437
-351
3214
-10529
96444
-513
4699
4186
-38421
297
-2726
-3428
31563
-135
1243
5158
-47547
243
-2240
-5885
54297
-243
2242
-3968
36639
-351
3241
-7883
72819
-459
4240
-11069
102276
-567
5239
8857
-82053
405
-3752
-4670
43389
-189
1756
7939
-73818
540
-5021
1486
-13851
81
-755
-6425
60183
-297
2782
2728
-25623
135
-1268
16336
-153657
729
-6857
-17063
160542
-729
6859
5779
-54378
459
-4319
4699
-44280
189
-1781
-2510
23679
-189
1783
-3752
35451
-243
2296
-4265
40338
-297
2809
-7694
72819
-351
3322
7993
-75681
459
-4346
-10691
101304
-513
4861
-11204
106191
-567
5374
-10259
97254
-621
5887
12016
-113913
729
-6911
14878
-141669
567
-5399
12907
-122931
513
-4886
5104
-48627
459
-4373
8452
-80595
351
-3347
-3779
36126
-243
2323
-3995
38259
-189
1810
8047
-77139
459
-4400
-3482
33453
-135
1297
-5561
53487
-351
3376
7237
-69714
297
-2861
-4319
41634
-297
2863
1513
-14607
81
-782
-4130
40041
-351
3403
10369
-100629
918
-8909
4024
-39069
189
-1835
-2564
24921
-189
1837
-5075
49383
-297
2890
-9773
95148
-405
3943
-9368
91233
-513
4996
-10745
104679
-729
7102
15013
-146529
567
-5534
5293
-51732
243
-2375
-6020
58887
-243
2377
2782
-27243
135
-1322
-2051
20115
-135
1324
-8612
84537
-729
7156
-8153
80109
-459
4510
13069
-128601
513
-5048
-6371
62748
-351
3457
-4049
39933
-189
1864
-9827
96984
-405
3997
5266
-52029
459
-4535
3133
-30969
243
-2402
4402
-43605
297
-2942
-5129
50841
-297
2944
8587
-85185
351
-3482
10153
-100764
729
-7235
271
-2700
27
-269
-7910
79731
-351
3538
3187
-32211
243
-2456
9208
-93285
405
-4103
4834
-49005
189
-1916
-5750
58401
-351
3565
-11042
112185
-513
5212
4483
-45630
297
-3023
-3563
36369
-135
1378
5401
-55188
243
-2483
-6128
62667
-243
2485
-4319
44199
-351
3592
-8342
85401
-459
4699
-11636
119151
-567
5806
9262
-95067
405
-4157
-4859
50004
-189
1945
1567
-16173
81
-836
-6722
69687
-297
3079
2863
-29754
135
-1403
17065
-177579
729
-7586
6238
-64935
459
-4778
4888
-50949
189
-1970
-2699
28161
-189
1972
-3995
41742
-243
2539
-4562
47709
-297
3106
-8045
84186
-351
3673
8452
-88479
459
-4805
-11204
117369
-513
5374
-11771
123336
-567
5941
-10880
114021
-621
6508
12745
-133569
729
-7640
13420
-141237
513
-5399
5563
-58563
459
-4832
8803
-92745
351
-3698
-4022
42471
-243
2566
-4184
44253
-189
1999
8506
-90045
459
-4859
-3617
38367
-135
1432
-5912
62775
-351
3727
7534
-80109
297
-3158
-4616
49113
-297
3160
1594
-16983
81
-863
-4481
47925
-351
3754
4213
-45117
189
-2024
-2753
29511
-189
2026
-5372
57645
-297
3187
-10178
109269
-405
4348
-9881
106110
-513
5509
-11474
123255
-729
7831
5536
-59643
243
-2618
-6263
67527
-243
2620
2917
-31482
135
-1457
-2186
23625
-135
1459
-9341
101034
-729
7885
-8612
93231
-459
4969
13582
-147231
513
-5561
-6722
72927
-351
3808
-4238
46035
-189
2053
-10232
111213
-405
4402
5725
-62289
459
-4994
3376
-36747
243
-2645
4699
-51246
297
-3239
-5426
59211
-297
3241
8938
-97605
351
-3833
10882
-118881
729
-7964
298
-3267
27
-296
-8261
91530
-351
3889
3430
-38097
243
-2699
9613
-107001
405
-4508
5023
-55944
189
-2105
-6101
68067
-351
3916
-11555
128952
-513
5725
4780
-53433
297
-3320
5644
-63315
243
-2726
-6371
71523
-243
2728
-4670
52461
-351
3943
-8801
98901
-459
5158
-12203
137160
-567
6373
9667
-108891
405
-4562
-5048
56997
-189
2134
1648
-18657
81
-917
-7019
79785
-297
3376
2998
-34155
135
-1538
6697
-76410
459
-5237
5077
-57996
189
-2159
-2888
33021
-189
2161
-4238
48519
-243
2782
-4859
55674
-297
3403
-8396
96255
-351
4024
8911
-102195
459
-5264
-11717
134460
-513
5887
-12338
141615
-567
6508
-11501
132030
-621
7129
13474
-154683
729
-8369
6022
-69417
459
-5291
9154
-105597
351
-4049
-4265
49302
-243
2809
-4373
50625
-189
2188
8965
-103869
459
-5318
-6263
72765
-351
4078
7831
-91098
297
-3455
-4913
57186
-297
3457
1675
-19521
81
-944
-4832
56511
-351
4105
4402
-51543
189
-2213
-2942
34479
-189
2215
-5669
66501
-297
3484
-10583
124200
-405
4753
-10394
122013
-513
6022
-12203
143289
-729
8560
5779
-68040
243
-2861
-6506
76653
-243
2863
3052
-35991
135
-1592
-2321
27405
-135
1594
-10070
118989
-729
8614
-9071
107271
-459
5428
-7073
83808
-351
4159
-4427
52515
-189
2242
-10637
126252
-405
4807
6184
-73467
459
-5453
3619
-43011
243
-2888
4996
-59481
297
-3536
-5723
68175
-297
3538
9289
-110727
351
-4184
11611
-138456
729
-8693
325
-3888
27
-323
-8612
104031
-351
4240
3673
-44469
243
-2942
10018
-121527
405
-4913
-6452
78435
-351
4267
-12068
146745
-513
6238
5077
-61830
297
-3617
5887
-71928
243
-2969
-5021
61425
-351
4294
-9260
113319
-459
5617
-12770
156303
-567
6940
10072
-123525
405
-4967
1729
-21303
81
-998
-7316
90477
-297
3673
3133
-38826
135
-1673
7156
-88803
459
-5696
-3077
38259
-189
2350
-4481
55782
-243
3025
-5156
64233
-297
3700
-8747
109026
-351
4375
9370
-116829
459
-5723
-12230
152577
-513
6400
-12905
161028
-567
7075
-12122
151281
-621
7750
14203
-177255
729
-9098
6481
-81189
459
-5750
-4508
56619
-243
3052
-4562
57375
-189
2377
9424
-118611
459
-5777
-6614
83457
-351
4429
-5210
65853
-297
3754
1756
-22221
81
-1025
-5183
65799
-351
4456
4591
-58347
189
-2402
-3131
39825
-189
2404
-5966
75951
-297
3781
-10907
138942
-513
6535
-12932
164781
-729
9289
6022
-76923
243
-3104
3187
-40770
135
-1727
-2456
31455
-135
1729
-10799
138402
-729
9343
-9530
122229
-459
5887
-7424
95391
-351
4510
-4616
59373
-189
2431
6643
-85563
459
-5912
3862
-49761
243
-3131
5293
-68310
297
-3833
-6020
77733
-297
3835
12340
-159489
729
-9422
352
-4563
27
-350
-8963
117234
-351
4591
3916
-51327
243
-3185
10423
-136863
405
-5318
-6803
89505
-351
4618
-12581
165564
-513
6751
5374
-70821
297
-3914
6130
-81027
243
-3212
-5372
71091
-351
4645
-9719
128655
-459
6076
-13337
176580
-567
7507
10477
-138969
405
-5372
1810
-24111
81
-1079
-7613
101763
-297
3970
3268
-43767
135
-1808
7615
-102114
459
-6155
-3266
43875
-189
2539
-4724
63531
-243
3268
-5453
73386
-297
3997
-9098
122499
-351
4726
9829
-132381
459
-6182
-12743
171720
-513
6913
-13472
181575
-567
7642
-12743
171774
-621
8371
6940
-93879
459
-6209
-4751
64422
-243
3295
-4751
64503
-189
2566
9883
-134271
459
-6236
-6965
94851
-351
4780
-5507
75114
-297
4051
1837
-25083
81
-1106
-5534
75789
-351
4807
4780
-65529
189
-2591
-3320
45549
-189
2593
-6263
85995
-297
4078
-11420
156897
-513
7048
6265
-86292
243
-3347
3322
-45819
135
-1862
-2591
35775
-135
1864
-11528
159273
-729
10072
-9989
138105
-459
6346
-7775
107676
-351
4861
-4805
66609
-189
2620
7102
-98577
459
-6371
4105
-56997
243
-3374
5590
-77733
297
-4130
-6317
87885
-297
4132
13069
-181980
729
-10151
379
-5292
27
-377
-9314
131139
-351
4942
4159
-58671
243
-3428
10828
-153009
405
-5723
-7154
101277
-351
4969
-13094
185409
-513
7264
5671
-80406
297
-4211
6373
-90612
243
-3455
-5723
81459
-351
4996
-10178
144909
-459
6535
-13904
197991
-567
8074
10882
-155223
405
-5777
1891
-27081
81
-1160
-7910
113643
-297
4267
3403
-48978
135
-1943
8074
-116343
459
-6614
-3455
49869
-189
2728
-4967
71766
-243
3511
-5750
83133
-297
4294
-9449
136674
-351
5077
10288
-148851
459
-6641
-13256
191889
-513
7426
-14039
203256
-567
8209
-13364
193509
-621
8992
7399
-107487
459
-6668
-4994
72711
-243
3538
-4940
72009
-189
2755
10342
-150849
459
-6695
-7316
106947
-351
5131
-5804
84969
-297
4348
1918
-28107
81
-1187
-5885
86481
-351
5158
4969
-73089
189
-2780
-3509
51651
-189
2782
-6560
96633
-297
4375
-11933
175878
-513
7561
6508
-96147
243
-3590
3457
-51138
135
-1997
-2726
40365
-135
1999
-12257
181602
-729
10801
-10448
154899
-459
6805
-8126
120663
-351
5212
-4994
74223
-189
2809
7561
-112509
459
-6830
4348
-64719
243
-3617
5887
-87750
297
-4427
-6614
98631
-297
4429
13798
-205929
729
-10880
406
-6075
27
-404
4402
-66501
243
-3671
-7505
113751
-351
5320
-13607
206280
-513
7777
5968
-90585
297
-4508
-6074
92529
-351
5347
-10637
162081
-459
6994
-14471
220536
-567
8641
1972
-30213
81
-1241
3538
-54459
135
-2078
8533
-131490
459
-7073
-3644
56241
-189
2917
-5210
80487
-243
3754
-6047
93474
-297
4591
10747
-166239
459
-7100
-13769
213084
-513
7939
-14606
226071
-567
8776
-13985
216486
-621
9613
7858
-122013
459
-7127
-5237
81486
-243
3781
10801
-168345
459
-7154
-7667
119745
-351
5482
-6101
95418
-297
4645
1999
-31293
81
-1268
-6236
97875
-351
5509
-3698
58131
-189
2971
-6857
107865
-297
4672
-12446
195885
-513
8074
3592
-56727
135
-2132
-2861
45225
-135
2134
-12986
205389
-729
11530
-10907
172611
-459
7264
-8477
134352
-351
5563
8020
-127359
459
-7289
4591
-72927
243
-3860
6184
-98361
297
-4724
-6911
109971
-297
4726
14527
-231336
729
-11609
433
-6912
27
-431
4645
-74817
243
-3914
-7856
126927
-351
5671
6265
-101358
297
-4805
-6425
104301
-351
5698
-11096
180171
-459
7453
-15038
244215
-567
9208
2053
-33507
81
-1322
8992
-147555
459
-7532
-3833
62991
-189
3106
-5453
89694
-243
3997
-6344
104409
-297
4888
11206
-184545
459
-7559
-15173
250020
-567
9343
-14606
240705
-621
10234
8317
-137457
459
-7586
-5480
90747
-243
4024
11260
-186759
459
-7613
-8018
133245
-351
5833
-6398
106461
-297
4942
2080
-34641
81
-1349
-6587
109971
-351
5860
-3887
64989
-189
3160
-7154
119691
-297
4969
-12959
216918
-513
8587
-2996
50355
-135
2269
-13715
230634
-729
12259
-11366
191241
-459
7723
-8828
148743
-351
5914
8479
-143127
459
-7748
4834
-81621
243
-4103
6481
-109566
297
-5021
-7208
121905
-297
5023
15256
-258201
729
-12338
460
-7803
27
-458
4888
-83619
243
-4157
-8207
140805
-351
6022
6562
-112725
297
-5102
-6776
116775
-351
6049
-11555
199179
-459
7912
2134
-36963
81
-1403
9451
-164538
459
-7991
-4022
70119
-189
3295
-5696
99387
-243
4240
-6641
115938
-297
5185
11665
-203769
459
-8018
-15227
266166
-621
10855
8776
-153819
459
-8045
-5723
100494
-243
4267
11719
-206091
459
-8072
-8369
147447
-351
6184
-6695
118098
-297
5239
2161
-38151
81
-1430
-6938
122769
-351
6211
-4076
72225
-189
3349
-7451
132111
-297
5266
-13472
238977
-513
9100
-3131
55755
-135
2404
-14444
257337
-729
12988
-11825
210789
-459
8182
-9179
163836
-351
6265
8938
-159813
459
-8207
5077
-90801
243
-4346
6778
-121365
297
-5318
-7505
134433
-297
5320
15985
-286524
729
-13067
487
-8748
27
-485
5131
-92907
243
-4400
-8558
155385
-351
6373
6859
-124686
297
-5399
-7127
129951
-351
6400
-12014
219105
-459
8371
9910
-182439
459
-8450
-4211
77625
-189
3484
-5939
109566
-243
4483
-6938
128061
-297
5482
12124
-223911
459
-8477
-15848
292869
-621
11476
9235
-171099
459
-8504
-5966
110727
-243
4510
12178
-226341
459
-8531
-8720
162351
-351
6535
-6992
130329
-297
5536
-7289
136269
-351
6562
-4265
79839
-189
3538
-7748
145125
-297
5563
-3266
61425
-135
2539
-15173
285498
-729
13717
-12284
231255
-459
8641
9397
-177417
459
-8666
5320
-100467
243
-4589
7075
-133758
297
-5615
-7802
147555
-297
5617
16714
-316305
729
-13796
514
-9747
27
-512
5374
-102681
243
-4643
-8909
170667
-351
6724
7156
-137241
297
-5696
-7478
143829
-351
6751
10369
-201258
459
-8909
-4400
85509
-189
3673
-6182
120231
-243
4726
-7235
140778
-297
5779
-16469
320814
-621
12097
9694
-189297
459
-8963
-6209
121446
-243
4753
-9071
177957
-351
6886
-7289
143154
-297
5833
-7640
150471
-351
6913
-4454
87831
-189
3727
-3401
67365
-135
2674
9856
-195939
459
-9125
5563
-110619
243
-4832
7372
-146745
297
-5912
17443
-347544
729
-14525
541
-10800
27
-539
5617
-112941
243
-4886
-9260
186651
-351
7075
7453
-150390
297
-5993
-7829
158409
-351
7102
10828
-220995
459
-9368
-4589
93771
-189
3862
-6425
131382
-243
4969
-7532
154089
-297
6076
10153
-208413
459
-9422
-6452
132651
-243
4996
-9422
194265
-351
7237
-7586
156573
-297
6130
-7991
165375
-351
7264
-4643
96201
-189
3916
-3536
73575
-135
2809
10315
-215379
459
-9584
5806
-121257
243
-5075
7669
-160326
297
-6209
18172
-380241
729
-15254
568
-11907
27
-566
5860
-123687
243
-5129
7750
-164133
297
-6290
-8180
173691
-351
7453
11287
-241650
459
-9827
-4778
102411
-189
4051
-7829
167994
-297
6373
10612
-228447
459
-9881
-7883
170586
-297
6427
-8342
180981
-351
7615
-4832
104949
-189
4105
10774
-235737
459
-10043
6049
-132381
243
-5318
7966
-174501
297
-6506
18901
-414396
729
-15983
595
-13068
27
-593
6103
-134919
243
-5372
-8531
189675
-351
7804
11746
-263223
459
-10286
-4967
111429
-189
4240
11071
-249399
459
-10340
-8693
197289
-351
7966
-5021
114075
-189
4294
11233
-257013
459
-10502
6292
-143991
243
-5561
622
-14283
27
-620
6346
-146637
243
-5615
-8882
206361
-351
8155
12205
-285714
459
-10745
11530
-271269
459
-10799
-9044
214299
-351
8317
11692
-279207
459
-10961
6535
-156087
243
-5804
649
-15552
27
-647
-9233
223749
-351
8506
11989
-294057
459
-11258
-9395
232011
-351
8668
12151
-302319
459
-11420
676
-16875
27
-674
703
-18252
27
-701
