1
23
0
1
-528
23
-23
1
-2161
184
-552
47
9569
-851
506
-45
-2667
253
-253
24
1082
-115
207
-22
6395
-736
391
-45
-574
69
-391
47
-2161
276
-368
47
7499
-989
690
-91
3198
-437
161
-22
-1080
161
-161
24
-3219
506
-299
47
-2161
368
-276
47
-3794
667
-529
93
3750
-667
253
-45
1082
-207
115
-22
-551
115
-115
24
1174
-253
529
-114
1151
-253
414
-91
-3748
851
-207
47
-3242
759
-299
70
-8026
1909
-391
93
-2161
552
-184
47
7637
-2001
874
-229
7499
-1978
345
-91
599
-161
253
-68
576
-161
161
-45
-1103
322
-161
47
1749
-529
529
-160
7591
-2323
598
-183
1082
-345
69
-22
-2161
736
-138
47
2439
-851
920
-321
8074
-2829
391
-137
-2782
989
-391
139
1151
-414
253
-91
-5381
1978
-253
93
2232
-851
299
-114
-6462
2507
-299
116
-8785
3427
-828
323
2209
-874
230
-91
-1632
667
-115
47
599
-253
161
-68
4463
-1932
529
-229
-8164
3565
-529
231
1151
-506
207
-91
1174
-529
253
-114
-2759
1265
-253
116
-4898
2277
-299
139
8649
-4048
391
-183
-8118
3841
-391
185
-2851
1357
-437
208
3428
-1633
529
-252
47
-23
92
-45
11087
-5796
966
-505
7637
-4002
437
-229
1266
-667
391
-206
-735
391
-391
208
2278
-1219
299
-160
3313
-1794
253
-137
-4898
2691
-253
139
-3817
2139
-207
116
-2529
1426
-736
415
3359
-1909
322
-183
-3265
1886
-161
93
1128
-667
115
-68
6671
-4048
529
-321
-6140
3749
-529
323
714
-437
299
-183
-4944
3059
-299
185
691
-437
253
-160
-4921
3151
-253
162
6602
-4255
391
-252
-1310
851
-391
254
9868
-6417
529
-344
-2989
1955
-529
346
-574
391
-69
47
1956
-1357
529
-367
2439
-1702
460
-321
2761
-1955
161
-114
-3288
2369
-161
116
-5473
4002
-253
185
-781
575
-345
254
7269
-5359
529
-390
-5680
4209
-529
392
1358
-1035
391
-298
3934
-3013
299
-229
1220
-943
207
-160
1473
-1150
529
-413
11087
-8694
644
-505
2209
-1748
115
-91
-1678
1357
-115
93
-2322
1909
-253
208
-1701
1403
-782
645
-4139
3427
-529
438
3957
-3335
299
-252
2784
-2369
161
-137
-666
575
-161
139
5222
-4531
529
-459
-7865
6854
-529
461
8810
-7751
391
-344
-2989
2645
-391
346
-3886
3473
-207
185
3405
-3082
253
-229
2600
-2369
529
-482
-10533
9637
-529
484
24
-23
23
-22
-2920
3197
-253
277
1289
-1426
207
-229
6786
-7567
391
-436
-965
1081
-391
438
-2529
2852
-368
415
8189
-9269
690
-781
3359
-3818
161
-183
-1241
1426
-161
185
-3518
4071
-299
346
-2437
2852
-276
323
-4323
5083
-529
622
4003
-4715
253
-298
1197
-1426
115
-137
-666
805
-115
139
1703
-2070
529
-643
1565
-1909
414
-505
-3955
4853
-207
254
-3541
4370
-299
369
-8417
10419
-391
484
-2345
2944
-184
231
8511
-10741
874
-1103
7844
-9913
345
-436
852
-1081
253
-321
737
-943
161
-206
-1264
1633
-161
208
2278
-2967
529
-689
8189
-10695
598
-781
1151
-1518
69
-91
-2299
3082
-138
185
3359
-4531
920
-1241
8465
-11431
391
-528
-3173
4301
-391
530
1404
-1909
253
-344
-5634
7705
-253
346
2531
-3496
299
-413
-6761
9384
-299
415
-9613
13363
-828
1151
2439
-3404
230
-321
-1747
2461
-115
162
760
-1081
161
-229
4992
-7153
529
-758
-8693
12489
-529
760
1358
-1955
207
-298
1427
-2070
253
-367
-3012
4393
-253
369
-5197
7613
-299
438
-8509
12535
-391
576
-3288
4853
-437
645
3957
-5842
529
-781
139
-207
92
-137
12053
-18354
966
-1471
8074
-12305
437
-666
1657
-2530
391
-597
-1126
1725
-391
599
2577
-3956
299
-459
3566
-5497
253
-390
-5151
7981
-253
392
-4024
6279
-207
323
-3265
5106
-736
1151
3681
-5773
322
-505
-3426
5405
-161
254
1243
-1978
115
-183
7200
-11569
529
-850
-6669
10741
-529
852
1013
-1633
299
-482
-5243
8487
-299
484
944
-1541
253
-413
-5174
8487
-253
415
6993
-11500
391
-643
-1701
2806
-391
645
10397
-17158
529
-873
-3518
5819
-529
875
-643
1081
-69
116
2485
-4209
529
-896
2899
-4922
460
-781
2922
-4991
161
-275
-3449
5934
-161
277
-5726
9913
-253
438
-1126
1955
-345
599
7798
-13547
529
-919
-6209
10810
-529
921
1749
-3082
391
-689
4233
-7475
299
-528
1427
-2530
207
-367
2002
-3565
529
-942
11731
-20930
644
-1149
2324
-4163
115
-206
-1793
3243
-115
208
-2575
4692
-253
461
-2483
4531
-782
1427
-4668
8533
-529
967
4256
-7843
299
-551
2945
-5451
161
-298
-827
1541
-161
300
5751
-10741
529
-988
-8394
15709
-529
990
-3380
6371
-391
737
-4093
7751
-207
392
3658
-6969
253
-482
3129
-5980
529
-1011
-11062
21183
-529
1013
47
-92
23
-45
-3173
6647
-253
530
1496
-3151
207
-436
7177
-15180
391
-827
-1356
2875
-391
829
-2897
6164
-368
783
8879
-18929
690
-1471
3520
-7521
161
-344
-1402
3013
-161
346
-3817
8234
-299
645
-2713
5888
-276
599
4256
-9269
253
-551
1312
-2875
115
-252
-781
1725
-115
254
2232
-4945
529
-1172
-4162
9269
-207
461
-3840
8579
-299
668
-8808
19711
-391
875
1105
-2507
253
-574
898
-2047
161
-367
-1425
3266
-161
369
2807
-6463
529
-1218
8787
-20263
598
-1379
1220
-2829
69
-160
-2437
5704
-138
323
4279
-10051
920
-2161
8856
-20815
391
-919
-3564
8395
-391
921
1657
-3910
253
-597
2830
-6739
299
-712
-1862
4485
-115
277
921
-2231
161
-390
5521
-13432
529
-1287
-9222
22471
-529
1289
1565
-3818
207
-505
1680
-4117
253
-620
-3265
8027
-253
622
-5496
13547
-299
737
-8900
22011
-391
967
-3725
9223
-437
1082
4486
-11109
529
-1310
231
-575
92
-229
13019
-32844
966
-2437
8511
-21482
437
-1103
2048
-5175
391
-988
-1517
3841
-391
990
2876
-7291
299
-758
3819
-9706
253
-643
-5404
13777
-253
645
-4231
10833
-207
530
-4001
10258
-736
1887
4003
-10281
322
-827
-3587
9246
-161
415
1358
-3519
115
-298
7729
-20148
529
-1379
-7198
18791
-529
1381
1312
-3427
299
-781
-5542
14513
-299
783
1197
-3151
253
-666
-5427
14329
-253
668
7384
-19527
391
-1034
-2092
5543
-391
1036
-4047
10741
-529
1404
-712
1909
-69
185
3014
-8119
529
-1425
3359
-9062
460
-1241
3083
-8349
161
-436
-3610
9821
-161
438
-1471
4025
-345
944
8327
-22793
529
-1448
-6738
18469
-529
1450
2140
-5911
391
-1080
4532
-12535
299
-827
1634
-4531
207
-574
2439
-6808
115
-321
-1908
5359
-115
323
-2828
7981
-253
714
-3265
9223
-782
2209
-5197
14697
-529
1496
4555
-12949
299
-850
3106
-8855
161
-459
-988
2829
-161
461
6280
-18009
529
-1517
-8923
25622
-529
1519
-3771
10879
-391
1128
-4300
12443
-207
599
3911
-11362
253
-735
3658
-10649
529
-1540
-11591
33787
-529
1542
70
-207
23
-68
-3426
10603
-253
783
1703
-5290
207
-643
7568
-23575
391
-1218
-1747
5451
-391
1220
-3265
10212
-368
1151
9569
-29969
690
-2161
3681
-11546
161
-505
-1563
4922
-161
507
-4116
12995
-299
944
-2989
9476
-276
875
4509
-14329
253
-804
1427
-4554
115
-367
-896
2875
-115
369
2761
-8878
529
-1701
-4369
14099
-207
668
-4139
13386
-299
967
1358
-4439
253
-827
1059
-3473
161
-528
-1586
5221
-161
530
3336
-11017
529
-1747
1289
-4278
69
-229
-3955
13271
-391
1312
1910
-6417
253
-850
3129
-10580
299
-1011
-1977
6739
-115
392
1082
-3703
161
-551
6050
-20769
529
-1816
1772
-6095
207
-712
1933
-6670
253
-873
-3518
12167
-253
875
-5795
20079
-299
1036
-4162
14467
-437
1519
5015
-17434
529
-1839
323
-1127
92
-321
13985
-49266
966
-3403
8948
-31533
437
-1540
2439
-8602
391
-1379
-1908
6739
-391
1381
3175
-11224
299
-1057
4072
-14421
253
-896
-5657
20079
-253
898
-4438
15801
-207
737
-4737
16882
-736
2623
4325
-15433
322
-1149
1473
-5290
115
-413
8258
-29785
529
-1908
-7727
27899
-529
1910
1611
-5819
299
-1080
-5841
21137
-299
1082
1450
-5267
253
-919
-5680
20677
-253
921
7775
-28336
391
-1425
-2483
9062
-391
1427
-4576
16721
-529
1933
-781
2875
-69
254
3543
-13087
529
-1954
3244
-12029
161
-597
-1816
6785
-345
1289
8856
-33097
529
-1977
-7267
27186
-529
1979
2531
-9522
391
-1471
4831
-18193
299
-1126
1841
-6946
207
-781
2554
-9683
115
-436
-2023
7705
-115
438
-3081
11776
-253
967
-4047
15479
-782
2991
-5726
21919
-529
2025
4854
-18653
299
-1149
3267
-12581
161
-620
-1149
4439
-161
622
6809
-26335
529
-2046
-9452
36593
-529
2048
-4162
16169
-391
1519
-4507
17549
-207
806
4164
-16261
253
-988
4187
-16376
529
-2069
93
-368
23
-91
-3679
15065
-253
1036
1910
-7843
207
-850
7959
-32752
391
-1609
-2138
8809
-391
1611
-1724
7153
-161
668
-4415
18354
-299
1243
-3265
13616
-276
1151
4762
-19895
253
-1057
1542
-6463
115
-482
-1011
4255
-115
484
3290
-13869
529
-2230
-4576
19343
-207
875
-4438
18791
-299
1266
1611
-6877
253
-1080
1220
-5221
161
-689
-1747
7498
-161
691
3865
-16629
529
-2276
1358
-5865
69
-298
-4346
18929
-391
1703
2163
-9430
253
-1103
3428
-15019
299
-1310
-2092
9223
-115
507
1243
-5497
161
-712
6579
-29164
529
-2345
1979
-8786
207
-919
2186
-9729
253
-1126
-3771
16813
-253
1128
-6094
27209
-299
1335
-4599
20585
-437
1956
5544
-24817
529
-2368
415
-1863
92
-413
14951
-67620
966
-4369
9385
-42458
437
-1977
2830
-12811
391
-1770
-2299
10419
-391
1772
3474
-15755
299
-1356
4325
-19642
253
-1149
-4645
21183
-207
944
-5473
24978
-736
3359
4647
-21229
322
-1471
1588
-7291
115
-528
8787
-40480
529
-2437
-8256
38065
-529
2439
1910
-8809
299
-1379
-6140
28359
-299
1381
1703
-7889
253
-1172
8166
-37927
391
-1816
-2874
13363
-391
1818
-5105
23759
-529
2462
-850
3979
-69
323
4072
-19113
529
-2483
3405
-16031
161
-758
-2161
10235
-345
1634
9385
-44459
529
-2506
-7796
36961
-529
2508
2922
-13915
391
-1862
5130
-24449
299
-1425
2048
-9775
207
-988
-2138
10281
-115
553
-3334
16077
-253
1220
-4829
23299
-782
3773
-6255
30199
-529
2554
5153
-24955
299
-1448
3428
-16629
161
-781
-1310
6371
-161
783
7338
-35719
529
-2575
-9981
48622
-529
2577
-4553
22241
-391
1910
-4714
23069
-207
1013
4417
-21666
253
-1241
4716
-23161
529
-2598
116
-575
23
-114
-3932
20033
-253
1289
2117
-10810
207
-1057
8350
-42711
391
-2000
-2529
12949
-391
2002
-1885
9706
-161
829
-4714
24311
-299
1542
-3541
18308
-276
1427
5015
-25967
253
-1310
1657
-8602
115
-597
-1126
5865
-115
599
3819
-19918
529
-2759
-4737
24794
-299
1565
1864
-9821
253
-1333
1381
-7291
161
-850
-1908
10097
-161
852
1427
-7590
69
-367
-4737
25369
-391
2094
2416
-12949
253
-1356
3727
-20056
299
-1609
-2207
11937
-115
622
1404
-7613
161
-873
7108
-38617
529
-2874
2186
-11891
207
-1126
2439
-13294
253
-1379
-4024
21965
-253
1381
-6393
34937
-299
1634
-5036
27577
-437
2393
6073
-33258
529
-2897
507
-2783
92
-505
15917
-87906
966
-5335
9822
-54257
437
-2414
3221
-17802
391
-2161
-2690
14881
-391
2163
3773
-20884
299
-1655
4578
-25369
253
-1402
1703
-9522
115
-643
9316
-52233
529
-2966
-8785
49289
-529
2968
2209
-12397
299
-1678
-6439
36179
-299
1680
1956
-11017
253
-1425
8557
-48300
391
-2207
-3265
18446
-391
2209
-5634
31855
-529
2991
-919
5221
-69
392
4601
-26197
529
-3012
3566
-20355
161
-919
-2506
14375
-345
1979
9914
-56879
529
-3035
-8325
47794
-529
3037
3313
-19090
391
-2253
5429
-31303
299
-1724
2255
-13018
207
-1195
-2253
13087
-115
668
-3587
20884
-253
1473
-5611
32683
-782
4555
-6784
39537
-529
3083
5452
-31855
299
-1747
3589
-20999
161
-942
-1471
8625
-161
944
7867
-46161
529
-3104
-4944
29095
-391
2301
4670
-27577
253
-1494
5245
-31004
529
-3127
139
-828
23
-137
-4185
25507
-253
1542
2324
-14191
207
-1264
8741
-53452
391
-2391
-2920
17871
-391
2393
-2046
12581
-161
990
-5013
30866
-299
1841
-3817
23552
-276
1703
5268
-32545
253
-1563
1772
-10971
115
-712
-1241
7705
-115
714
4348
-27025
529
-3288
-5036
31395
-299
1864
2117
-13271
253
-1586
1542
-9683
161
-1011
-2069
13018
-161
1013
1496
-9453
69
-436
-5128
32591
-391
2485
2669
-16974
253
-1609
4026
-25691
299
-1908
-2322
14881
-115
737
1565
-10051
161
-1034
7637
-49128
529
-3403
2393
-15410
207
-1333
2692
-17365
253
-1632
-4277
27623
-253
1634
-6692
43263
-299
1933
-5473
35443
-437
2830
6602
-42757
529
-3426
3612
-23575
391
-2552
-3081
20125
-391
2554
4072
-26611
299
-1954
4831
-31602
253
-1655
1818
-11983
115
-758
9845
-65044
529
-3495
-9314
61571
-529
3497
2508
-16583
299
-1977
-6738
44597
-299
1979
2209
-14651
253
-1678
8948
-59455
391
-2598
-3656
24311
-391
2600
-6163
41009
-529
3520
-988
6601
-69
461
5130
-34339
529
-3541
-2851
19205
-345
2324
10443
-70357
529
-3564
-8854
59685
-529
3566
3704
-25047
391
-2644
5728
-38755
299
-2023
2462
-16675
207
-1402
-2368
16123
-115
783
-3840
26197
-253
1726
-6393
43631
-782
5337
-7313
49933
-529
3612
5751
-39353
299
-2046
-1632
11201
-161
1105
8396
-57661
529
-3633
-5335
36731
-391
2692
4923
-33994
253
-1747
5774
-39905
529
-3656
162
-1127
23
-160
-4438
31487
-253
1795
2531
-17986
207
-1471
-3311
23575
-391
2784
-2207
15778
-161
1151
-5312
38019
-299
2140
5521
-39629
253
-1816
1887
-13570
115
-827
-1356
9775
-115
829
4877
-35190
529
-3817
-5335
38594
-299
2163
2370
-17227
253
-1839
1703
-12397
161
-1172
-2230
16261
-161
1174
1565
-11454
69
-505
-5519
40595
-391
2876
2922
-21505
253
-1862
4325
-31924
299
-2207
-2437
18055
-115
852
1726
-12811
161
-1195
8166
-60697
529
-3932
2600
-19343
207
-1540
2945
-21942
253
-1885
-4530
33787
-253
1887
-5910
44183
-437
3267
7131
-53314
529
-3955
4003
-30130
391
-2943
-3472
26151
-391
2945
4371
-32936
299
-2253
5084
-38341
253
-1908
1933
-14674
115
-873
10374
-78913
529
-4024
-9843
74911
-529
4026
2807
-21367
299
-2276
2462
-18791
253
-1931
-4047
30958
-391
2991
-6692
51221
-529
4049
-1057
8119
-69
530
5659
-43539
529
-4070
-3196
24725
-345
2669
10972
-84893
529
-4093
-9383
72634
-529
4095
4095
-31786
391
-3035
6027
-46805
299
-2322
2669
-20746
207
-1609
-2483
19389
-115
898
-4093
32016
-253
1979
6050
-47449
299
-2345
-1793
14099
-161
1266
8925
-70219
529
-4162
-5726
45149
-391
3083
5176
-40917
253
-2000
6303
-49864
529
-4185
185
-1472
23
-183
-4691
37973
-253
2048
2738
-22195
207
-1678
-3702
30061
-391
3175
-2368
19297
-161
1312
-5611
45770
-299
2439
5774
-47219
253
-2069
2002
-16399
115
-942
-1471
12075
-115
944
5406
-44413
529
-4346
-5634
46391
-299
2462
2623
-21689
253
-2092
1864
-15433
161
-1333
-2391
19826
-161
1335
-5910
49381
-391
3267
3175
-26542
253
-2115
4624
-38755
299
-2506
-2552
21459
-115
967
1887
-15893
161
-1356
8695
-73324
529
-4461
2807
-23690
207
-1747
3198
-27025
253
-2138
-4783
40457
-253
2140
-6347
53797
-437
3704
7660
-64929
529
-4484
4394
-37467
391
-3334
-3863
32959
-391
3336
4670
-39859
299
-2552
5337
-45586
253
-2161
2048
-17595
115
-988
10903
-93840
529
-4553
-10372
89309
-529
4555
3106
-26749
299
-2575
2715
-23437
253
-2184
-4438
38387
-391
3382
-7221
62491
-529
4578
-1126
9775
-69
599
6188
-53797
529
-4599
-3541
30935
-345
3014
-9912
86641
-529
4624
4486
-39307
391
-3426
6326
-55453
299
-2621
2876
-25231
207
-1816
-2598
22885
-115
1013
-4346
38341
-253
2232
6349
-56143
299
-2644
-1954
17319
-161
1427
9454
-83835
529
-4691
-6117
54349
-391
3474
5429
-48346
253
-2253
6832
-60881
529
-4714
208
-1863
23
-206
-4944
44965
-253
2301
2945
-26818
207
-1885
-4093
37329
-391
3566
-2529
23138
-161
1473
-5910
54119
-299
2738
2117
-19458
115
-1057
-1586
14605
-115
1059
5935
-54694
529
-4875
-5933
54786
-299
2761
2876
-26657
253
-2345
2025
-18791
161
-1494
-2552
23713
-161
1496
-6301
58949
-391
3658
3428
-32085
253
-2368
4923
-46184
299
-2805
2048
-19297
161
-1517
9224
-87009
529
-4990
3014
-28451
207
-1954
3451
-32614
253
-2391
-5036
47633
-253
2393
-6784
64285
-437
4141
8189
-77602
529
-5013
4785
-45586
391
-3725
-4254
40549
-391
3727
4969
-47380
299
-2851
5590
-53337
253
-2414
2163
-20746
115
-1103
-10901
104765
-529
5084
3405
-32729
299
-2874
2968
-28589
253
-2437
-4829
46598
-391
3773
-7750
74819
-529
5107
-1195
11569
-69
668
6717
-65113
529
-5128
-3886
37835
-345
3359
-10441
101706
-529
5153
4877
-47610
391
-3817
6625
-64699
299
-2920
3083
-30130
207
-2023
-4599
45172
-253
2485
6648
-65435
299
-2943
-2115
20861
-161
1588
9983
-98509
529
-5220
-6508
64331
-391
3865
5682
-56281
253
-2506
7361
-72956
529
-5243
231
-2300
23
-229
-5197
52463
-253
2554
3152
-31855
207
-2092
-4484
45379
-391
3957
-2690
27301
-161
1634
-6209
63066
-299
3037
2232
-22747
115
-1172
-1701
17365
-115
1174
6464
-66033
529
-5404
-6232
63779
-299
3060
3129
-32131
253
-2598
2186
-22471
161
-1655
-2713
27922
-161
1657
-6692
69299
-391
4049
3681
-38134
253
-2621
5222
-54211
299
-3104
2209
-23023
161
-1678
3221
-33626
207
-2161
3704
-38709
253
-2644
-5289
55315
-253
2646
-7221
75647
-437
4578
8718
-91333
529
-5542
5176
-54487
391
-4116
-4645
48921
-391
4118
5268
-55499
299
-3150
2278
-24127
115
-1218
3704
-39307
299
-3173
3221
-34247
253
-2690
-5220
55591
-391
4164
-8279
88205
-529
5636
-1264
13501
-69
737
7246
-77487
529
-5657
-4231
45425
-345
3704
-10970
117829
-529
5682
5268
-56695
391
-4208
3290
-35443
207
-2230
-4852
52509
-253
2738
-2276
24725
-161
1749
-6899
75095
-391
4256
7890
-86089
529
-5772
254
-2783
23
-252
-5450
60467
-253
2807
3359
-37306
207
-2299
-4875
54211
-391
4348
-2851
31786
-161
1795
-6508
72611
-299
3336
2347
-26266
115
-1287
-1816
20355
-115
1289
6993
-78430
529
-5933
-6531
73370
-299
3359
3382
-38111
253
-2851
2347
-26473
161
-1816
-2874
32453
-161
1818
-7083
80431
-391
4440
3934
-44689
253
-2874
5521
-62836
299
-3403
2370
-27071
161
-1839
3428
-39215
207
-2368
3957
-45310
253
-2897
-5542
63503
-253
2899
-7658
87883
-437
5015
5567
-64170
391
-4507
-5036
58075
-391
4509
5567
-64216
299
-3449
2393
-27738
115
-1333
4003
-46483
299
-3472
3474
-40411
253
-2943
-5611
65366
-391
4555
-8808
102649
-529
6165
-1333
15571
-69
806
7775
-90919
529
-6186
-4576
53705
-345
4049
5659
-66562
391
-4599
3497
-41170
207
-2437
-5105
60352
-253
2991
-2437
28911
-161
1910
-7290
86641
-391
4647
8419
-100280
529
-6301
277
-3312
23
-275
-5703
68977
-253
3060
3566
-43171
207
-2506
-5266
63825
-391
4739
-3012
36593
-161
1956
-6807
82754
-299
3635
2462
-30015
115
-1402
-1931
23575
-115
1404
7522
-91885
529
-6462
-6830
83559
-299
3658
3635
-44597
253
-3104
2508
-30797
161
-1977
-3035
37306
-161
1979
-7474
92345
-391
4831
4187
-51750
253
-3127
5820
-72059
299
-3702
2531
-31441
161
-2000
3635
-45218
207
-2575
4210
-52417
253
-3150
-5795
72197
-253
3152
-8095
100993
-437
5452
5958
-74635
391
-4898
-5427
68011
-391
4900
5866
-73531
299
-3748
2508
-31579
115
-1448
4302
-54257
299
-3771
3727
-47081
253
-3196
-6002
75923
-391
4946
-9337
118151
-529
6694
-1402
17779
-69
875
-4921
62675
-345
4394
6050
-77211
391
-4990
3704
-47311
207
-2644
-5358
68701
-253
3244
-2598
33419
-161
2071
-7681
98969
-391
5038
8948
-115529
529
-6830
300
-3887
23
-298
3773
-49450
207
-2713
-5657
74221
-391
5130
-3173
41722
-161
2117
2577
-33994
115
-1517
-2046
27025
-115
1519
8051
-106398
529
-6991
3888
-51589
253
-3357
2669
-35443
161
-2138
-3196
42481
-161
2140
-7865
105041
-391
5222
4440
-59317
253
-3380
6119
-81880
299
-4001
2692
-36133
161
-2161
3842
-51635
207
-2782
4463
-60030
253
-3403
-8532
114977
-437
5889
6349
-85882
391
-5289
-5818
78729
-391
5291
6165
-83444
299
-4047
2623
-35650
115
-1563
4601
-62629
299
-4070
3980
-54257
253
-3449
-6393
87262
-391
5337
-9866
134711
-529
7223
-1471
20125
-69
944
-5266
72335
-345
4739
6441
-88642
391
-5381
3911
-53866
207
-2851
-5611
77556
-253
3497
-2759
38249
-161
2232
-8072
112079
-391
5429
9477
-131836
529
-7359
323
-4508
23
-321
3980
-56143
207
-2920
-6048
85399
-391
5521
-3334
47173
-161
2278
-2161
30705
-115
1634
8580
-121969
529
-7520
4141
-59087
253
-3610
2830
-40411
161
-2299
-3357
47978
-161
2301
-8256
118519
-391
5613
4693
-67390
253
-3633
6418
-92299
299
-4300
2853
-41147
161
-2322
4049
-58466
207
-2989
4716
-68149
253
-3656
-8969
129835
-437
6326
6740
-97911
391
-5680
-6209
90229
-391
5682
6464
-93955
299
-4346
4900
-71599
299
-4369
4233
-61939
253
-3702
-6784
99383
-391
5728
-10395
152329
-529
7752
-1540
22609
-69
1013
-5611
82685
-345
5084
6832
-100855
391
-5772
4118
-60835
207
-3058
-2920
43401
-161
2393
-8463
125971
-391
5820
10006
-149201
529
-7888
346
-5175
23
-344
4187
-63250
207
-3127
-6439
97359
-391
5912
-3495
52946
-161
2439
-2276
34615
-115
1749
9109
-138598
529
-8049
4394
-67091
253
-3863
2991
-45701
161
-2460
-3518
53797
-161
2462
-8647
132779
-391
6004
4946
-75969
253
-3886
6717
-103316
299
-4599
3014
-46483
161
-2483
4256
-65711
207
-3196
4969
-76774
253
-3909
-9406
145567
-437
6763
7131
-110722
391
-6071
-6600
102511
-391
6073
6763
-105064
299
-4645
5199
-81167
299
-4668
4486
-70127
253
-3955
-7175
112286
-391
6119
-5956
93725
-345
5429
7223
-113850
391
-6163
4325
-68218
207
-3265
-3081
48875
-161
2554
-8854
140645
-391
6211
10535
-167624
529
-8417
369
-5888
23
-367
4394
-70771
207
-3334
-6830
110101
-391
6303
-3656
59041
-161
2600
-2391
38755
-115
1864
9638
-156285
529
-8578
4647
-75601
253
-4116
3152
-51313
161
-2621
-3679
59938
-161
2623
5199
-85054
253
-4139
3175
-52141
161
-2644
4463
-73370
207
-3403
5222
-85905
253
-4162
-9843
162173
-437
7200
7522
-124315
391
-6462
-6991
115575
-391
6464
5498
-91333
299
-4967
4739
-78821
253
-4208
-7566
125971
-391
6510
-6301
105455
-345
5774
7614
-127627
391
-6554
4532
-76015
207
-3472
-3242
54671
-161
2715
11064
-187105
529
-8946
392
-6647
23
-390
4601
-78706
207
-3541
-7221
123625
-391
6694
-2506
43125
-115
1979
4900
-84617
253
-4369
3313
-57247
161
-2782
5452
-94645
253
-4392
3336
-58121
161
-2805
4670
-81443
207
-3610
5475
-95542
253
-4415
7913
-138690
391
-6853
-7382
129421
-391
6855
5797
-102097
299
-5266
4992
-88021
253
-4461
-7957
140438
-391
6901
-6646
117875
-345
6119
8005
-142186
391
-6945
4739
-84226
207
-3679
-3403
60789
-161
2876
11593
-207644
529
-9475
415
-7452
23
-413
-7612
137931
-391
7085
-2621
47725
-115
2094
5153
-94139
253
-4622
3474
-63503
161
-2943
5705
-104742
253
-4645
3497
-64423
161
-2966
5728
-105685
253
-4668
8304
-153847
391
-7244
-7773
144049
-391
7246
6096
-113459
299
-5565
5245
-97727
253
-4714
-8348
155687
-391
7292
-6991
130985
-345
6464
8396
-157527
391
-7336
-3564
67229
-161
3037
438
-8303
23
-436
-8003
153019
-391
7476
5406
-104167
253
-4875
3635
-70081
161
-3104
3658
-71047
161
-3127
8695
-169786
391
-7635
-8164
159459
-391
7637
6395
-125419
299
-5864
5498
-107939
253
-4967
-8739
171718
-391
7683
-7336
144785
-345
6809
8787
-173650
391
-7727
461
-9200
23
-459
-8394
168889
-391
7867
5659
-114701
253
-5128
-8555
175651
-391
8028
6694
-137977
299
-6163
5751
-118657
253
-5220
-7681
159275
-345
7154
484
-10143
23
-482
-8785
185541
-391
8258
-8946
192625
-391
8419
507
-11132
23
-505
