1
30
0
1
-899
30
-30
1
11731
-810
420
-29
3631
-270
390
-29
6331
-510
360
-29
2731
-240
330
-29
931
-90
300
-29
-8129
840
-300
31
3631
-390
270
-29
-1829
210
-270
31
2731
-330
240
-29
-929
120
-240
31
5431
-750
210
-29
-1829
270
-210
31
931
-150
180
-29
-4529
780
-180
31
9061
-1620
330
-59
-2759
510
-330
61
931
-180
150
-29
-3629
750
-150
31
961
-210
270
-59
-1859
420
-270
61
-9179
2130
-780
181
3841
-900
1020
-239
2731
-660
120
-29
-929
240
-120
31
1891
-510
330
-89
-7289
2010
-330
91
961
-270
210
-59
-1859
540
-210
61
8191
-2430
300
-89
-989
300
-300
91
-8219
2550
-390
121
931
-300
90
-29
-1829
630
-90
31
7321
-2640
330
-119
1231
-450
900
-329
29221
-10740
1140
-419
6391
-2370
240
-89
-4589
1740
-240
91
3661
-1440
150
-59
-959
390
-150
61
6451
-2670
360
-149
991
-420
210
-89
-7379
3180
-420
181
13201
-5730
1380
-599
13711
-5970
480
-209
1021
-450
270
-119
-4619
2070
-270
121
-1049
480
-330
151
-9179
4260
-390
181
931
-450
60
-29
-929
480
-60
31
2911
-1560
390
-209
9181
-4980
330
-179
3751
-2070
270
-149
-7349
4110
-270
151
-1169
660
-480
271
17611
-9960
900
-509
-10409
5910
-900
511
-5519
3180
-210
121
-4709
2760
-360
211
3691
-2190
150
-89
-989
600
-150
91
2851
-1770
240
-149
-1049
660
-240
151
1471
-930
900
-569
2221
-1410
660
-419
-2909
1860
-330
211
961
-630
90
-59
-1859
1260
-90
61
3871
-2670
390
-269
8311
-5790
300
-209
-1109
780
-300
211
4651
-3300
210
-149
-5549
3990
-210
151
2941
-2130
330
-239
-8339
6090
-330
241
2791
-2070
120
-89
-989
750
-120
91
17791
-13620
900
-689
-10589
8130
-900
691
6511
-5040
270
-209
-7409
5790
-270
211
1021
-810
150
-119
-3719
3000
-150
121
7471
-6090
330
-269
-1169
960
-330
271
1051
-870
180
-149
-4649
3900
-180
151
4681
-3990
210
-179
-1079
930
-210
181
6511
-5670
240
-209
-4709
4140
-240
211
6541
-5790
270
-239
-4739
4230
-270
241
1171
-1050
300
-269
-8369
7560
-300
271
-7499
6840
-330
301
-4829
4440
-360
331
-8459
7830
-390
361
-1289
1200
-420
391
31
-30
30
-29
12151
-12990
420
-449
4021
-4320
390
-419
6691
-7230
360
-389
3061
-3330
330
-359
1231
-1350
300
-329
-8429
9300
-300
331
3901
-4320
270
-299
-2099
2340
-270
301
2971
-3330
240
-269
-1169
1320
-240
271
5641
-6420
210
-239
-2039
2340
-210
241
1111
-1290
180
-209
-4709
5520
-180
211
9391
-11070
330
-389
-3089
3660
-330
391
1081
-1290
150
-179
-3779
4560
-150
181
1231
-1500
270
-329
-2129
2610
-270
331
-9959
12270
-780
961
4861
-6000
1020
-1259
2851
-3540
120
-149
-1049
1320
-120
151
2221
-2820
330
-419
-7619
9720
-330
421
1171
-1500
210
-269
-2069
2670
-210
271
8491
-11010
300
-389
-1289
1680
-300
391
-8609
11280
-390
511
1021
-1350
90
-119
-1919
2580
-90
121
7651
-10410
330
-449
2131
-2910
900
-1229
6631
-9090
240
-329
-4829
6660
-240
331
3811
-5310
150
-209
-1109
1560
-150
211
6811
-9630
360
-509
1201
-1710
210
-299
-7799
11160
-420
601
14581
-20910
1380
-1979
14191
-20370
480
-689
1291
-1860
270
-389
-4889
7080
-270
391
-1379
2010
-330
481
-9569
14010
-390
571
991
-1470
60
-89
-989
1500
-60
91
3301
-5070
390
-599
9511
-14670
330
-509
4021
-6240
270
-419
-7619
11880
-270
421
-1649
2580
-480
751
18511
-28980
900
-1409
-11309
17730
-900
1411
-5729
9030
-210
331
-5069
8040
-360
571
3841
-6120
150
-239
-1139
1830
-150
241
3091
-5010
240
-389
-1289
2100
-240
391
2371
-3870
900
-1469
-3239
5310
-330
541
1051
-1740
90
-149
-1949
3270
-90
151
4261
-7200
390
-659
8611
-14610
300
-509
-1409
2400
-300
511
4861
-8310
210
-359
-5759
9900
-210
361
3271
-5640
330
-569
-8669
15000
-330
571
2911
-5070
120
-209
-1109
1950
-120
211
18691
-33000
900
-1589
-11489
20310
-900
1591
6781
-12030
270
-479
-7679
13680
-270
481
1171
-2100
150
-269
-3869
6990
-150
271
7801
-14160
330
-599
-1499
2730
-330
601
1231
-2250
180
-329
-4829
8880
-180
331
4891
-9060
210
-389
-1289
2400
-210
391
6751
-12630
240
-449
-4949
9300
-240
451
6811
-12840
270
-509
-5009
9480
-270
511
1471
-2790
300
-569
-8669
16500
-300
571
-7829
14970
-330
631
-5189
9960
-360
691
-8849
17040
-390
751
-1709
3300
-420
811
61
-120
30
-59
12571
-26010
420
-869
4411
-9150
390
-809
7051
-14670
360
-749
3391
-7080
330
-689
1531
-3210
300
-629
-8729
18360
-300
631
4171
-8790
270
-569
-2369
5010
-270
571
3211
-6810
240
-509
-1409
3000
-240
511
5851
-12510
210
-449
-2249
4830
-210
451
1291
-2790
180
-389
-4889
10620
-180
391
9721
-21180
330
-719
-3419
7470
-330
721
1231
-2700
150
-329
-3929
8670
-150
331
1501
-3330
270
-599
-2399
5340
-270
601
-10739
23970
-780
1741
5881
-13140
1020
-2279
2971
-6660
120
-269
-1169
2640
-120
271
2551
-5790
330
-749
-7949
18090
-330
751
1381
-3150
210
-479
-2279
5220
-210
481
8791
-20190
300
-689
-1589
3660
-300
691
-8999
20790
-390
901
1111
-2580
90
-209
-2009
4710
-90
211
7981
-18840
330
-779
3031
-7170
900
-2129
6871
-16290
240
-569
-5069
12060
-240
571
3961
-9480
150
-359
-1259
3030
-150
361
7171
-17310
360
-869
1411
-3420
210
-509
1561
-3810
270
-659
-5159
12630
-270
661
-1709
4200
-330
811
-9959
24540
-390
961
1051
-2610
60
-149
-1049
2640
-60
151
3691
-9360
390
-989
9841
-25020
330
-839
4291
-10950
270
-689
-7889
20190
-270
691
-2129
5460
-480
1231
19411
-49800
900
-2309
-12209
31350
-900
2311
-5939
15300
-210
541
-5429
14040
-360
931
3991
-10350
150
-389
-1289
3360
-150
391
3331
-8730
240
-629
-1529
4020
-240
631
3271
-8610
900
-2369
-3569
9420
-330
871
1141
-3030
90
-239
-2039
5460
-90
241
4651
-12510
390
-1049
8911
-24030
300
-809
-1709
4620
-300
811
5071
-13740
210
-569
-5969
16230
-210
571
3601
-9810
330
-899
-8999
24570
-330
901
3031
-8310
120
-329
-1229
3390
-120
331
19591
-54180
900
-2489
-12389
34290
-900
2491
7051
-19560
270
-749
-7949
22110
-270
751
1321
-3690
150
-419
-4019
11280
-150
421
8131
-22890
330
-929
-1829
5160
-330
931
1411
-3990
180
-509
-5009
14220
-180
511
5101
-14550
210
-599
-1499
4290
-210
601
6991
-20070
240
-689
-5189
14940
-240
691
7081
-20430
270
-779
-5279
15270
-270
781
1771
-5130
300
-869
-8969
26040
-300
871
-8159
23760
-330
961
-5549
16200
-360
1051
-9239
27030
-390
1141
-2129
6240
-420
1231
91
-270
30
-89
4801
-14760
390
-1199
7411
-22830
360
-1109
3721
-11490
330
-1019
1831
-5670
300
-929
4441
-13800
270
-839
-2639
8220
-270
841
3451
-10770
240
-749
-1649
5160
-240
751
6061
-19020
210
-659
-2459
7740
-210
661
1471
-4650
180
-569
-5069
16080
-180
571
-3749
11940
-330
1051
1381
-4410
150
-479
-4079
13080
-150
481
1771
-5700
270
-869
-2669
8610
-270
871
-11519
37230
-780
2521
6901
-22320
1020
-3299
3091
-10020
120
-389
-1289
4200
-120
391
2881
-9420
330
-1079
-8279
27120
-330
1081
1591
-5220
210
-689
-2489
8190
-210
691
-1889
6240
-300
991
-9389
31080
-390
1291
1201
-3990
90
-299
-2099
7020
-90
301
8311
-27930
330
-1109
7111
-23970
240
-809
-5309
17940
-240
811
4111
-13950
150
-509
-1409
4800
-150
511
7531
-25710
360
-1229
1621
-5550
210
-719
1831
-6300
270
-929
-5429
18720
-270
931
-2039
7050
-330
1141
-10349
35850
-390
1351
1111
-3870
60
-209
-1109
3900
-60
211
4081
-14430
390
-1379
4561
-16200
270
-959
-2609
9300
-480
1711
20311
-72420
900
-3209
-13109
46770
-900
3211
-6149
21990
-210
751
-5789
20760
-360
1291
4141
-14880
150
-539
-1439
5190
-150
541
3571
-12930
240
-869
-1769
6420
-240
871
4171
-15150
900
-3269
-3899
14190
-330
1201
1231
-4500
90
-329
-2129
7830
-90
331
5041
-18600
390
-1439
-2009
7440
-300
1111
5281
-19590
210
-779
-6179
22980
-210
781
3931
-14640
330
-1229
-9329
34800
-330
1231
3151
-11790
120
-449
-1349
5070
-120
451
-13289
50070
-900
3391
7321
-27630
270
-1019
1471
-5580
150
-569
-4169
15870
-150
571
8461
-32280
330
-1259
-2159
8250
-330
1261
1591
-6090
180
-689
-5189
19920
-180
691
5311
-20460
210
-809
-1709
6600
-210
811
-5429
21060
-240
931
7351
-28560
270
-1049
-5549
21600
-270
1051
2071
-8070
300
-1169
-8489
33210
-330
1291
-5909
23160
-360
1411
-9629
37800
-390
1531
-2549
10020
-420
1651
121
-480
30
-119
5191
-21150
390
-1589
7771
-31710
360
-1469
4051
-16560
330
-1349
2131
-8730
300
-1229
4711
-19350
270
-1109
-2909
11970
-270
1111
3691
-15210
240
-989
-1889
7800
-240
991
6271
-25950
210
-869
-2669
11070
-210
871
1651
-6870
180
-749
-5249
21900
-180
751
-4079
17070
-330
1381
1531
-6420
150
-629
-4229
17790
-150
631
2041
-8610
270
-1139
-2939
12420
-270
1141
-12299
52050
-780
3301
7921
-33540
1020
-4319
3211
-13620
120
-509
-1409
6000
-120
511
3211
-13710
330
-1409
-8609
36810
-330
1411
1801
-7710
210
-899
-2699
11580
-210
901
-2189
9420
-300
1291
-9779
42150
-390
1681
1291
-5580
90
-389
-2189
9510
-90
391
8641
-37680
330
-1439
-5549
24300
-240
1051
4261
-18720
150
-659
-1559
6870
-150
661
7891
-34830
360
-1589
1831
-8100
210
-929
2101
-9330
270
-1199
-5699
25350
-270
1201
-2369
10560
-330
1471
-10739
47940
-390
1741
1171
-5250
60
-269
-1169
5280
-60
271
4471
-20280
390
-1769
4831
-21990
270
-1229
-3089
14100
-480
2191
21211
-96840
900
-4109
-14009
63990
-900
4111
-6149
28200
-360
1651
4291
-19710
150
-689
-1589
7320
-150
691
3811
-17610
240
-1109
-2009
9300
-240
1111
5071
-23490
900
-4169
-4229
19620
-330
1531
1321
-6150
90
-419
-2219
10380
-90
421
5431
-25470
390
-1829
-2309
10860
-300
1411
5491
-25860
210
-989
4261
-20130
330
-1559
-9659
45690
-330
1561
3271
-15510
120
-569
-1469
6990
-120
571
-14189
67650
-900
4291
7591
-36240
270
-1289
1621
-7770
150
-719
-4319
20760
-150
721
8791
-42330
330
-1589
-2489
12000
-330
1591
1771
-8550
180
-869
-5369
25980
-180
871
5521
-26790
210
-1019
-1919
9330
-210
1021
-5669
27660
-240
1171
7621
-37230
270
-1319
-5819
28470
-270
1321
2371
-11610
300
-1469
-8819
43320
-330
1621
-6269
30840
-360
1771
-10019
49350
-390
1921
-2969
14640
-420
2071
151
-750
30
-149
5581
-28320
390
-1979
8131
-41310
360
-1829
4381
-22290
330
-1679
2431
-12390
300
-1529
4981
-25440
270
-1379
-3179
16260
-270
1381
3931
-20130
240
-1229
-2129
10920
-240
1231
-2879
14820
-210
1081
1831
-9450
180
-929
-4409
22860
-330
1711
1681
-8730
150
-779
-4379
22800
-150
781
2311
-12060
270
-1409
-3209
16770
-270
1411
-13079
68430
-780
4081
8941
-46800
1020
-5339
3331
-17460
120
-629
-1529
8040
-120
631
3541
-18660
330
-1739
-8939
47160
-330
1741
2011
-10620
210
-1109
-2909
15390
-210
1111
-2489
13200
-300
1591
-10169
54000
-390
2071
1381
-7350
90
-479
-2279
12180
-90
481
8971
-48090
330
-1769
-5789
31140
-240
1291
4411
-23790
150
-809
-1709
9240
-150
811
8251
-44670
360
-1949
2041
-11070
210
-1139
2371
-12900
270
-1469
-5969
32520
-270
1471
-2699
14730
-330
1801
-11129
60810
-390
2131
1231
-6750
60
-329
-1229
6780
-60
331
4861
-26910
390
-2159
5101
-28320
270
-1499
-3569
19860
-480
2671
22111
-123060
900
-5009
-14909
83010
-900
5011
-6509
36360
-360
2011
4441
-24840
150
-839
-1739
9750
-150
841
4051
-22770
240
-1349
-2249
12660
-240
1351
5971
-33630
900
-5069
-4559
25710
-330
1861
1411
-7980
90
-509
-2309
13110
-90
511
5821
-33120
390
-2219
-2609
14880
-300
1711
5701
-32550
210
-1199
4591
-26280
330
-1889
3391
-19470
120
-689
-1589
9150
-120
691
-15089
87030
-900
5191
7861
-45390
270
-1559
1771
-10260
150
-869
-4469
25950
-150
871
9121
-53040
330
-1919
-2819
16410
-330
1921
1951
-11370
180
-1049
5731
-33540
210
-1229
-2129
12480
-210
1231
-5909
34740
-240
1411
7891
-46440
270
-1589
-6089
35880
-270
1591
2671
-15750
300
-1769
-9149
54090
-330
1951
-6629
39240
-360
2131
-10409
61680
-390
2311
-3389
20100
-420
2491
181
-1080
30
-179
5971
-36270
390
-2369
8491
-51630
360
-2189
4711
-28680
330
-2009
2731
-16650
300
-1829
5251
-32070
270
-1649
-3449
21090
-270
1651
4171
-25530
240
-1469
-2369
14520
-240
1471
-3089
18990
-210
1291
2011
-12390
180
-1109
-4739
29310
-330
2041
1831
-11340
150
-929
2581
-16050
270
-1679
-3479
21660
-270
1681
-13859
86370
-780
4861
9961
-62100
1020
-6359
3451
-21540
120
-749
-1649
10320
-120
751
3871
-24270
330
-2069
-9269
58170
-330
2071
2221
-13950
210
-1319
-3119
19620
-210
1321
-2789
17580
-300
1891
-10559
66630
-390
2461
1471
-9300
90
-569
-2369
15030
-90
571
9301
-59160
330
-2099
-6029
38460
-240
1531
-1859
11910
-150
961
8611
-55230
360
-2309
2251
-14460
210
-1349
2641
-17010
270
-1739
-6239
40230
-270
1741
-3029
19560
-330
2131
-11519
74460
-390
2521
1291
-8370
60
-389
-1289
8400
-60
391
5251
-34320
390
-2549
5371
-35190
270
-1769
-4049
26580
-480
3151
23011
-151080
900
-5909
-15809
103830
-900
5911
-6869
45240
-360
2371
-1889
12480
-150
991
4291
-28410
240
-1589
-2489
16500
-240
1591
6871
-45570
900
-5969
-4889
32460
-330
2191
1501
-9990
90
-599
-2399
16020
-90
601
6211
-41550
390
-2609
-2909
19500
-300
2011
5911
-39660
210
-1409
4921
-33090
330
-2219
3511
-23670
120
-809
-1709
11550
-120
811
-15989
108210
-900
6091
1921
-13050
150
-1019
9451
-64410
330
-2249
-3149
21480
-330
2251
2131
-14550
180
-1229
5941
-40710
210
-1439
-2339
16050
-210
1441
-6149
42300
-240
1651
-6359
43830
-270
1861
2971
-20490
300
-2069
-9479
65520
-330
2281
-6989
48360
-360
2491
-10799
74790
-390
2701
-3809
26400
-420
2911
211
-1470
30
-209
6361
-45000
390
-2759
8851
-62670
360
-2549
5041
-35730
330
-2339
3031
-21510
300
-2129
5521
-39240
270
-1919
-3719
26460
-270
1921
4411
-31410
240
-1709
-2609
18600
-240
1711
-3299
23580
-210
1501
2191
-15690
180
-1289
-5069
36420
-330
2371
1981
-14250
150
-1079
2851
-20580
270
-1949
-3749
27090
-270
1951
-14639
105870
-780
5641
10981
-79440
1020
-7379
3571
-25860
120
-869
-1769
12840
-120
871
4201
-30540
330
-2399
-9599
69840
-330
2401
2431
-17700
210
-1529
-3329
24270
-210
1531
-3089
22560
-300
2191
-10949
80040
-390
2851
1561
-11430
90
-659
-2459
18060
-90
661
9631
-70890
330
-2429
-6269
46260
-240
1771
-2009
14880
-150
1111
8971
-66510
360
-2669
2461
-18270
210
-1559
2911
-21660
270
-2009
-6509
48480
-270
2011
-3359
25050
-330
2461
1351
-10110
60
-449
-1349
10140
-60
451
5641
-42510
390
-2939
5641
-42600
270
-2039
-4529
34260
-480
3631
23911
-180900
900
-6809
-16709
126450
-900
6811
-7229
54840
-360
2731
-2039
15510
-150
1141
4531
-34530
240
-1829
-2729
20820
-240
1831
7771
-59310
900
-6869
-5219
39870
-330
2521
1591
-12180
90
-689
-2489
19110
-90
691
6601
-50760
390
-2999
-3209
24720
-300
2311
6121
-47190
210
-1619
5251
-40560
330
-2549
-1829
14190
-120
931
-16889
131190
-900
6991
2071
-16140
150
-1169
9781
-76440
330
-2579
-3479
27210
-330
2581
2311
-18090
180
-1409
6151
-48300
210
-1649
-2549
20040
-210
1651
-6389
50340
-240
1891
-6629
52320
-270
2131
3271
-25830
300
-2369
-9809
77610
-330
2611
-7349
58200
-360
2851
-11189
88680
-390
3091
-4229
33540
-420
3331
241
-1920
30
-239
6751
-54510
390
-3149
9211
-74430
360
-2909
5371
-43440
330
-2669
3331
-26970
300
-2429
5791
-46950
270
-2189
-3989
32370
-270
2191
4651
-37770
240
-1949
-2849
23160
-240
1951
-3509
28590
-210
1711
2371
-19350
180
-1469
-5399
44190
-330
2701
2131
-17460
150
-1229
3121
-25650
270
-2219
-4019
33060
-270
2221
-1889
15600
-120
991
4531
-37470
330
-2729
2641
-21870
210
-1739
-3539
29340
-210
1741
-3389
28140
-300
2491
-11339
94230
-390
3241
1651
-13740
90
-749
-2549
21270
-90
751
-6509
54540
-240
2011
-2159
18150
-150
1261
9331
-78510
360
-3029
2671
-22500
210
-1769
3181
-26850
270
-2279
-6779
57270
-270
2281
-3689
31200
-330
2791
1411
-11970
60
-509
-1409
12000
-60
511
6031
-51480
390
-3329
5911
-50550
270
-2309
-5009
42900
-480
4111
24811
-212520
900
-7709
-17609
150870
-900
7711
-7589
65160
-360
3091
-2189
18840
-150
1291
4771
-41130
240
-2069
-2969
25620
-240
2071
8671
-74850
900
-7769
-5549
47940
-330
2851
1681
-14550
90
-779
-2579
22380
-90
781
6991
-60750
390
-3389
-3509
30540
-300
2611
5581
-48690
330
-2879
-1949
17070
-120
1051
-17789
155970
-900
7891
2221
-19530
150
-1319
-3809
33600
-330
2911
2491
-21990
180
-1589
-2759
24450
-210
1861
-6629
58860
-240
2131
-6899
61350
-270
2401
3571
-31770
300
-2669
-7709
68760
-360
3211
-11579
103350
-390
3481
-4649
41520
-420
3751
271
-2430
30
-269
7141
-64800
390
-3539
9571
-86910
360
-3269
5701
-51810
330
-2999
3631
-33030
300
-2729
6061
-55200
270
-2459
-4259
38820
-270
2461
4891
-44610
240
-2189
-3089
28200
-240
2191
-3719
34020
-210
1921
2551
-23370
180
-1649
-5729
52620
-330
3031
2281
-20970
150
-1379
3391
-31260
270
-2489
-4289
39570
-270
2491
-2009
18600
-120
1111
4861
-45060
330
-3059
2851
-26460
210
-1949
-3749
34830
-210
1951
-3689
34320
-300
2791
1741
-16230
90
-839
-2639
24660
-90
841
-6749
63300
-240
2251
-2309
21720
-150
1411
9691
-91230
360
-3389
2881
-27150
210
-1979
3451
-32580
270
-2549
-7049
66600
-270
2551
-4019
38010
-330
3121
1471
-13950
60
-569
-1469
13980
-60
571
6421
-61230
390
-3719
6181
-59040
270
-2579
-5489
52500
-480
4591
-18509
177090
-900
8611
-7949
76200
-360
3451
-2339
22470
-150
1441
5011
-48210
240
-2309
-3209
30900
-240
2311
9571
-92190
900
-8669
-5879
56670
-330
3181
1771
-17100
90
-869
-2669
25830
-90
871
7381
-71520
390
-3779
-3809
36960
-300
2911
5911
-57480
330
-3209
-2069
20190
-120
1171
-18689
182550
-900
8791
2371
-23220
150
-1469
-4139
40650
-330
3241
2671
-26250
180
-1769
-2969
29280
-210
2071
-6869
67860
-240
2371
-7169
70920
-270
2671
3871
-38310
300
-2969
-8069
80040
-360
3571
-5069
50340
-420
4171
301
-3000
30
-299
7531
-75870
390
-3929
9931
-100110
360
-3629
6031
-60840
330
-3329
3931
-39690
300
-3029
6331
-63990
270
-2729
-4529
45810
-270
2731
5131
-51930
240
-2429
-3329
33720
-240
2431
-3929
39870
-210
2131
2731
-27750
180
-1829
-6059
61710
-330
3361
2431
-24780
150
-1529
3661
-37410
270
-2759
-4559
46620
-270
2761
-2129
21840
-120
1231
5191
-53310
330
-3389
3061
-31470
210
-2159
-3959
40740
-210
2161
-3989
41100
-300
3091
1831
-18900
90
-929
-6989
72540
-240
2491
-2459
25590
-150
1561
10051
-104670
360
-3749
3091
-32220
210
-2189
3721
-38850
270
-2819
-7319
76470
-270
2821
-4349
45480
-330
3451
1531
-16050
60
-629
-1529
16080
-60
631
6811
-71760
390
-4109
6451
-68070
270
-2849
-5969
63060
-480
5071
-19409
205110
-900
9511
-8309
87960
-360
3811
-2489
26400
-150
1591
5251
-55770
240
-2549
-3449
36660
-240
2551
10471
-111330
900
-9569
-6209
66060
-330
3511
1861
-19830
90
-959
7771
-83070
390
-4169
-4109
43980
-300
3211
6241
-66930
330
-3539
-2189
23550
-120
1291
-19589
210930
-900
9691
2521
-27210
150
-1619
-4469
48360
-330
3571
2851
-30870
180
-1949
-3179
34530
-210
2281
-7109
77340
-240
2611
-7439
81030
-270
2941
4171
-45450
300
-3269
-8429
92040
-360
3931
-5489
60000
-420
4591
331
-3630
30
-329
7921
-87720
390
-4319
10291
-114030
360
-3989
6361
-70530
330
-3659
4231
-46950
300
-3329
6601
-73320
270
-2999
-4799
53340
-270
3001
5371
-59730
240
-2669
-3569
39720
-240
2671
-4139
46140
-210
2341
2911
-32490
180
-2009
-6389
71460
-330
3691
2581
-28890
150
-1679
3931
-44100
270
-3029
-4829
54210
-270
3031
-2249
25320
-120
1351
5521
-62220
330
-3719
3271
-36900
210
-2369
-4169
47070
-210
2371
-4289
48480
-300
3391
1921
-21750
90
-1019
-2609
29760
-150
1711
10411
-118830
360
-4109
3301
-37710
210
-2399
3991
-45660
270
-3089
-7589
86880
-270
3091
-4679
53610
-330
3781
1591
-18270
60
-689
-1589
18300
-60
691
7201
-83070
390
-4499
6721
-77640
270
-3119
-6449
74580
-480
5551
-20309
234930
-900
10411
-8669
100440
-360
4171
-2639
30630
-150
1741
5491
-63810
240
-2789
-3689
42900
-240
2791
11371
-132270
900
-10469
-6539
76110
-330
3841
1951
-22740
90
-1049
8161
-95400
390
-4559
-4409
51600
-300
3511
6571
-77040
330
-3869
-2309
27150
-120
1411
2671
-31500
150
-1769
-4799
56730
-330
3901
3031
-35850
180
-2129
-3389
40200
-210
2491
-7709
91680
-270
3211
4471
-53190
300
-3569
-8789
104760
-360
4291
-5909
70500
-420
5011
361
-4320
30
-359
8311
-100350
390
-4709
10651
-128670
360
-4349
6691
-80880
330
-3989
4531
-54810
300
-3629
6871
-83190
270
-3269
-5069
61410
-270
3271
5611
-68010
240
-2909
-3809
46200
-240
2911
-4349
52830
-210
2551
3091
-37590
180
-2189
-6719
81870
-330
4021
2731
-33300
150
-1829
4201
-51330
270
-3299
-5099
62340
-270
3301
-2369
29040
-120
1471
5851
-71790
330
-4049
3481
-42750
210
-2579
-4379
53820
-210
2581
-4589
56460
-300
3691
2011
-24780
90
-1109
-2759
34230
-150
1861
10771
-133710
360
-4469
3511
-43620
210
-2609
4261
-53010
270
-3359
-7859
97830
-270
3361
-5009
62400
-330
4111
1651
-20610
60
-749
-1649
20640
-60
751
7591
-95160
390
-4889
6991
-87750
270
-3389
-6929
87060
-480
6031
-21209
266550
-900
11311
-9029
113640
-360
4531
-2789
35160
-150
1891
5731
-72330
240
-3029
-3929
49620
-240
3031
12271
-155010
900
-11369
-6869
86820
-330
4171
2041
-25830
90
-1139
8551
-108510
390
-4949
-4709
59820
-300
3811
6901
-87810
330
-4199
-2429
30990
-120
1531
2821
-36090
150
-1919
-5129
65760
-330
4231
3211
-41190
180
-2309
-3599
46290
-210
2701
-7979
102870
-270
3481
4771
-61530
300
-3869
-9149
118200
-360
4651
-6329
81840
-420
5431
391
-5070
30
-389
8701
-113760
390
-5099
7021
-91890
330
-4319
4831
-63270
300
-3929
7141
-93600
270
-3539
-5339
70020
-270
3541
5851
-76770
240
-3149
-4049
53160
-240
3151
-4559
59940
-210
2761
3271
-43050
180
-2369
-7049
92940
-330
4351
2881
-38010
150
-1979
4471
-59100
270
-3569
-5369
71010
-270
3571
-2489
33000
-120
1591
6181
-82020
330
-4379
3691
-49020
210
-2789
-4589
60990
-210
2791
-4889
65040
-300
3991
2101
-27990
90
-1199
-2909
39000
-150
2011
3721
-49950
210
-2819
4531
-60900
270
-3629
-5339
71850
-330
4441
1711
-23070
60
-809
-1709
23100
-60
811
7981
-108030
390
-5279
7261
-98400
270
-3659
-7409
100500
-480
6511
-22109
299970
-900
12211
-9389
127560
-360
4891
-2939
39990
-150
2041
5971
-81330
240
-3269
-4169
56820
-240
3271
13171
-179550
900
-12269
-7199
98190
-330
4501
2131
-29100
90
-1229
8941
-122400
390
-5339
-5009
68640
-300
4111
7231
-99240
330
-4529
-2549
35070
-120
1651
2971
-40980
150
-2069
-5459
75450
-330
4561
3391
-46890
180
-2489
-3809
52800
-210
2911
5071
-70470
300
-4169
-9509
132360
-360
5011
-6749
94020
-420
5851
421
-5880
30
-419
9091
-127950
390
-5489
7351
-103560
330
-4649
5131
-72330
300
-4229
7411
-104550
270
-3809
-5609
79170
-270
3811
6091
-86010
240
-3389
-4289
60600
-240
3391
-4769
67470
-210
2971
3451
-48870
180
-2549
-7379
104670
-330
4681
3031
-43020
150
-2129
4741
-67410
270
-3839
-5639
80220
-270
3841
-2609
37200
-120
1711
6511
-92910
330
-4709
3901
-55710
210
-2999
-4799
68580
-210
3001
-5189
74220
-300
4291
2191
-31380
90
-1289
-3059
44070
-150
2161
3931
-56700
210
-3029
4801
-69330
270
-3899
-5669
81960
-330
4771
1771
-25650
60
-869
-1769
25680
-60
871
8371
-121680
390
-5669
7531
-109590
270
-3929
-7889
114900
-480
6991
-23009
335190
-900
13111
-9749
142200
-360
5251
-3089
45120
-150
2191
6211
-90810
240
-3509
-4409
64500
-240
3511
14071
-205890
900
-13169
-7529
110220
-330
4831
2221
-32550
90
-1319
9331
-137070
390
-5729
-5309
78060
-300
4411
7561
-111330
330
-4859
-2669
39390
-120
1771
3121
-46170
150
-2219
-5789
85800
-330
4891
3571
-52950
180
-2669
-4019
59730
-210
3121
5371
-80010
300
-4469
-9869
147240
-360
5371
-7169
107040
-420
6271
451
-6750
30
-449
9481
-142920
390
-5879
7681
-115890
330
-4979
5431
-81990
300
-4529
7681
-116040
270
-4079
-5879
88860
-270
4081
6331
-95730
240
-3629
-4529
68520
-240
3631
-4979
75420
-210
3181
3631
-55050
180
-2729
-7709
117060
-330
5011
3181
-48330
150
-2279
5011
-76260
270
-4109
-5909
89970
-270
4111
-2729
41640
-120
1831
6841
-104460
330
-5039
4111
-62820
210
-3209
-5009
76590
-210
3211
-5489
84000
-300
4591
2281
-34950
90
-1379
-3209
49440
-150
2311
4141
-63870
210
-3239
5071
-78300
270
-4169
-5999
92730
-330
5101
8761
-136110
390
-6059
7801
-121320
270
-4199
-8369
130260
-480
7471
-23909
372210
-900
14011
-10109
157560
-360
5611
-3239
50550
-150
2341
6451
-100770
240
-3749
-4649
72660
-240
3751
14971
-234030
900
-14069
-7859
122910
-330
5161
2311
-36180
90
-1409
9721
-152520
390
-6119
-5609
88080
-300
4711
7891
-124080
330
-5189
-2789
43950
-120
1891
3271
-51660
150
-2369
-6119
96810
-330
5221
3751
-59370
180
-2849
-4229
67080
-210
3331
5671
-90150
300
-4769
-10229
162840
-360
5731
-7589
120900
-420
6691
481
-7680
30
-479
9871
-158670
390
-6269
8011
-128880
330
-5309
5731
-92250
300
-4829
7951
-128070
270
-4349
-6149
99090
-270
4351
6571
-105930
240
-3869
-4769
76920
-240
3871
-5189
83790
-210
3391
3811
-61590
180
-2909
-8039
130110
-330
5341
3331
-53940
150
-2429
5281
-85650
270
-4379
-6179
100260
-270
4381
-2849
46320
-120
1951
7171
-116670
330
-5369
4321
-70350
210
-3419
-5219
85020
-210
3421
-5789
94380
-300
4891
2371
-38700
90
-1469
-3359
55110
-150
2461
4351
-71460
210
-3449
5341
-87810
270
-4439
-6329
104160
-330
5431
9151
-151320
390
-6449
8071
-133590
270
-4469
-8849
146580
-480
7951
-24809
411030
-900
14911
-10469
173640
-360
5971
-3389
56280
-150
2491
6691
-111210
240
-3989
-4889
81300
-240
3991
15871
-263970
900
-14969
-8189
136260
-330
5491
2401
-39990
90
-1499
10111
-168750
390
-6509
-5909
98700
-300
5011
8221
-137490
330
-5519
-2909
48750
-120
2011
3421
-57450
150
-2519
-6449
108480
-330
5551
3931
-66150
180
-3029
-4439
74850
-210
3541
5971
-100890
300
-5069
-10589
179160
-360
6091
-8009
135600
-420
7111
511
-8670
30
-509
10261
-175200
390
-6659
8341
-142530
330
-5639
6031
-103110
300
-5129
-6419
109860
-270
4621
6811
-116610
240
-4109
-5009
85800
-240
4111
-5399
92580
-210
3601
3991
-68490
180
-3089
-8369
143820
-330
5671
3481
-59850
150
-2579
5551
-95580
270
-4649
-6449
111090
-270
4651
-2969
51240
-120
2071
7501
-129540
330
-5699
4531
-78300
210
-3629
-5429
93870
-210
3631
-6089
105360
-300
5191
2461
-42630
90
-1559
-3509
61080
-150
2611
4561
-79470
210
-3659
5611
-97860
270
-4709
-6659
116250
-330
5761
9541
-167310
390
-6839
-9329
163860
-480
8431
-3539
62310
-150
2641
6931
-122130
240
-4229
-5129
90420
-240
4231
16771
-295710
900
-15869
-8519
150270
-330
5821
2491
-43980
90
-1589
10501
-185760
390
-6899
-6209
109920
-300
5311
8551
-151560
330
-5849
-3029
53790
-120
2131
3571
-63540
150
-2669
-6779
120810
-330
5881
4111
-73290
180
-3209
-4649
83040
-210
3751
6271
-112230
300
-5369
-8429
151140
-420
7531
541
-9720
30
-539
10651
-192510
390
-7049
8671
-156840
330
-5969
6331
-114570
300
-5429
-6689
121170
-270
4891
7051
-127770
240
-4349
-5249
95160
-240
4351
-5609
101790
-210
3811
4171
-75750
180
-3269
-8699
158190
-330
6001
3631
-66060
150
-2729
5821
-106050
270
-4919
-6719
122460
-270
4921
-3089
56400
-120
2191
7831
-143070
330
-6029
4741
-86670
210
-3839
-5639
103140
-210
3841
-6389
116940
-300
5491
2551
-46740
90
-1649
-3659
67350
-150
2761
4771
-87900
210
-3869
5881
-108450
270
-4979
-6989
129000
-330
6091
9931
-184080
390
-7229
-9809
182100
-480
8911
-3689
68640
-150
2791
7171
-133530
240
-4469
-5369
100020
-240
4471
17671
-329250
900
-16769
-8849
164940
-330
6151
2581
-48150
90
-1679
10891
-203550
390
-7289
-6509
121740
-300
5611
8881
-166290
330
-6179
-3149
59070
-120
2251
3721
-69930
150
-2819
-7109
133800
-330
6211
4291
-80790
180
-3389
-4859
91650
-210
3961
6571
-124170
300
-5669
-8849
167520
-420
7951
571
-10830
30
-569
11041
-210600
390
-7439
9001
-171810
330
-6299
6631
-126630
300
-5729
-6959
133020
-270
5161
-5489
105000
-240
4591
-5819
111420
-210
4021
4351
-83370
180
-3449
-9029
173220
-330
6331
3781
-72570
150
-2879
6091
-117060
270
-5189
-6989
134370
-270
5191
-3209
61800
-120
2311
8161
-157260
330
-6359
4951
-95460
210
-4049
-5849
112830
-210
4051
-6689
129120
-300
5791
2641
-51030
90
-1739
-3809
73920
-150
2911
4981
-96750
210
-4079
6151
-119580
270
-5249
-7319
142410
-330
6421
10321
-201630
390
-7619
-10289
201300
-480
9391
-3839
75270
-150
2941
-5609
110100
-240
4711
18571
-364590
900
-17669
-9179
180270
-330
6481
2671
-52500
90
-1769
11281
-222120
390
-7679
-6809
134160
-300
5911
9211
-181680
330
-6509
-3269
64590
-120
2371
3871
-76620
150
-2969
-7439
147450
-330
6541
4471
-88650
180
-3569
-5069
100680
-210
4171
6871
-136710
300
-5969
-9269
184740
-420
8371
601
-12000
30
-599
11431
-229470
390
-7829
9331
-187440
330
-6629
6931
-139290
300
-6029
-7229
145410
-270
5431
-5729
115320
-240
4831
-6029
121470
-210
4231
4531
-91350
180
-3629
-9359
188910
-330
6661
3931
-79380
150
-3029
6361
-128610
270
-5459
-7259
146820
-270
5461
-3329
67440
-120
2431
8491
-172110
330
-6689
5161
-104670
210
-4259
-6059
122940
-210
4261
-6989
141900
-300
6091
-3959
80790
-150
3061
5191
-106020
210
-4289
6421
-131250
270
-5519
-7649
156480
-330
6751
10711
-219960
390
-8009
-10769
221460
-480
9871
-3989
82200
-150
3091
-5849
120660
-240
4951
19471
-401730
900
-18569
-9509
196260
-330
6811
11671
-241470
390
-8069
-7109
147180
-300
6211
9541
-197730
330
-6839
-3389
70350
-120
2491
4021
-83610
150
-3119
-7769
161760
-330
6871
4651
-96870
180
-3749
-5279
110130
-210
4381
7171
-149850
300
-6269
-9689
202800
-420
8791
631
-13230
30
-629
9661
-203730
330
-6959
7231
-152550
300
-6329
-7499
158340
-270
5701
-5969
126120
-240
5071
-6239
131940
-210
4441
4711
-99690
180
-3809
-9689
205260
-330
6991
4081
-86490
150
-3179
6631
-140700
270
-5729
-7529
159810
-270
5731
-3449
73320
-120
2551
8821
-187620
330
-7019
5371
-114300
210
-4469
-6269
133470
-210
4471
-7289
155280
-300
6391
-4109
87960
-150
3211
5401
-115710
210
-4499
6691
-143460
270
-5789
-7979
171210
-330
7081
11101
-239070
390
-8399
-11249
242580
-480
10351
-4139
89430
-150
3241
-6089
131700
-240
5191
20371
-440670
900
-19469
-9839
212910
-330
7141
-7409
160800
-300
6511
9871
-214440
330
-7169
-3509
76350
-120
2611
4171
-90900
150
-3269
-8099
176730
-330
7201
4831
-105450
180
-3929
-5489
120000
-210
4591
7471
-163590
300
-6569
-10109
221700
-420
9211
661
-14520
30
-659
7531
-166410
300
-6629
-7769
171810
-270
5971
-6209
137400
-240
5311
4891
-108390
180
-3989
4231
-93900
150
-3329
6901
-153330
270
-5999
-7799
173340
-270
6001
-3569
79440
-120
2671
9151
-203790
330
-7349
5581
-124350
210
-4679
-7589
169260
-300
6691
-4259
95430
-150
3361
5611
-125820
210
-4709
6961
-156210
270
-6059
-8309
186600
-330
7411
11491
-258960
390
-8789
-11729
264660
-480
10831
-4289
96960
-150
3391
-6329
143220
-240
5431
21271
-481410
900
-20369
-7709
175020
-300
6811
4321
-98490
150
-3419
-8429
192360
-330
7531
5011
-114390
180
-4109
-5699
130290
-210
4801
7771
-177930
300
-6869
-10529
241440
-420
9631
691
-15870
30
-689
7831
-180870
300
-6929
-8039
185820
-270
6241
-6449
149160
-240
5551
5071
-117450
180
-4169
4381
-101610
150
-3479
7171
-166500
270
-6269
-8069
187410
-270
6271
9481
-220620
330
-7679
5791
-134820
210
-4889
-7889
183840
-300
6991
-4409
103200
-150
3511
5821
-136350
210
-4919
7231
-169500
270
-6329
-8639
202650
-330
7741
-12209
287700
-480
11311
-4439
104790
-150
3541
-6569
155220
-240
5671
22171
-523950
900
-21269
-8009
189840
-300
7111
4471
-106380
150
-3569
-8759
208650
-330
7861
5191
-123690
180
-4289
-5909
141000
-210
5011
8071
-192870
300
-7169
-10949
262020
-420
10051
721
-17280
30
-719
8131
-195930
300
-7229
-6689
161400
-240
5791
5251
-126870
180
-4349
7441
-180210
270
-6539
9811
-238110
330
-8009
6001
-145710
210
-5099
-8189
199020
-300
7291
6031
-147300
210
-5129
7501
-183330
270
-6599
-8969
219360
-330
8071
-12689
311700
-480
11791
-6809
167700
-240
5911
23071
-568290
900
-22169
-8309
205260
-300
7411
-9089
225600
-330
8191
5371
-133350
180
-4469
-6119
152130
-210
5221
8371
-208410
300
-7469
-11369
283440
-420
10471
751
-18750
30
-749
8431
-211590
300
-7529
-6929
174120
-240
6031
7711
-194460
270
-6809
6211
-157020
210
-5309
-8489
214800
-300
7591
6241
-158670
210
-5339
7771
-197700
270
-6869
-9299
236730
-330
8401
-13169
336660
-480
12271
-7049
180660
-240
6151
-8609
221280
-300
7711
-9419
243210
-330
8521
8671
-224550
300
-7769
-11789
305700
-420
10891
781
-20280
30
-779
8731
-227850
300
-7829
-7169
187320
-240
6271
7981
-209250
270
-7079
-8789
231180
-300
7891
8041
-212610
270
-7139
-9629
254760
-330
8731
-13649
362580
-480
12751
-8909
237900
-300
8011
-9749
261480
-330
8851
8971
-241290
300
-8069
-12209
328800
-420
11311
811
-21870
30
-809
-14129
389460
-480
13231
841
-23520
30
-839
871
-25230
30
-869
