1
19
0
1
-360
19
-19
1
-1481
152
-380
39
5093
-551
342
-37
-1462
171
-171
20
1825
-247
133
-18
-379
57
-133
20
3307
-513
361
-56
-3666
589
-361
58
3649
-646
209
-37
1103
-209
95
-18
-1481
304
-190
39
-1158
247
-361
77
1844
-399
171
-37
419
-95
247
-56
-1861
437
-247
58
2262
-589
361
-94
-4787
1273
-361
96
780
-209
209
-56
1844
-513
133
-37
-2203
646
-133
39
438
-133
247
-75
-1158
361
-247
77
-1633
513
-608
191
-835
266
-361
115
-379
133
-57
20
4105
-1501
361
-132
-3020
1121
-361
134
1122
-437
95
-37
-1481
608
-95
39
-1633
684
-456
191
2281
-969
266
-113
-2222
969
-133
58
-1519
684
-171
77
-455
209
-209
96
-1918
893
-247
115
-1576
741
-285
134
1977
-931
361
-170
39
-19
76
-37
6119
-3230
646
-341
4124
-2185
285
-151
3022
-1615
247
-132
3725
-2014
209
-113
1901
-1045
171
-94
438
-247
133
-75
2737
-1577
361
-208
-4540
2641
-361
210
419
-247
95
-56
-778
475
-95
58
-1633
1026
-304
191
989
-627
418
-265
761
-494
57
-37
-1519
1026
-114
77
-968
665
-361
248
3782
-2603
247
-170
-4502
3135
-247
172
457
-323
133
-94
-816
589
-133
96
-3400
2489
-209
153
-1861
1368
-570
419
1559
-1159
152
-113
3079
-2356
247
-189
-4521
3496
-247
191
-1576
1235
-171
134
-3305
2603
-532
419
-1367
1083
-361
286
-797
646
-95
77
-531
437
-209
172
-1633
1368
-228
191
4029
-3401
494
-417
2281
-1938
133
-113
-835
722
-133
115
1958
-1729
171
-151
1768
-1577
361
-322
-5737
5149
-361
324
20
-19
19
-18
-1633
1824
-171
191
1958
-2223
133
-151
-512
589
-133
153
3668
-4237
361
-417
-4027
4674
-361
419
3858
-4541
209
-246
1198
-1425
95
-113
-1671
2014
-190
229
-1519
1843
-361
438
2015
-2451
171
-208
666
-817
247
-303
-2108
2603
-247
305
2623
-3306
361
-455
-5148
6517
-361
457
989
-1254
209
-265
1977
-2527
133
-170
-2336
3021
-133
172
685
-893
247
-322
-1405
1843
-247
324
-2241
2945
-608
799
-1196
1577
-361
476
-436
589
-57
77
4466
-6099
361
-493
-3381
4636
-361
495
1217
-1691
95
-132
-1576
2223
-95
134
-2089
2964
-456
647
2547
-3629
266
-379
-2355
3382
-133
191
-1690
2451
-171
248
-664
969
-209
305
-2165
3173
-247
362
-1861
2736
-285
419
2338
-3439
361
-531
115
-171
76
-113
6765
-10336
646
-987
4409
-6745
285
-436
3269
-5016
247
-379
3934
-6061
209
-322
2072
-3211
171
-265
571
-893
133
-208
3098
-4883
361
-569
-4901
7752
-361
571
514
-817
95
-151
-873
1406
-95
153
-1937
3154
-304
495
1407
-2299
418
-683
818
-1349
57
-94
-1633
2736
-114
191
-1329
2242
-361
609
4029
-6802
247
-417
590
-1007
133
-227
-949
1634
-133
229
-3609
6251
-209
362
-2431
4218
-570
989
1711
-2983
152
-265
3326
-5871
247
-436
-1747
3116
-171
305
-3837
6859
-532
951
-1728
3097
-361
647
-892
1615
-95
172
-740
1349
-209
381
-1861
3420
-228
419
4523
-8341
494
-911
2414
-4465
133
-246
-968
1805
-133
248
2129
-4009
171
-322
2129
-4028
361
-683
-6098
11571
-361
685
39
-76
19
-37
-1804
3819
-171
362
2091
-4465
133
-284
-645
1387
-133
286
4029
-8683
361
-778
-4388
9481
-361
780
1293
-2831
95
-208
-1861
4104
-190
419
-1880
4161
-361
799
2186
-4845
171
-379
913
-2033
247
-550
-2355
5263
-247
552
2984
-6745
361
-816
-5509
12483
-361
818
1198
-2717
209
-474
2110
-4807
133
-303
-2469
5662
-133
305
932
-2147
247
-569
-1652
3819
-247
571
-1557
3610
-361
837
-493
1159
-57
134
-3742
8873
-361
856
1312
-3135
95
-227
-1671
4028
-95
229
-2545
6156
-456
1103
2813
-6821
266
-645
-2488
6061
-133
324
-1861
4560
-171
419
-873
2147
-209
514
-2412
5947
-247
609
-2146
5301
-285
704
2699
-6669
361
-892
191
-475
76
-189
7411
-18734
646
-1633
4694
-11875
285
-721
3516
-8911
247
-626
2243
-5719
171
-436
704
-1805
133
-341
3459
-8911
361
-930
-5262
13585
-361
932
609
-1577
95
-246
-968
2527
-95
248
-2241
5890
-304
799
1825
-4807
418
-1101
875
-2318
57
-151
4276
-11495
247
-664
723
-1957
133
-360
-1082
2945
-133
362
-3818
10431
-209
571
-3001
8208
-570
1559
1863
-5111
152
-417
3573
-9880
247
-683
-1918
5339
-171
476
-4369
12179
-532
1483
-2089
5833
-361
1008
-987
2774
-95
267
-949
2679
-209
590
-1101
3154
-133
381
2300
-6631
171
-493
2490
-7201
361
-1044
-6459
18715
-361
1046
58
-171
19
-56
-1975
6156
-171
533
2224
-6973
133
-417
-778
2451
-133
419
4390
-13851
361
-1139
-4749
15010
-361
1141
1388
-4427
95
-303
-2241
7201
-361
1160
2357
-7581
171
-550
1160
-3743
247
-797
-2602
8417
-247
799
3345
-10906
361
-1177
1407
-4598
209
-683
2243
-7353
133
-436
1179
-3895
247
-816
-1899
6289
-247
818
-1918
6365
-361
1198
-550
1843
-57
191
-4103
13832
-361
1217
1407
-4769
95
-322
-1766
6023
-95
324
-3001
10260
-456
1559
3079
-10545
266
-911
-2032
7011
-171
590
-1082
3743
-209
723
-2659
9215
-247
856
-2431
8436
-285
989
3060
-10621
361
-1253
267
-931
76
-265
8057
-28424
646
-2279
4979
-17575
285
-1006
3763
-13300
247
-873
2414
-8569
171
-607
837
-2983
133
-474
3820
-13661
361
-1291
704
-2527
95
-341
-1063
3838
-95
343
-2545
9234
-304
1103
2243
-8151
418
-1519
932
-3401
57
-208
4523
-16682
247
-911
856
-3173
133
-493
-1215
4522
-133
495
3820
-14383
247
-930
-2089
7904
-171
647
-2450
9291
-361
1369
-1082
4123
-95
362
-1158
4427
-209
799
-1234
4769
-133
514
2471
-9595
171
-664
2851
-11096
361
-1405
77
-304
19
-75
-2146
8835
-171
704
2357
-9747
133
-550
-911
3781
-133
552
4751
-19741
361
-1500
-5110
21261
-361
1502
1483
-6213
95
-398
-2602
10963
-361
1521
2528
-10659
171
-721
1407
-5947
247
-1044
-2849
12065
-247
1046
3706
-15789
361
-1538
1616
-6897
209
-892
2376
-10165
133
-569
1426
-6137
247
-1063
-2146
9253
-247
1065
-2279
9842
-361
1559
-607
2641
-57
248
-4464
19513
-361
1578
1502
-6593
95
-417
-2203
9804
-171
761
-1291
5757
-209
932
-2906
12977
-247
1103
-2716
12141
-285
1274
3421
-15295
361
-1614
343
-1539
76
-341
8703
-39406
646
-2925
5264
-23845
285
-1291
4010
-18183
247
-1120
2585
-11761
171
-778
970
-4427
133
-607
4181
-19133
361
-1652
799
-3667
95
-436
-1158
5339
-95
438
-2849
13186
-304
1407
2661
-12331
418
-1937
989
-4598
57
-265
989
-4655
133
-626
-1348
6365
-133
628
4067
-19380
247
-1177
-2260
10811
-171
818
-2811
13471
-361
1730
-1177
5662
-95
457
-1367
6593
-209
1008
-1367
6650
-133
647
2642
-12901
171
-835
3212
-15713
361
-1766
96
-475
19
-94
-2317
11856
-171
875
2490
-12787
133
-683
-1044
5377
-133
685
5112
-26353
361
-1861
-5471
28234
-361
1863
1578
-8189
95
-493
-2963
15447
-361
1882
2699
-14079
171
-892
1654
-8645
247
-1291
-3096
16207
-247
1293
4067
-21394
361
-1899
1825
-9614
209
-1101
2509
-13243
133
-702
1673
-8873
247
-1310
-2393
12711
-247
1312
-2640
14041
-361
1920
-664
3553
-57
305
1597
-8607
95
-512
-2374
12939
-171
932
-1500
8189
-209
1141
-3153
17233
-247
1350
-3001
16416
-285
1559
3782
-20691
361
-1975
4257
-23560
247
-1367
2756
-15295
171
-949
1103
-6137
133
-740
4542
-25327
361
-2013
894
-4997
95
-531
-1253
7030
-95
533
-3153
17746
-304
1711
3079
-17347
418
-2355
1046
-5909
57
-322
1122
-6403
133
-759
-1481
8474
-133
761
4314
-24871
247
-1424
-2431
14060
-171
989
-3172
18373
-361
2091
-1272
7391
-95
552
-1576
9177
-209
1217
-1500
8797
-133
780
2813
-16549
171
-1006
3573
-21052
361
-2127
115
-684
19
-113
-2488
15219
-171
1046
-1177
7239
-133
818
5473
-33687
361
-2222
-5832
35929
-361
2224
1673
-10355
95
-588
2870
-17841
171
-1063
1901
-11837
247
-1538
-3343
20843
-247
1540
4428
-27721
361
-2260
2034
-12749
209
-1310
1920
-12103
247
-1557
-2640
16663
-247
1559
-3001
18962
-361
2281
-721
4579
-57
362
1692
-10811
95
-607
-2545
16416
-171
1103
-1709
11039
-209
1350
-3400
21983
-247
1597
-3286
21261
-285
1844
4143
-26809
361
-2336
4504
-29431
247
-1614
2927
-19171
171
-1120
1236
-8113
133
-873
4903
-32243
361
-2374
989
-6517
95
-626
-1348
8911
-95
628
1255
-8417
133
-892
-1614
10849
-133
894
4561
-30856
247
-1671
-2602
17651
-171
1160
-3533
23997
-361
2452
-1367
9310
-95
647
-1785
12179
-209
1426
-1633
11210
-133
913
2984
-20539
171
-1177
3934
-27113
361
-2488
134
-931
19
-132
-2659
18924
-171
1217
-1310
9367
-133
951
5834
-41743
361
-2583
1768
-12711
95
-683
3041
-21945
171
-1234
2148
-15523
247
-1785
-3590
25973
-247
1787
4789
-34770
361
-2621
2243
-16302
209
-1519
2167
-15827
247
-1804
-2887
21109
-247
1806
-3362
24605
-361
2642
-778
5719
-57
419
1787
-13205
95
-702
-2716
20235
-171
1274
-1918
14307
-209
1559
-3647
27227
-247
1844
-3571
26676
-285
2129
4504
-33649
361
-2697
3098
-23389
171
-1291
1369
-10355
133
-1006
5264
-39881
361
-2735
1084
-8227
95
-721
-1443
10982
-95
723
1388
-10697
133
-1025
-1747
13490
-133
1027
-2773
21584
-171
1331
-1462
11419
-95
742
-1994
15599
-209
1635
-1766
13889
-133
1046
3155
-24871
171
-1348
4295
-33896
361
-2849
153
-1216
19
-151
-2830
22971
-171
1388
-1443
11761
-133
1084
3212
-26391
171
-1405
2395
-19703
247
-2032
-3837
31597
-247
2034
5150
-42541
361
-2982
2452
-20273
209
-1728
2414
-20045
247
-2051
-3134
26049
-247
2053
-3723
30970
-361
3003
-835
6973
-57
476
-2887
24396
-171
1445
-2127
17993
-209
1768
-3894
32965
-247
2091
-3856
32661
-285
2414
4865
-41211
361
-3058
1502
-12863
133
-1139
1179
-10127
95
-816
-1538
13243
-95
818
1521
-13243
133
-1158
-1880
16397
-133
1160
-2944
25859
-171
1502
-1557
13718
-95
837
-2203
19437
-209
1844
-1899
16834
-133
1179
4656
-41401
361
-3210
172
-1539
19
-170
-3001
27360
-171
1559
-1576
14421
-133
1217
2642
-24377
247
-2279
-4084
37715
-247
2281
5511
-51034
361
-3343
2661
-24662
209
-1937
2661
-24757
247
-2298
-3381
31483
-247
2300
-4084
38057
-361
3364
-892
8341
-57
533
-3058
28899
-171
1616
-2336
22097
-209
1977
-4141
39197
-247
2338
-4141
39216
-285
2699
1635
-15637
133
-1272
1274
-12217
95
-911
-1633
15694
-95
913
1654
-16055
133
-1291
-2013
19570
-133
1293
-3115
30476
-171
1673
-1652
16207
-95
932
-2412
23693
-209
2053
-2032
20045
-133
1312
5017
-49628
361
-3571
191
-1900
19
-189
-3172
32091
-171
1730
-1709
17347
-133
1350
2889
-29545
247
-2526
-4331
44327
-247
2528
2870
-29469
209
-2146
2908
-29963
247
-2545
-3628
37411
-247
2547
-4445
45866
-361
3725
-949
9823
-57
590
-3229
33744
-171
1787
-2545
26619
-209
2186
-4388
45923
-247
2585
-4426
46341
-285
2984
1768
-18677
133
-1405
1369
-14497
95
-1006
-1728
18335
-95
1008
1787
-19133
133
-1424
-2146
23009
-133
1426
-1747
18886
-95
1027
-2621
28367
-209
2262
-2165
23522
-133
1445
5378
-58577
361
-3932
210
-2299
19
-208
-1842
20539
-133
1483
3136
-35207
247
-2773
-4578
51433
-247
2775
3079
-34694
209
-2355
3155
-35663
247
-2792
-3875
43833
-247
2794
-4806
54397
-361
4086
-1006
11419
-57
647
-2754
31559
-209
2395
-4635
53143
-247
2832
-4711
54036
-285
3269
1901
-21983
133
-1538
1464
-16967
95
-1101
1920
-22477
133
-1557
-2279
26714
-133
1559
-2830
33459
-209
2471
-2298
27265
-133
1578
5739
-68248
361
-4293
229
-2736
19
-227
-1975
23997
-133
1616
3383
-41363
247
-3020
3288
-40337
209
-2564
3402
-41857
247
-3039
-4122
50749
-247
3041
-5167
63650
-361
4447
-1063
13129
-57
704
-2963
36917
-209
2604
-4996
62301
-285
3554
2034
-25555
133
-1671
1559
-19627
95
-1196
2053
-26087
133
-1690
-2412
30685
-133
1692
-3039
38969
-209
2680
-2431
31274
-133
1711
6100
-78641
361
-4654
248
-3211
19
-246
-2108
27721
-133
1749
3630
-48013
247
-3267
3497
-46398
209
-2773
3649
-48545
247
-3286
-4369
58159
-247
3288
-3172
42693
-209
2813
-5281
71136
-285
3839
2167
-29393
133
-1804
1654
-22477
95
-1291
2186
-29963
133
-1823
-3248
44897
-209
2889
6461
-89756
361
-5015
267
-3724
19
-265
-2241
31711
-133
1882
3877
-55157
247
-3514
3706
-52877
209
-2982
3896
-55727
247
-3533
-4616
66063
-247
3535
-3381
48887
-209
3022
2300
-33497
133
-1937
1749
-25517
95
-1386
2319
-34105
133
-1956
-3457
51243
-209
3098
286
-4275
19
-284
-2374
35967
-133
2015
4124
-62795
247
-3761
3915
-59774
209
-3191
4143
-63403
247
-3780
-3590
55499
-209
3231
2433
-37867
133
-2070
2452
-38513
133
-2089
-3666
58007
-209
3307
305
-4864
19
-303
-2507
40489
-133
2148
4371
-70927
247
-4008
4390
-71573
247
-4027
-3799
62529
-209
3440
-3875
65189
-209
3516
324
-5491
19
-322
4618
-79553
247
-4255
4637
-80237
247
-4274
343
-6156
19
-341
