1
17
0
1
-288
17
-17
1
-1189
136
-306
35
3503
-425
272
-33
885
-119
119
-16
-1461
221
-119
18
-1189
204
-204
35
1803
-323
374
-67
1174
-221
85
-16
-883
187
-85
18
-1189
272
-153
35
-2991
697
-442
103
-356
85
-289
69
1208
-323
187
-50
613
-170
119
-33
-645
187
-238
69
1259
-374
340
-101
596
-187
51
-16
681
-238
289
-101
3639
-1292
476
-169
1803
-646
187
-67
-645
238
-187
69
613
-238
85
-33
-1801
731
-170
69
-696
289
-289
120
1497
-629
119
-50
-1206
527
-119
52
2687
-1207
187
-84
-2107
969
-187
86
-2991
1394
-221
103
-4861
2278
-510
239
35
-17
68
-33
-1308
697
-289
154
987
-527
221
-118
1259
-680
187
-101
-679
374
-187
103
936
-527
119
-67
-645
374
-119
69
-1393
816
-408
239
-747
442
-289
171
-917
561
-85
52
2721
-1717
187
-118
-1563
1003
-187
120
766
-493
289
-186
647
-425
102
-67
-322
221
-51
35
2517
-1768
289
-203
-2804
1989
-289
205
-1529
1105
-119
86
-2158
1581
-187
137
-1257
952
-136
103
-509
391
-289
222
1565
-1207
153
-118
647
-510
85
-67
-356
289
-85
69
2840
-2329
289
-237
-2549
2108
-289
239
681
-578
119
-101
-1257
1088
-119
103
1412
-1241
289
-254
-4011
3553
-289
256
18
-17
17
-16
1004
-1139
119
-135
-1580
1819
-119
137
-1393
1632
-204
239
2177
-2567
374
-441
1259
-1496
85
-101
-968
1173
-85
103
-1342
1649
-153
188
-645
799
-289
358
1395
-1768
187
-237
732
-935
119
-152
-883
1139
-238
307
1599
-2074
340
-441
647
-850
51
-67
970
-1309
289
-390
4115
-5576
476
-645
1990
-2703
187
-254
-832
1139
-187
256
698
-969
85
-118
-1971
2771
-170
239
-985
1394
-289
409
1616
-2295
119
-169
-1325
1904
-119
171
2874
-4165
187
-271
-2294
3349
-187
273
-3212
4709
-221
324
-5371
7888
-510
749
103
-153
68
-101
-1597
2448
-289
443
1208
-1853
221
-339
1446
-2227
187
-288
-866
1343
-187
290
1055
-1649
119
-186
-764
1207
-119
188
-1801
2856
-408
647
-1036
1649
-289
460
-1002
1615
-85
137
2908
-4743
187
-305
-1750
2873
-187
307
1055
-1734
289
-475
749
-1241
102
-169
-373
629
-51
86
2806
-4777
289
-492
-3093
5287
-289
494
-1648
2839
-119
205
-2345
4063
-187
324
-798
1411
-289
511
1718
-3043
153
-271
732
-1309
85
-152
-441
799
-85
154
3129
-5695
289
-526
-2838
5185
-289
528
800
-1479
119
-220
-1376
2567
-119
222
1701
-3196
289
-543
-4300
8109
-289
545
35
-68
17
-33
1123
-2397
119
-254
-1699
3655
-119
256
-1597
3468
-204
443
2551
-5559
374
-815
1344
-2941
85
-186
-1053
2329
-85
188
-1495
3332
-153
341
-934
2091
-289
647
1582
-3587
187
-424
851
-1938
119
-271
-1121
2567
-238
545
1939
-4454
340
-781
698
-1615
51
-118
1259
-2958
289
-679
2177
-5134
187
-441
-1019
2414
-187
443
783
-1870
85
-203
-1274
3077
-289
698
1735
-4199
119
-288
-1444
3519
-119
290
3061
-7497
187
-458
-2481
6103
-187
460
-3433
8466
-221
545
-5881
14518
-510
1259
171
-425
68
-169
-1886
4777
-289
732
1429
-3621
221
-560
1633
-4148
187
-475
-1053
2686
-187
477
1174
-3009
119
-305
-883
2278
-119
307
-1325
3434
-289
749
-1087
2839
-85
222
3095
-8143
187
-492
-1937
5117
-187
494
1344
-3553
289
-764
-424
1139
-51
137
3095
-8364
289
-781
-1767
4811
-119
324
-2532
6919
-187
511
-1087
3009
-289
800
1871
-5185
153
-424
817
-2278
85
-237
-526
1479
-85
239
3418
-9639
289
-815
-3127
8840
-289
817
919
-2618
119
-339
-1495
4284
-119
341
1990
-5729
289
-832
-4589
13243
-289
834
52
-153
17
-50
1242
-3893
119
-373
-1818
5729
-119
375
-1801
5712
-204
647
2925
-9299
374
-1189
1429
-4556
85
-271
-1138
3655
-85
273
-1648
5321
-153
494
-1223
3961
-289
936
1769
-5780
187
-611
970
-3179
119
-390
-1359
4471
-238
783
2279
-7514
340
-1121
749
-2482
51
-169
1548
-5185
289
-968
2364
-7939
187
-628
-1206
4063
-187
630
868
-2941
85
-288
1854
-6341
119
-407
-1563
5372
-119
409
-2668
9231
-187
647
-3654
12665
-221
766
-6391
22168
-510
1769
239
-833
68
-237
-2175
7684
-289
1021
1650
-5831
221
-781
1820
-6443
187
-662
-1240
4403
-187
664
1293
-4607
119
-424
-1002
3587
-119
426
-1614
5797
-289
1038
-1172
4233
-85
307
-2124
7735
-187
681
1633
-5950
289
-1053
-475
1751
-51
188
-1886
7021
-119
443
-2719
10149
-187
698
-1376
5185
-289
1089
2024
-7633
153
-577
902
-3417
85
-322
-611
2329
-85
324
3707
-14161
289
-1104
-3416
13073
-289
1106
1038
-3995
119
-458
-1614
6239
-119
460
2279
-8840
289
-1121
69
-272
17
-67
1361
-5627
119
-492
-1937
8041
-119
494
-1223
5151
-85
358
-1801
7616
-153
647
-1512
6409
-289
1225
1956
-8347
187
-798
1089
-4658
119
-509
-1597
6851
-238
1021
2619
-11254
340
-1461
800
-3451
51
-220
1837
-7990
289
-1257
2551
-11118
187
-815
-1393
6086
-187
817
953
-4182
85
-373
1973
-8721
119
-526
-1682
7463
-119
528
-2855
12733
-187
834
-2464
11169
-289
1310
1871
-8483
221
-1002
2007
-9112
187
-849
-1427
6494
-187
851
1412
-6443
119
-543
-1121
5134
-119
545
-1903
8738
-289
1327
-1257
5797
-85
392
-2311
10727
-187
868
1922
-8925
289
-1342
-526
2465
-51
239
-2005
9469
-119
562
-2906
13753
-187
885
-1665
7939
-289
1378
2177
-10387
153
-730
987
-4726
85
-407
-696
3349
-85
409
-3705
17884
-289
1395
1157
-5610
119
-577
-1733
8432
-119
579
2568
-12529
289
-1410
86
-425
17
-84
1480
-7599
119
-611
-1308
6817
-85
443
-1954
10217
-153
800
-1801
9435
-289
1514
2143
-11288
187
-985
1208
-6375
119
-628
-1835
9707
-238
1259
2959
-15674
340
-1801
851
-4522
51
-271
2126
-11373
289
-1546
2738
-14671
187
-1002
-1580
8483
-187
1004
1038
-5593
85
-458
-1801
9792
-119
647
-3042
16609
-187
1021
-2753
15232
-289
1599
2092
-11577
221
-1223
2194
-12155
187
-1036
-1614
8959
-187
1038
1531
-8517
119
-662
-1240
6919
-119
664
-2192
12257
-289
1616
-1342
7531
-85
477
-2498
14093
-187
1055
2211
-12478
289
-1631
-577
3281
-51
290
-3093
17731
-187
1072
-1954
11271
-289
1667
2330
-13447
153
-883
1072
-6205
85
-492
-781
4539
-85
494
1276
-7463
119
-696
-1852
10863
-119
698
2857
-16796
289
-1699
103
-612
17
-101
1599
-9809
119
-730
-1393
8653
-85
528
-2107
13124
-153
953
-2090
13039
-289
1803
2330
-14603
187
-1172
1327
-8330
119
-747
2925
-18598
187
-1189
-1767
11254
-187
1191
1123
-7174
85
-543
-1920
12359
-119
766
-3042
19873
-289
1888
2313
-15113
221
-1444
2381
-15572
187
-1223
-1801
11798
-187
1225
1650
-10829
119
-781
-1359
8942
-119
783
-2481
16354
-289
1905
-1427
9435
-85
562
-2685
17833
-187
1242
2500
-16609
289
-1920
-628
4199
-51
341
2483
-16813
153
-1036
1157
-7854
85
-577
-866
5899
-85
579
1395
-9554
119
-815
-1971
13532
-119
817
3146
-21641
289
-1988
120
-833
17
-118
1718
-12257
119
-849
-2260
16337
-153
1106
-2379
17221
-289
2092
2517
-18292
187
-1359
1446
-10523
119
-866
3112
-22899
187
-1376
-1954
14399
-187
1378
1208
-8925
85
-628
-3331
25092
-289
2177
2534
-19091
221
-1665
2568
-19363
187
-1410
-1988
15011
-187
1412
1769
-13379
119
-900
-1478
11203
-119
902
-2770
21029
-289
2194
-2872
21947
-187
1429
-679
5219
-51
392
1242
-9673
85
-662
-951
7429
-85
664
1514
-11883
119
-934
3435
-27064
289
-2277
137
-1088
17
-135
1837
-14943
119
-968
-2413
19856
-153
1259
-2668
21981
-289
2381
2704
-22355
187
-1546
1565
-12954
119
-985
-2141
17918
-187
1565
1293
-10846
85
-713
-3620
30889
-289
2466
2755
-23511
221
-1886
2755
-23528
187
-1597
-2175
18598
-187
1599
1888
-16167
119
-1019
-1597
13702
-119
1021
-3059
26282
-289
2483
-3059
26435
-187
1616
-730
6341
-51
443
1327
-11662
85
-747
-1036
9129
-85
749
1633
-14450
119
-1053
3724
-33065
289
-2566
154
-1377
17
-152
1956
-17867
119
-1087
-2566
23681
-153
1412
2891
-26792
187
-1733
1684
-15623
119
-1104
-2328
21811
-187
1752
1378
-12937
85
-798
2976
-28373
221
-2107
2942
-28067
187
-1784
-2362
22559
-187
1786
2007
-19193
119
-1138
-1716
16439
-119
1140
-3348
32113
-289
2772
-781
7565
-51
494
1412
-13821
85
-832
-1121
10999
-85
834
1752
-17255
119
-1172
4013
-39644
289
-2855
171
-1700
17
-169
3078
-31603
187
-1920
1803
-18530
119
-1223
-2515
26078
-187
1939
3197
-33677
221
-2328
3129
-32980
187
-1971
-2549
26894
-187
1973
-1835
19414
-119
1259
-832
8891
-51
545
-1206
13039
-85
919
1871
-20298
119
-1291
4302
-46801
289
-3144
188
-2057
17
-186
1922
-21675
119
-1342
-2702
30719
-187
2126
3418
-39423
221
-2549
-2736
31603
-187
2160
-1954
22627
-119
1378
-1291
15249
-85
1004
1990
-23579
119
-1410
4591
-54536
289
-3433
205
-2448
17
-203
-2889
35734
-187
2313
3639
-45611
221
-2770
-2923
36686
-187
2347
-1376
17629
-85
1089
222
-2873
17
-220
-3076
41123
-187
2500
-3110
42143
-187
2534
239
-3332
17
-237
256
-3825
17
-254
273
-4352
17
-271
