1
32
0
1
-1023
32
-32
1
14369
-928
480
-31
9249
-640
448
-31
5153
-384
416
-31
5153
-416
384
-31
6177
-544
352
-31
-4159
384
-704
65
26753
-2528
1344
-127
9249
-896
320
-31
-3103
320
-320
33
2081
-224
288
-31
11329
-1312
544
-63
1057
-128
256
-31
-7199
928
-256
33
2081
-288
224
-31
-4127
608
-224
33
-16511
2560
-832
129
2241
-352
1216
-191
5153
-832
192
-31
14465
-2496
736
-127
11361
-1984
544
-95
5185
-928
352
-63
-4159
768
-352
65
4129
-800
160
-31
-3103
640
-160
33
-9311
2016
-448
97
-8511
1856
-1472
321
2177
-480
576
-127
-7231
1632
-288
65
-5215
1216
-416
97
1057
-256
128
-31
-3103
800
-128
33
5217
-1408
352
-95
-10335
2848
-352
97
-7327
2048
-576
161
17697
-4960
1024
-287
-15647
4416
-1024
289
-5183
1504
-224
65
-16543
4896
-544
161
-3167
960
-320
97
-3199
992
-416
129
2081
-672
96
-31
-4159
1408
-192
65
6785
-2336
1856
-639
23841
-8224
832
-287
14593
-5056
736
-255
17633
-6144
640
-223
8385
-2944
544
-191
9377
-3328
448
-159
1153
-416
352
-127
-9343
3424
-352
129
1121
-416
256
-95
-7263
2752
-256
97
-8351
3232
-416
161
2113
-832
160
-63
9633
-3904
1024
-415
2753
-1120
1728
-703
7457
-3040
704
-287
1249
-512
544
-223
-9439
3904
-544
225
-7327
3072
-384
161
3169
-1344
224
-95
-2143
928
-224
97
2177
-960
288
-127
17697
-7936
640
-287
6305
-2848
352
-159
-9375
4288
-352
161
-5311
2464
-416
193
1505
-704
1024
-479
16897
-7936
1088
-511
1057
-512
64
-31
-1055
544
-64
33
1569
-832
1024
-543
14849
-7904
960
-511
8417
-4512
416
-223
2241
-1216
352
-191
-5311
2912
-352
193
-3423
1888
-640
353
-7327
4096
-288
161
5249
-2976
224
-127
-4223
2432
-224
129
5345
-3104
384
-223
8513
-4992
544
-319
-16703
9856
-544
321
-15775
9344
-704
417
9825
-5824
1024
-607
4289
-2560
320
-191
-3167
1920
-160
97
5377
-3296
416
-255
1185
-736
256
-159
-7327
4608
-256
161
2273
-1440
352
-223
-10463
6688
-352
225
-5407
3488
-448
289
-9567
6208
-544
353
-3487
2272
-640
417
-9695
6336
-736
481
-3615
2368
-832
545
26273
-17216
1024
-671
-7839
5152
-1024
673
-1087
736
-96
65
10529
-7264
416
-287
7393
-5152
320
-223
1409
-992
544
-383
2209
-1568
224
-159
-2367
1696
-448
321
5249
-3776
1600
-1151
11681
-8416
576
-415
1281
-928
352
-255
-6399
4672
-352
257
1121
-832
128
-95
-3167
2400
-128
97
8513
-6528
416
-319
2273
-1760
288
-223
18209
-14208
1024
-799
-16159
12640
-1024
801
5473
-4288
448
-351
2177
-1728
160
-127
-1151
928
-160
129
7457
-6080
352
-287
-6431
5280
-352
289
-6591
5440
-544
449
-9823
8128
-736
609
-1183
992
-192
161
26465
-22304
1024
-863
-8031
6784
-1024
865
3265
-2784
224
-191
-5311
4576
-224
193
1249
-1088
256
-223
-7391
6496
-256
225
-6623
5856
-544
481
-7423
6624
-288
257
7457
-6688
320
-287
-1311
1184
-320
289
10145
-9184
1024
-927
-24479
22208
-1024
929
-5439
4960
-352
321
-7519
6912
-384
353
-8575
7936
-416
385
-5535
5152
-448
417
-1471
1376
-480
449
33
-32
32
-31
14849
-15808
480
-511
9697
-10368
448
-479
5569
-5984
416
-447
5537
-5984
384
-415
6529
-7104
352
-383
-4863
5312
-704
769
28097
-30752
1344
-1471
9569
-10496
320
-351
-3423
3776
-320
353
2369
-2624
288
-319
11873
-13248
544
-607
1313
-1472
256
-287
-7455
8416
-256
289
2305
-2624
224
-255
-4351
4992
-224
257
-17343
20032
-832
961
3457
-4000
1216
-1407
5345
-6208
192
-223
15201
-17824
736
-863
11905
-13984
544
-639
5537
-6528
352
-415
-4511
5344
-352
417
4289
-5120
160
-191
-3263
3936
-160
193
-9759
11872
-448
545
-9983
12160
-1472
1793
2753
-3360
576
-703
-7519
9216
-288
353
-5631
6944
-416
513
1185
-1472
128
-159
-3231
4064
-128
161
5569
-7072
352
-447
-10687
13632
-352
449
-7903
10112
-576
737
18721
-23968
1024
-1311
-16671
21376
-1024
1313
-5407
6976
-224
289
-17087
22144
-544
705
-3487
4544
-320
417
-3615
4736
-416
545
2177
-2880
96
-127
-4351
5824
-192
257
8641
-11616
1856
-2495
24673
-33184
832
-1119
15329
-20640
736
-991
18273
-24640
640
-863
8929
-12064
544
-735
9825
-13312
448
-607
1505
-2048
352
-479
-9695
13248
-352
481
1377
-1888
256
-351
-7519
10368
-256
353
-8767
12160
-416
577
2273
-3168
160
-223
10657
-14976
1024
-1439
4481
-6304
1728
-2431
8161
-11488
704
-991
1793
-2528
544
-767
-9983
14112
-544
769
-7711
10944
-384
545
3393
-4832
224
-319
-2367
3392
-224
321
2465
-3552
288
-415
18337
-26560
640
-927
6657
-9664
352
-511
-9727
14176
-352
513
-5727
8384
-416
609
2529
-3712
1024
-1503
1121
-1664
64
-95
-1119
1696
-64
97
2593
-3968
1024
-1567
8833
-13568
416
-639
2593
-4000
352
-543
-5663
8768
-352
545
-4063
6304
-640
993
-7615
11872
-288
449
5473
-8576
224
-351
-4447
7008
-224
353
5729
-9056
384
-607
9057
-14368
544
-863
-17247
27424
-544
865
-16479
26240
-704
1121
4609
-7360
320
-511
-3327
5344
-160
257
5793
-9344
416
-671
1441
-2336
256
-415
-7583
12352
-256
417
2625
-4288
352
-575
-10815
17728
-352
577
-5855
9632
-448
737
-10111
16672
-544
897
-4127
6816
-640
1057
-10431
17248
-736
1217
-4447
7360
-832
1377
27297
-45184
1024
-1695
-8863
14688
-1024
1697
-1183
1984
-96
161
10945
-18496
416
-703
7713
-13088
320
-543
1953
-3328
544
-927
2433
-4160
224
-383
-2815
4832
-448
769
6849
-11776
1600
-2751
12257
-21088
576
-991
1633
-2816
352
-607
-6751
11680
-352
609
1249
-2176
128
-223
-3295
5792
-128
225
8929
-15776
416
-735
2561
-4544
288
-511
19233
-34240
1024
-1823
-17183
30624
-1024
1825
5921
-10560
448
-799
2337
-4192
160
-287
-1311
2368
-160
289
7809
-14176
352
-639
-6783
12352
-352
641
-7135
13024
-544
993
-10559
19296
-736
1345
-1375
2528
-192
353
-9055
16704
-1024
1889
3489
-6464
224
-415
-5535
10304
-224
417
1505
-2816
256
-479
-7647
14368
-256
481
-7167
13504
-544
1025
-7711
14592
-288
545
7777
-14752
320
-607
-1631
3104
-320
609
11169
-21280
1024
-1951
-25503
48640
-1024
1953
-5791
11072
-352
673
-7903
15168
-384
737
-8991
17312
-416
801
-5983
11552
-448
865
-1951
3776
-480
929
65
-128
32
-63
15329
-31648
480
-991
10145
-20992
448
-927
5985
-12416
416
-863
5921
-12320
384
-799
6881
-14368
352
-735
-5567
11648
-704
1473
29441
-61664
1344
-2815
9889
-20736
320
-671
-3743
7872
-320
673
2657
-5600
288
-607
12417
-26272
544
-1151
1569
-3328
256
-543
-7711
16416
-256
545
2529
-5408
224
-479
-4575
9824
-224
481
-18175
39168
-832
1793
4673
-10080
1216
-2623
5537
-11968
192
-415
15937
-34624
736
-1599
12449
-27072
544
-1183
5889
-12832
352
-767
-4863
10624
-352
769
4449
-9760
160
-351
-3423
7552
-160
353
-10207
22624
-448
993
-11455
25408
-1472
3265
3329
-7392
576
-1279
-7807
17376
-288
641
-6047
13504
-416
929
1313
-2944
128
-287
-3359
7584
-128
289
5921
-13440
352
-799
-11039
25120
-352
801
-8479
19328
-576
1313
19745
-45024
1024
-2335
-17695
40384
-1024
2337
-5631
12896
-224
513
-3807
8768
-320
737
-4031
9312
-416
961
2273
-5280
96
-223
-4543
10624
-192
449
10497
-24608
1856
-4351
25505
-59808
832
-1951
16065
-37696
736
-1727
18913
-44416
640
-1503
9473
-22272
544
-1279
10273
-24192
448
-1055
1857
-4384
352
-831
-10047
23776
-352
833
1633
-3872
256
-607
-7775
18496
-256
609
-9183
21920
-416
993
2433
-5824
160
-383
11681
-28096
1024
-2463
6209
-14944
1728
-4159
8865
-21344
704
-1695
2337
-5632
544
-1311
-10527
25408
-544
1313
-8095
19584
-384
929
3617
-8768
224
-543
-2591
6304
-224
545
2753
-6720
288
-703
18977
-46464
640
-1567
7009
-17184
352
-863
-10079
24768
-352
865
-6143
15136
-416
1025
3553
-8768
1024
-2527
1185
-2944
64
-159
-1183
2976
-64
161
3617
-9152
1024
-2591
9249
-23456
416
-1055
2945
-7488
352
-895
-6015
15328
-352
897
-4703
12000
-640
1633
-7903
20224
-288
737
5697
-14624
224
-575
-4671
12032
-224
577
6113
-15776
384
-991
9601
-24832
544
-1407
-17183
44544
-704
1825
4929
-12800
320
-831
-3487
9088
-160
417
6209
-16224
416
-1087
1697
-4448
256
-671
-7839
20608
-256
673
2977
-7840
352
-927
-11167
29472
-352
929
-6303
16672
-448
1185
-10655
28224
-544
1441
-4767
12640
-640
1697
-11167
29632
-736
1953
-5279
14016
-832
2209
28321
-75200
1024
-2719
-9887
26272
-1024
2721
-1279
3424
-96
257
11361
-30560
416
-1119
8033
-21664
320
-863
2497
-6752
544
-1471
2657
-7200
224
-607
-3263
8864
-448
1217
8449
-22976
1600
-4351
12833
-34912
576
-1567
1985
-5408
352
-959
-7103
19392
-352
961
1377
-3776
128
-351
-3423
9440
-128
353
9345
-25856
416
-1151
2849
-7904
288
-799
20257
-56320
1024
-2847
-18207
50656
-1024
2849
6369
-17728
448
-1247
2497
-6976
160
-447
-1471
4128
-160
449
8161
-22976
352
-991
-7135
20128
-352
993
-7679
21696
-544
1537
-11295
31936
-736
2081
-1567
4448
-192
545
-10079
28672
-1024
2913
3713
-10592
224
-639
-5759
16480
-224
641
1761
-5056
256
-735
-7903
22752
-256
737
-7711
22240
-544
1569
-7999
23136
-288
833
8097
-23456
320
-927
-1951
5664
-320
929
12193
-35424
1024
-2975
-26527
77120
-1024
2977
-6143
17888
-352
1025
-8287
24192
-384
1121
-9407
27520
-416
1217
-6431
18848
-448
1313
-2431
7136
-480
1409
97
-288
32
-95
10593
-32512
448
-1375
6401
-19680
416
-1279
6305
-19424
384
-1183
7233
-22336
352
-1087
-6271
19392
-704
2177
30785
-95264
1344
-4159
10209
-31616
320
-991
-4063
12608
-320
993
2945
-9152
288
-895
12961
-40384
544
-1695
1825
-5696
256
-799
-7967
24928
-256
801
2753
-8640
224
-703
-4799
15104
-224
705
-19007
59968
-832
2625
5889
-18592
1216
-3839
5729
-18112
192
-607
16673
-52896
736
-2335
12993
-41248
544
-1727
6241
-19840
352
-1119
-5215
16608
-352
1121
4609
-14720
160
-511
-3583
11488
-160
513
-10655
34272
-448
1441
-12927
41600
-1472
4737
3905
-12576
576
-1855
-8095
26112
-288
929
-6463
20896
-416
1345
1441
-4672
128
-415
-3487
11360
-128
417
6273
-20512
352
-1151
-9055
29696
-576
1889
-18719
61440
-1024
3361
-5855
19264
-224
737
-4127
13632
-320
1057
-4447
14720
-416
1377
2369
-7872
96
-319
-4735
15808
-192
641
12353
-41312
1856
-6207
26337
-88096
832
-2783
16801
-56224
736
-2463
19553
-65472
640
-2143
10017
-33568
544
-1823
10721
-35968
448
-1503
2209
-7424
352
-1183
-10399
35008
-352
1185
1889
-6368
256
-863
-8031
27136
-256
865
-9599
32512
-416
1409
2593
-8800
160
-543
12705
-43264
1024
-3487
7937
-27040
1728
-5887
9569
-32608
704
-2399
2881
-9824
544
-1855
-11071
37792
-544
1857
-8479
28992
-384
1313
3841
-13152
224
-767
-2815
9664
-224
769
3041
-10464
288
-991
19617
-67648
640
-2207
7361
-25408
352
-1215
-10431
36064
-352
1217
-6559
22720
-416
1441
4577
-15872
1024
-3551
1249
-4352
64
-223
-1247
4384
-64
225
4641
-16384
1024
-3615
9665
-34176
416
-1471
3297
-11680
352
-1247
-6367
22592
-352
1249
-5343
18976
-640
2273
-8191
29152
-288
1025
5921
-21120
224
-799
-4895
17504
-224
801
6497
-23264
384
-1375
10145
-36384
544
-1951
-17887
64256
-704
2529
5249
-18880
320
-1151
-3647
13152
-160
577
6625
-23936
416
-1503
1953
-7072
256
-927
-8095
29376
-256
929
3329
-12096
352
-1279
-6751
24608
-448
1633
-11199
40864
-544
1985
-5407
19744
-640
2337
-11903
43488
-736
2689
-6111
22336
-832
3041
-10911
39904
-1024
3745
-1375
5056
-96
353
11777
-43456
416
-1535
8353
-30880
320
-1183
3041
-11264
544
-2015
2881
-10688
224
-831
-3711
13792
-448
1665
10049
-37376
1600
-5951
13409
-49888
576
-2143
2337
-8704
352
-1311
-7455
27808
-352
1313
1505
-5632
128
-479
-3551
13344
-128
481
9761
-36768
416
-1567
3137
-11840
288
-1087
-19231
72736
-1024
3873
6817
-25792
448
-1695
2657
-10080
160
-607
-1631
6208
-160
609
8513
-32480
352
-1343
-7487
28608
-352
1345
-8223
31456
-544
2081
-12031
46048
-736
2817
-1759
6752
-192
737
-11103
42688
-1024
3937
3937
-15168
224
-863
-5983
23104
-224
865
2017
-7808
256
-991
-8159
31648
-256
993
-8255
32064
-544
2113
-8287
32256
-288
1121
8417
-32800
320
-1247
-2271
8864
-320
1249
13217
-51616
1024
-3999
-27551
107648
-1024
4001
-6495
25408
-352
1377
-8671
33984
-384
1505
-9823
38560
-416
1633
-6879
27040
-448
1761
-2911
11456
-480
1889
129
-512
32
-127
11041
-44928
448
-1823
6817
-27776
416
-1695
6689
-27296
384
-1567
7585
-31008
352
-1439
-4383
17984
-320
1313
3233
-13280
288
-1183
13505
-55584
544
-2239
2081
-8576
256
-1055
2977
-12320
224
-927
-5023
20832
-224
929
-19839
82432
-832
3457
7105
-29536
1216
-5055
5921
-24640
192
-799
17409
-72640
736
-3071
13537
-56512
544
-2271
6593
-27552
352
-1471
-5567
23296
-352
1473
4769
-20000
160
-671
-3743
15744
-160
673
-11103
46816
-448
1889
-14399
60736
-1472
6209
4481
-18912
576
-2431
-8383
35424
-288
1217
-6879
29120
-416
1761
1569
-6656
128
-543
-3615
15392
-128
545
6625
-28288
352
-1503
-9631
41216
-576
2465
-19743
84544
-1024
4385
-6079
26080
-224
961
-4447
19136
-320
1377
-4863
20960
-416
1793
2465
-10656
96
-415
17537
-76224
736
-3199
20193
-87808
640
-2783
10561
-45952
544
-2367
11169
-48640
448
-1951
2561
-11168
352
-1535
-10751
46944
-352
1537
2145
-9376
256
-1119
-10015
43936
-416
1825
2753
-12096
160
-703
13729
-60480
1024
-4511
9665
-42592
1728
-7615
10273
-45280
704
-3103
3425
-15104
544
-2399
-11615
51264
-544
2401
-8863
39168
-384
1697
4065
-17984
224
-991
-3039
13472
-224
993
3329
-14784
288
-1279
20257
-90112
640
-2847
7713
-34336
352
-1567
-10783
48064
-352
1569
-6975
31136
-416
1857
5601
-25024
1024
-4575
1313
-5888
64
-287
-1311
5920
-64
289
5665
-25664
1024
-4639
10081
-45728
416
-1887
3649
-16576
352
-1599
-6719
30560
-352
1601
-5983
27232
-640
2913
-8479
38656
-288
1313
6145
-28064
224
-1023
-5119
23424
-224
1025
6881
-31520
384
-1759
10689
-49024
544
-2495
-18591
85376
-704
3233
5569
-25600
320
-1471
-3807
17536
-160
737
7041
-32480
416
-1919
2209
-10208
256
-1183
3681
-17056
352
-1631
-7199
33440
-448
2081
-11743
54592
-544
2529
-6047
28128
-640
2977
-12639
58816
-736
3425
-6943
32320
-832
3873
-11935
55584
-1024
4769
-1471
6880
-96
449
12193
-57184
416
-1951
8673
-40736
320
-1503
3585
-16864
544
-2559
3105
-14624
224
-1055
-4159
19616
-448
2113
11649
-54976
1600
-7551
13985
-66016
576
-2719
2689
-12704
352
-1663
-7807
36928
-352
1665
1633
-7744
128
-607
-3679
17504
-128
609
10177
-48512
416
-1983
3425
-16352
288
-1375
-20255
96864
-1024
4897
7265
-34752
448
-2143
2817
-13504
160
-767
-1791
8608
-160
769
8865
-42688
352
-1695
-7839
37792
-352
1697
-8767
42304
-544
2625
-12767
61632
-736
3553
-1951
9440
-192
929
-12127
58752
-1024
4961
4161
-20192
224
-1087
-6207
30176
-224
1089
2273
-11072
256
-1247
-8799
42976
-544
2657
-8575
41952
-288
1409
8737
-42784
320
-1567
-2591
12704
-320
1569
14241
-69856
1024
-5023
-28575
140224
-1024
5025
-6847
33632
-352
1729
-9055
44544
-384
1889
-10239
50432
-416
2049
-7327
36128
-448
2209
-3391
16736
-480
2369
161
-800
32
-159
11489
-58240
448
-2271
7233
-36704
416
-2111
7073
-35936
384
-1951
7937
-40384
352
-1791
-4703
24000
-320
1633
3521
-17984
288
-1471
14049
-71872
544
-2783
2337
-11968
256
-1311
3201
-16448
224
-1151
-5247
27008
-224
1153
-20671
106560
-832
4289
8321
-42912
1216
-6271
6113
-31552
192
-991
18145
-93856
736
-3807
14081
-72864
544
-2815
6945
-35968
352
-1823
-5919
30688
-352
1825
4929
-25600
160
-831
-3903
20320
-160
833
-11551
60256
-448
2337
-15871
82816
-1472
7681
5057
-26400
576
-3007
-8671
45312
-288
1505
-7295
38176
-416
2177
1697
-8896
128
-671
-3743
19680
-128
673
6977
-36768
352
-1855
-10207
53888
-576
3041
-6303
33344
-224
1185
-4767
25280
-320
1697
-5279
28032
-416
2209
2561
-13632
96
-511
18273
-97696
736
-3935
11105
-59424
544
-2911
11617
-62208
448
-2399
2913
-15616
352
-1887
-11103
59584
-352
1889
2401
-12896
256
-1375
-10431
56192
-416
2241
2913
-15712
160
-863
14753
-79744
1024
-5535
11393
-61600
1728
-9343
10977
-59360
704
-3807
3969
-21472
544
-2943
-12159
65824
-544
2945
-9247
50112
-384
2081
4289
-23264
224
-1215
-3263
17728
-224
1217
3617
-19680
288
-1567
8065
-43968
352
-1919
-11135
60768
-352
1921
-7391
40384
-416
2273
6625
-36224
1024
-5599
1377
-7552
64
-351
-1375
7584
-64
353
6689
-36992
1024
-5663
10497
-58112
416
-2303
4001
-22176
352
-1951
-7071
39232
-352
1953
-6623
36768
-640
3553
-8767
48736
-288
1601
6369
-35456
224
-1247
-5343
29792
-224
1249
7265
-40544
384
-2143
11233
-62752
544
-3039
-19295
107904
-704
3937
5889
-32960
320
-1791
-3967
22240
-160
897
7457
-41856
416
-2335
2465
-13856
256
-1439
4033
-22720
352
-1983
-7647
43168
-448
2529
-12287
69408
-544
3073
-6687
37792
-640
3617
-13375
75616
-736
4161
-7775
43968
-832
4705
-12959
73312
-1024
5793
-1567
8896
-96
545
12609
-71744
416
-2367
8993
-51232
320
-1823
4129
-23552
544
-3103
3329
-19008
224
-1279
-4607
26336
-448
2561
13249
-75776
1600
-9151
14561
-83296
576
-3295
3041
-17408
352
-2015
-8159
46752
-352
2017
1761
-10112
128
-735
-3807
21920
-128
737
10593
-61088
416
-2399
3713
-21440
288
-1663
7713
-44608
448
-2591
2977
-17248
160
-927
-1951
11328
-160
929
9217
-53600
352
-2047
-8191
47680
-352
2049
-9311
54240
-544
3169
-13503
78688
-736
4289
-2143
12512
-192
1121
-13151
76864
-1024
5985
4385
-25664
224
-1311
-6431
37696
-224
1313
2529
-14848
256
-1503
-9343
54976
-544
3201
-8863
52224
-288
1697
9057
-53408
320
-1887
-2911
17184
-320
1889
15265
-90144
1024
-6047
-7199
42560
-352
2081
-9439
55872
-384
2273
-10655
63136
-416
2465
-7775
46112
-448
2657
-3871
22976
-480
2849
193
-1152
32
-191
11937
-72448
448
-2719
7649
-46464
416
-2527
7457
-45344
384
-2335
8289
-50464
352
-2143
-5023
30656
-320
1953
3809
-23264
288
-1759
14593
-89248
544
-3327
2593
-15872
256
-1567
3425
-21024
224
-1375
-5471
33632
-224
1377
18881
-116544
736
-4543
14625
-90304
544
-3359
7297
-45088
352
-2175
-6271
38784
-352
2177
5089
-31520
160
-991
-4063
25216
-160
993
-11999
74592
-448
2785
-17343
107840
-1472
9153
5633
-35040
576
-3583
-8959
55776
-288
1793
-7711
48064
-416
2593
1825
-11392
128
-799
-3871
24224
-128
801
7329
-45952
352
-2207
-10783
67712
-576
3617
-6527
41056
-224
1409
-5087
32064
-320
2017
-5695
35936
-416
2625
2657
-16800
96
-607
19009
-120640
736
-4671
11649
-73984
544
-3455
12065
-76672
448
-2847
3265
-20768
352
-2239
2657
-16928
256
-1631
-10847
69280
-416
2657
3073
-19648
160
-1023
15777
-101056
1024
-6559
13121
-84064
1728
-11071
11681
-74848
704
-4511
4513
-28928
544
-3487
-12703
81472
-544
3489
-9631
61824
-384
2465
4513
-28992
224
-1439
-3487
22432
-224
1441
3905
-25152
288
-1855
8417
-54304
352
-2271
-7807
50464
-416
2689
7649
-49472
1024
-6623
1441
-9344
64
-415
-1439
9376
-64
417
7713
-50368
1024
-6687
10913
-71328
416
-2719
4353
-28480
352
-2303
-7423
48608
-352
2305
-7263
47584
-640
4193
-9055
59392
-288
1889
6593
-43296
224
-1471
-5567
36608
-224
1473
7649
-50336
384
-2527
11777
-77568
544
-3583
-19999
131840
-704
4641
6209
-40960
320
-2111
-4127
27264
-160
1057
7873
-52064
416
-2751
2721
-18016
256
-1695
4385
-29088
352
-2335
-8095
53792
-448
2977
-12831
85312
-544
3617
-7327
48736
-640
4257
-14111
93888
-736
4897
-8607
57280
-832
5537
-13983
93088
-1024
6817
-1663
11104
-96
641
13025
-87136
416
-2783
9313
-62368
320
-2143
4673
-31328
544
-3647
3553
-23840
224
-1503
-5055
33952
-448
3009
14849
-99776
1600
-10751
15137
-101728
576
-3871
3393
-22816
352
-2367
-8511
57280
-352
2369
1889
-12736
128
-863
-3935
26592
-128
865
11009
-74496
416
-2815
4001
-27104
288
-1951
8161
-55360
448
-3039
3137
-21312
160
-1087
-2111
14368
-160
1089
9569
-65216
352
-2399
-8543
58272
-352
2401
-9855
67264
-544
3713
-14239
97216
-736
5025
-2335
15968
-192
1313
-14175
97024
-1024
7009
4609
-31584
224
-1535
-6655
45664
-224
1537
2785
-19136
256
-1759
-9887
68064
-544
3745
-9151
63072
-288
1985
9377
-64672
320
-2207
-3231
22304
-320
2209
16289
-112480
1024
-7071
-7551
52192
-352
2433
-9823
67968
-384
2657
-11071
76672
-416
2881
-8223
56992
-448
3105
-4351
30176
-480
3329
225
-1568
32
-223
12385
-87552
448
-3167
8065
-57056
416
-2943
7841
-55520
384
-2719
8641
-61248
352
-2495
-5343
37952
-320
2273
4097
-29120
288
-2047
15137
-107712
544
-3871
2849
-20288
256
-1823
3649
-26048
224
-1599
-5695
40704
-224
1601
19617
-140704
736
-5279
15169
-108832
544
-3903
7649
-54912
352
-2527
-6623
47584
-352
2529
-4223
30432
-160
1153
-12447
89824
-448
3233
-18815
135808
-1472
10625
6209
-44832
576
-4159
-8127
58784
-416
3009
1953
-14144
128
-927
-3999
29024
-128
929
7681
-55840
352
-2559
-11359
82688
-576
4193
-6751
49216
-224
1633
-5407
39488
-320
2337
-6111
44672
-416
3041
2753
-20160
96
-703
19745
-145056
736
-5407
12193
-89632
544
-3999
12513
-92032
448
-3295
3617
-26624
352
-2591
2913
-21472
256
-1887
-11263
83200
-416
3073
3233
-23904
160
-1183
16801
-124416
1024
-7583
14849
-109984
1728
-12799
12385
-91744
704
-5215
5057
-37472
544
-4031
-13247
98208
-544
4033
-10015
74304
-384
2849
4737
-35168
224
-1663
-3711
27584
-224
1665
4193
-31200
288
-2143
8769
-65344
352
-2623
-8223
61376
-416
3105
8673
-64768
1024
-7647
1505
-11264
64
-479
-1503
11296
-64
481
8737
-65792
1024
-7711
11329
-85376
416
-3135
4705
-35488
352
-2655
-7775
58688
-352
2657
-7903
59680
-640
4833
6817
-51584
224
-1695
-5791
43872
-224
1697
8033
-60896
384
-2911
12321
-93472
544
-4127
-20703
157184
-704
5345
6529
-49600
320
-2431
-4287
32608
-160
1217
8289
-63104
416
-3167
2977
-22688
256
-1951
4737
-36160
352
-2687
-8543
65312
-448
3425
-13375
102304
-544
4161
-7967
60960
-640
4897
-14847
113632
-736
5633
-9439
72256
-832
6369
-15007
114912
-1024
7841
-1759
13504
-96
737
9633
-74144
320
-2463
5217
-40192
544
-4191
3777
-29120
224
-1727
-5503
42464
-448
3457
16449
-126976
1600
-12351
15713
-121312
576
-4447
3745
-28928
352
-2719
-8863
68512
-352
2721
2017
-15616
128
-991
-4063
31520
-128
993
11425
-88736
416
-3231
4289
-33344
288
-2239
8609
-67008
448
-3487
3297
-25696
160
-1247
-2271
17728
-160
1249
9921
-77536
352
-2751
-8895
69568
-352
2753
-10399
81376
-544
4257
-14975
117216
-736
5761
-2527
19808
-192
1505
-15199
119232
-1024
8033
4833
-37952
224
-1759
-6879
54080
-224
1761
3041
-23936
256
-2015
-10431
82240
-544
4289
9697
-76576
320
-2527
-3551
28064
-320
2529
17313
-136864
1024
-8095
-7903
62528
-352
2785
-10207
80832
-384
3041
-11487
91040
-416
3297
-8671
68768
-448
3553
-4831
38336
-480
3809
257
-2048
32
-255
12833
-103552
448
-3615
8481
-68480
416
-3359
8225
-66464
384
-3103
8993
-72736
352
-2847
-5663
45888
-320
2593
4385
-35552
288
-2335
15681
-127264
544
-4415
3105
-25216
256
-2079
3873
-31520
224
-1823
-5919
48224
-224
1825
20353
-166336
736
-6015
15713
-128448
544
-4447
8001
-65440
352
-2879
-6975
57088
-352
2881
-4383
35968
-160
1313
-12895
105952
-448
3681
-20287
166720
-1472
12097
6785
-55776
576
-4735
-8543
70336
-416
3425
2081
-17152
128
-1055
8033
-66432
352
-2911
-11935
98816
-576
4769
-6975
57824
-224
1857
-5727
47552
-320
2657
-6527
54240
-416
3457
2849
-23712
96
-799
20481
-170944
736
-6143
12737
-106368
544
-4543
12961
-108288
448
-3743
3969
-33184
352
-2943
3169
-26528
256
-2143
-11679
97952
-416
3489
3393
-28480
160
-1343
17825
-149824
1024
-8607
16577
-139360
1728
-14527
13089
-110048
704
-5919
5601
-47104
544
-4575
-13791
116032
-544
4577
-10399
87552
-384
3233
4961
-41792
224
-1887
-3935
33184
-224
1889
4481
-37824
288
-2431
9121
-77088
352
-2975
-8639
73120
-416
3521
9697
-82112
1024
-8671
1569
-13312
64
-543
-1567
13344
-64
545
9761
-83264
1024
-8735
11745
-100256
416
-3551
5057
-43200
352
-3007
-8127
69472
-352
3009
-8543
73056
-640
5473
7041
-60320
224
-1919
-6015
51584
-224
1921
8417
-72224
384
-3295
12865
-110464
544
-4671
-21407
183936
-704
6049
6849
-58880
320
-2751
-4447
38272
-160
1377
8705
-74976
416
-3583
3233
-27872
256
-2207
5089
-43936
352
-3039
-8991
77728
-448
3873
-13919
120384
-544
4705
-8607
74464
-640
5537
-15583
134848
-736
6369
-10271
88896
-832
7201
-16031
138784
-1024
8865
-1855
16096
-96
833
9953
-86560
320
-2783
5761
-50144
544
-4735
4001
-34848
224
-1951
-5951
51872
-448
3905
18049
-157376
1600
-13951
16289
-142048
576
-5023
4097
-35744
352
-3071
-9215
80448
-352
3073
2145
-18752
128
-1119
11841
-103808
416
-3647
4577
-40160
288
-2527
9057
-79552
448
-3935
3457
-30400
160
-1407
-2431
21408
-160
1409
10273
-90560
352
-3103
-9247
81568
-352
3105
-10943
96576
-544
4801
-15711
138688
-736
6497
-2719
24032
-192
1697
-16223
143488
-1024
9057
5057
-44768
224
-1983
-7103
62944
-224
1985
3297
-29248
256
-2271
-10975
97504
-544
4833
10017
-89120
320
-2847
-3871
34464
-320
2849
18337
-163296
1024
-9119
-8255
73568
-352
3137
-10591
94464
-384
3425
-11903
106240
-416
3713
-9119
81440
-448
4001
-5311
47456
-480
4289
289
-2592
32
-287
13281
-120448
448
-4063
8897
-80736
416
-3775
8609
-78176
384
-3487
9345
-84928
352
-3199
-5983
54464
-320
2913
4673
-42560
288
-2623
16225
-147904
544
-4959
3361
-30656
256
-2335
4097
-37440
224
-2047
-6143
56192
-224
2049
21089
-193440
736
-6751
16257
-149152
544
-4991
8353
-76672
352
-3231
-7327
67296
-352
3233
-4543
41824
-160
1473
-13343
122976
-448
4129
-21759
200576
-1472
13569
7361
-67872
576
-5311
-8959
82720
-416
3841
2209
-20416
128
-1183
8385
-77728
352
-3263
-12511
116096
-576
5345
-6047
56256
-320
2977
-6943
64640
-416
3873
2945
-27456
96
-895
21217
-198304
736
-6879
13281
-124192
544
-5087
13409
-125440
448
-4191
4321
-40448
352
-3295
3425
-32096
256
-2399
-12095
113536
-416
3905
3553
-33376
160
-1503
18849
-177280
1024
-9631
13793
-129760
704
-6623
6145
-57824
544
-5119
-14335
134944
-544
5121
-10783
101568
-384
3617
5185
-48864
224
-2111
-4159
39232
-224
2113
4769
-45024
288
-2719
9473
-89536
352
-3327
-9055
85696
-416
3937
10721
-101504
1024
-9695
1633
-15488
64
-607
-1631
15520
-64
609
10785
-102784
1024
-9759
12161
-115968
416
-3967
5409
-51616
352
-3359
-8479
80960
-352
3361
-9183
87712
-640
6113
-6239
59744
-224
2145
8801
-84320
384
-3679
13409
-128544
544
-5215
-22111
212096
-704
6753
-4607
44256
-160
1537
9121
-87680
416
-3999
3489
-33568
256
-2463
5441
-52416
352
-3391
-9439
91040
-448
4321
-14463
139552
-544
5249
-9247
89248
-640
6177
-16319
157536
-736
7105
-11103
107200
-832
8033
-17055
164704
-1024
9889
-1951
18880
-96
929
6305
-61184
544
-5279
4225
-41024
224
-2175
-6399
62176
-448
4353
19649
-190976
1600
-15551
16865
-163936
576
-5599
4449
-43264
352
-3423
-9567
93088
-352
3425
2273
-22144
128
-1247
12257
-119712
416
-4063
4865
-47552
288
-2815
9505
-92992
448
-4383
3617
-35424
160
-1567
-2591
25408
-160
1569
10625
-104288
352
-3455
-9599
94272
-352
3457
-11487
112864
-544
5345
-16447
161632
-736
7233
-2911
28640
-192
1889
-17247
169792
-1024
10081
5281
-52032
224
-2207
3553
-35072
256
-2527
-11519
113856
-544
5377
-4191
41504
-320
3169
19361
-191776
1024
-10143
-8607
85312
-352
3489
-10975
108864
-384
3809
-12319
122272
-416
4129
-9567
95008
-448
4449
-5791
57536
-480
4769
321
-3200
32
-319
13729
-138240
448
-4511
9313
-93824
416
-4191
8993
-90656
384
-3871
9697
-97824
352
-3551
-6303
63680
-320
3233
4961
-50144
288
-2911
16769
-169632
544
-5503
3617
-36608
256
-2591
4321
-43808
224
-2271
-6367
64608
-224
2273
21825
-222016
736
-7487
16801
-170944
544
-5535
8705
-88608
352
-3583
-7679
78208
-352
3585
-4703
48000
-160
1633
-13791
140896
-448
4577
-23231
237376
-1472
15041
7937
-81120
576
-5887
-9375
95936
-416
4257
2337
-23936
128
-1311
8737
-89728
352
-3615
-13087
134528
-576
5921
-6367
65600
-320
3297
-7359
75872
-416
4289
3041
-31392
96
-991
21953
-227136
736
-7615
13825
-143104
544
-5631
13857
-143488
448
-4639
4673
-48416
352
-3647
3681
-38176
256
-2655
-12511
129952
-416
4321
3713
-38592
160
-1663
19873
-206784
1024
-10655
14497
-150880
704
-7327
6689
-69632
544
-5663
-14879
154944
-544
5665
-11167
116352
-384
4001
5409
-56384
224
-2335
-4383
45728
-224
2337
5057
-52800
288
-3007
9825
-102688
352
-3679
-9471
99104
-416
4353
11745
-122944
1024
-10719
1697
-17792
64
-671
-1695
17824
-64
673
11809
-124352
1024
-10783
12577
-132512
416
-4383
5761
-60736
352
-3711
-8831
93152
-352
3713
-9823
103648
-640
6753
-6463
68352
-224
2369
9185
-97184
384
-4063
13953
-147712
544
-5759
-4767
50560
-160
1697
9537
-101216
416
-4415
3745
-39776
256
-2719
5793
-61600
352
-3743
-9887
105248
-448
4769
-15007
159808
-544
5793
-9887
105312
-640
6817
-17055
181696
-736
7841
-11935
127168
-832
8865
-18079
192672
-1024
10913
-2047
21856
-96
1025
6849
-73312
544
-5823
4449
-47648
224
-2399
-6847
73376
-448
4801
21249
-227776
1600
-17151
17441
-186976
576
-6175
4801
-51488
352
-3775
-9919
106432
-352
3777
2401
-25792
128
-1375
12673
-136448
416
-4479
5153
-55520
288
-3103
9953
-107328
448
-4831
3777
-40768
160
-1727
-2751
29728
-160
1729
10977
-118720
352
-3807
-9951
107680
-352
3809
-12031
130240
-544
5889
-17183
186048
-736
7969
-3103
33632
-192
2081
-18271
198144
-1024
11105
5505
-59744
224
-2431
3809
-41408
256
-2783
-12063
131296
-544
5921
-4511
49184
-320
3489
20385
-222304
1024
-11167
-8959
97760
-352
3841
-11359
124032
-384
4193
-12735
139136
-416
4545
-10015
109472
-448
4897
-6271
68576
-480
5249
353
-3872
32
-351
14177
-156928
448
-4959
9729
-107744
416
-4607
9377
-103904
384
-4255
10049
-111424
352
-3903
-6623
73536
-320
3553
5249
-58304
288
-3199
17313
-192448
544
-6047
3873
-43072
256
-2847
4545
-50624
224
-2495
-6591
73472
-224
2497
22561
-252064
736
-8223
17345
-193824
544
-6079
9057
-101248
352
-3935
-8031
89824
-352
3937
-4863
54496
-160
1793
-14239
159712
-448
5025
-24703
277120
-1472
16513
8513
-95520
576
-6463
-9791
109984
-416
4673
2465
-27712
128
-1439
9089
-102432
352
-3967
-13663
154112
-576
6497
-6687
75584
-320
3617
-7775
87936
-416
4705
22689
-257440
736
-8351
14369
-163104
544
-6175
14305
-162432
448
-5087
5025
-57088
352
-3999
3937
-44768
256
-2911
-12927
147200
-416
4737
3873
-44128
160
-1823
20897
-238336
1024
-11679
15201
-173408
704
-8031
7233
-82528
544
-6207
-15423
176032
-544
6209
-11551
131904
-384
4385
5633
-64352
224
-2559
-4607
52672
-224
2561
5345
-61152
288
-3295
10177
-116544
352
-4031
-9887
113344
-416
4769
12769
-146432
1024
-11743
1761
-20224
64
-735
-1759
20256
-64
737
12833
-147968
1024
-11807
12993
-149888
416
-4799
6113
-70560
352
-4063
-9183
106048
-352
4065
-10463
120864
-640
7393
-6687
77408
-224
2593
9569
-110816
384
-4447
14497
-167968
544
-6303
-4927
57184
-160
1857
9953
-115584
416
-4831
4001
-46496
256
-2975
6145
-71488
352
-4095
-10335
120352
-448
5217
-15551
181152
-544
6337
-10527
122656
-640
7457
-17791
207328
-736
8577
-12767
148800
-832
9697
-19103
222688
-1024
11937
-2143
25024
-96
1121
7393
-86528
544
-6367
4673
-54720
224
-2623
-7295
85472
-448
5249
22849
-267776
1600
-18751
18017
-211168
576
-6751
5153
-60416
352
-4127
-10271
120480
-352
4129
2529
-29696
128
-1503
13089
-154016
416
-4895
5441
-64064
288
-3391
10401
-122560
448
-5279
3937
-46432
160
-1887
-2911
34368
-160
1889
-10303
121792
-352
4161
-12575
148704
-544
6433
-17919
211936
-736
8705
-3295
39008
-192
2273
-19295
228544
-1024
12129
5729
-67904
224
-2655
4065
-48256
256
-3039
-12607
149824
-544
6465
-4831
57504
-320
3809
21409
-254880
1024
-12191
-9311
110912
-352
4193
-11743
139968
-384
4577
-13151
156832
-416
4961
-10463
124832
-448
5345
-6751
80576
-480
5729
385
-4608
32
-383
10145
-122496
416
-5023
9761
-117920
384
-4639
10401
-125728
352
-4255
-6943
84032
-320
3873
5537
-67040
288
-3487
4129
-50048
256
-3103
4769
-57888
224
-2719
-6815
82784
-224
2721
23297
-283584
736
-8959
9409
-114592
352
-4287
-8383
102144
-352
4289
-5023
61312
-160
1953
-10207
124864
-416
5089
2593
-31744
128
-1567
9441
-115840
352
-4319
-14239
174848
-576
7073
-7007
86208
-320
3937
-8191
100832
-416
5121
23425
-289216
736
-9087
14913
-184192
544
-6719
5377
-66464
352
-4351
4193
-51872
256
-3167
4033
-49984
160
-1983
21921
-271936
1024
-12703
15905
-197344
704
-8735
7777
-96512
544
-6751
-15967
198208
-544
6753
-11935
148224
-384
4769
5857
-72768
224
-2783
-4831
60064
-224
2785
5633
-70080
288
-3583
10529
-131104
352
-4383
-10303
128416
-416
5185
13793
-171968
1024
-12767
1825
-22784
64
-799
-1823
22816
-64
801
13857
-173632
1024
-12831
6465
-81088
352
-4415
-9535
119648
-352
4417
-11103
139360
-640
8033
-6911
86912
-224
2817
9953
-125216
384
-4831
15041
-189312
544
-6847
-5087
64128
-160
2017
10369
-130784
416
-5247
4257
-53728
256
-3231
6497
-82080
352
-4447
-10783
136352
-448
5665
-16095
203584
-544
6881
-11167
141280
-640
8097
-18527
234432
-736
9313
-13599
172096
-832
10529
-20127
254752
-1024
12961
-2239
28384
-96
1217
7937
-100832
544
-6911
4897
-62240
224
-2847
5505
-70048
352
-4479
-10623
135232
-352
4481
2657
-33856
128
-1631
5729
-73184
288
-3679
10849
-138688
448
-5727
4097
-52416
160
-2047
-3071
39328
-160
2049
-10655
136608
-352
4513
-13119
168256
-544
6977
-18655
239296
-736
9441
-3487
44768
-192
2465
-20319
260992
-1024
13153
5953
-76512
224
-2879
4321
-55616
256
-3295
-13151
169440
-544
7009
-5151
66464
-320
4129
22433
-289504
1024
-13215
-9663
124768
-352
4545
-12127
156672
-384
4961
-10911
141088
-448
5793
-7231
93536
-480
6209
417
-5408
32
-415
10561
-138080
416
-5439
10145
-132704
384
-5023
10753
-140736
352
-4607
-7263
95168
-320
4193
5825
-76352
288
-3775
4385
-57536
256
-3359
4993
-65600
224
-2943
-7039
92544
-224
2945
9761
-128640
352
-4639
-8735
115168
-352
4641
-10623
140576
-416
5505
2721
-36032
128
-1695
9793
-129952
352
-4671
-14815
196736
-576
7649
-7327
97472
-320
4257
-8607
114560
-416
5537
15457
-206368
544
-7263
5729
-76544
352
-4703
4449
-59488
256
-3423
4193
-56160
160
-2143
16609
-222688
704
-9439
8321
-111584
544
-7295
-16511
221472
-544
7297
6081
-81632
224
-3007
-5055
67904
-224
3009
5921
-79584
288
-3871
10881
-146368
352
-4735
-10719
144320
-416
5601
14817
-199552
1024
-13791
1889
-25472
64
-863
-1887
25504
-64
865
14881
-201344
1024
-13855
6817
-92320
352
-4767
-9887
133952
-352
4769
-11743
159136
-640
8673
-7135
96864
-224
3041
10337
-140384
384
-5215
15585
-211744
544
-7391
10785
-146816
416
-5663
4513
-61472
256
-3487
6849
-93376
352
-4799
-11231
153248
-448
6113
-16639
227104
-544
7425
-11807
161184
-640
8737
-19263
263008
-736
10049
-14431
197056
-832
11361
-21151
288864
-1024
13985
-2335
31936
-96
1313
8481
-116224
544
-7455
5121
-70208
224
-3071
5857
-80384
352
-4831
-10975
150688
-352
4833
2785
-38272
128
-1759
6017
-82880
288
-3967
11297
-155712
448
-6175
4257
-58720
160
-2207
-3231
44608
-160
2209
-11007
152128
-352
4865
-13663
188896
-544
7521
-19391
268128
-736
10177
-3679
50912
-192
2657
-21343
295488
-1024
14177
6177
-85568
224
-3103
4577
-63488
256
-3551
-13695
190144
-544
7553
-5471
76064
-320
4449
23457
-326176
1024
-14239
-10015
139328
-352
4897
-11359
158240
-448
6241
-7711
107456
-480
6689
449
-6272
32
-447
10977
-154496
416
-5855
10529
-148256
384
-5407
11105
-156448
352
-4959
-7583
106944
-320
4513
6113
-86240
288
-4063
4641
-65536
256
-3615
5217
-73760
224
-3167
10113
-143392
352
-4991
-9087
128896
-352
4993
-11039
157120
-416
5921
2849
-40576
128
-1823
10145
-144768
352
-5023
-15391
219776
-576
8225
-7647
109376
-320
4577
-9023
129120
-416
5953
16001
-229632
544
-7807
6081
-87328
352
-5055
4705
-67616
256
-3679
4353
-62656
160
-2303
17313
-249440
704
-10143
8865
-127744
544
-7839
-17055
245824
-544
7841
6305
-90944
224
-3231
-5279
76192
-224
3233
6209
-89664
288
-4159
11233
-162336
352
-5087
-11135
161056
-416
6017
15841
-229184
1024
-14815
1953
-28288
64
-927
-1951
28320
-64
929
15905
-231104
1024
-14879
7169
-104256
352
-5119
-10239
148960
-352
5121
-12383
180192
-640
9313
10721
-156320
384
-5599
16129
-235264
544
-7935
11201
-163680
416
-6079
4769
-69728
256
-3743
7201
-105376
352
-5151
-11679
171040
-448
6561
-17183
251712
-544
7969
-12447
182368
-640
9377
-19999
293056
-736
10785
-15263
223680
-832
12193
-22175
325024
-1024
15009
-2431
35680
-96
1409
9025
-132704
544
-7999
5345
-78624
224
-3295
6209
-91424
352
-5183
2913
-42944
128
-1887
6305
-93152
288
-4255
11745
-173632
448
-6623
4417
-65344
160
-2367
-3391
50208
-160
2369
-14207
210624
-544
8065
-20127
298432
-736
10913
-3871
57440
-192
2849
-22367
332032
-1024
15201
6401
-95072
224
-3327
4833
-71872
256
-3807
-14239
211936
-544
8097
-5791
86304
-320
4769
24481
-364896
1024
-15263
-10367
154592
-352
5249
-11807
176288
-448
6689
-8191
122336
-480
7169
481
-7200
32
-479
11393
-171744
416
-6271
10913
-164576
384
-5791
-7903
119360
-320
4833
6401
-96704
288
-4351
4897
-74048
256
-3871
5441
-82368
224
-3391
10465
-158848
352
-5343
-9439
143328
-352
5345
-11455
174496
-416
6337
2977
-45376
128
-1951
10497
-160288
352
-5375
-15967
243968
-576
8801
-7967
121920
-320
4897
-9439
144512
-416
6369
16545
-253984
544
-8351
6433
-98816
352
-5407
4961
-76256
256
-3935
4513
-69472
160
-2463
18017
-277600
704
-10847
9409
-144992
544
-8383
6529
-100704
224
-3455
-5503
84928
-224
3457
6497
-100320
288
-4447
-11551
178624
-416
6433
2017
-31232
64
-991
-2015
31264
-64
993
7521
-116896
352
-5471
-10591
164672
-352
5473
-13023
202528
-640
9953
11105
-173024
384
-5983
16673
-259872
544
-8479
11617
-181376
416
-6495
5025
-78496
256
-3999
7553
-118080
352
-5503
-12127
189728
-448
7009
-13087
204832
-640
10017
-20735
324576
-736
11521
-16095
251968
-832
13025
-23199
363232
-1024
16033
-2527
39616
-96
1505
9569
-150272
544
-8543
5569
-87488
224
-3519
6561
-103168
352
-5535
3041
-47872
128
-2015
6593
-104000
288
-4543
12193
-192448
448
-7071
4577
-72288
160
-2527
-3551
56128
-160
2529
-14751
233440
-544
8609
-20863
330208
-736
11649
-4063
64352
-192
3041
-23391
370624
-1024
16225
6625
-105024
224
-3551
5089
-80768
256
-4063
-14783
234816
-544
8641
-6111
97184
-320
5089
25505
-405664
1024
-16287
-10719
170560
-352
5601
-12255
195232
-448
7137
-8671
138176
-480
7649
513
-8192
32
-511
11809
-189824
416
-6687
11297
-181664
384
-6175
-8223
132416
-320
5153
6689
-107744
288
-4639
5153
-83072
256
-4127
5665
-91424
224
-3615
10817
-175008
352
-5695
-9791
158464
-352
5697
-11871
192704
-416
6753
3105
-50432
128
-2079
10849
-176512
352
-5727
-16543
269312
-576
9377
-8287
135104
-320
5217
-9855
160736
-416
6785
17089
-279424
544
-8895
6785
-111008
352
-5759
5217
-85408
256
-4191
4673
-76608
160
-2623
18721
-307168
704
-11551
9953
-163328
544
-8927
6753
-110912
224
-3679
-5727
94112
-224
3681
6785
-111552
288
-4735
-11967
197024
-416
6849
7873
-130240
352
-5823
-10943
181088
-352
5825
-13663
226144
-640
10593
11489
-190496
384
-6367
17217
-285568
544
-9023
12033
-199904
416
-6911
5281
-87776
256
-4255
7905
-131488
352
-5855
-12575
209312
-448
7457
-13727
228576
-640
10657
-21471
357568
-736
12257
-16927
281920
-832
13857
-24223
403488
-1024
17057
-2623
43744
-96
1601
10113
-168928
544
-9087
5793
-96800
224
-3743
6913
-115616
352
-5887
3169
-53056
128
-2143
6881
-115424
288
-4831
12641
-212160
448
-7519
4737
-79552
160
-2687
-3711
62368
-160
2689
-15295
257344
-544
9153
-21599
363456
-736
12385
-4255
71648
-192
3233
-24415
411264
-1024
17249
6849
-115424
224
-3775
5345
-90176
256
-4319
-15327
258784
-544
9185
-6431
108704
-320
5409
26529
-448480
1024
-17311
-11071
187232
-352
5953
-12703
215072
-448
7585
-9151
154976
-480
8129
545
-9248
32
-543
12225
-208736
416
-7103
11681
-199520
384
-6559
-8543
146112
-320
5473
6977
-119360
288
-4927
5409
-92608
256
-4383
5889
-100928
224
-3839
11169
-191872
352
-6047
-10143
174304
-352
6049
-12287
211744
-416
7169
3233
-55744
128
-2207
11201
-193440
352
-6079
-17119
295808
-576
9953
-8607
148928
-320
5537
-10271
177792
-416
7201
7137
-123904
352
-6111
5473
-95072
256
-4447
4833
-84064
160
-2783
19425
-338144
704
-12255
10497
-182752
544
-9471
6977
-121568
224
-3903
-5951
103744
-224
3905
7073
-123360
288
-5023
-12383
216256
-416
7265
8225
-144288
352
-6175
-14303
251040
-640
11233
11873
-208736
384
-6751
12449
-219264
416
-7327
5537
-97568
256
-4511
8257
-145600
352
-6207
-13023
229792
-448
7905
-14367
253600
-640
11297
-22207
392032
-736
12993
-17759
313536
-832
14689
-25247
445792
-1024
18081
-2719
48064
-96
1697
10657
-188672
544
-9631
6017
-106560
224
-3967
7265
-128768
352
-6239
3297
-58496
128
-2271
7169
-127424
288
-5119
13089
-232768
448
-7967
4897
-87136
160
-2847
-3871
68928
-160
2849
-15839
282336
-544
9697
-22335
398176
-736
13121
-4447
79328
-192
3425
-25439
453952
-1024
18273
7073
-126272
224
-3999
5601
-100096
256
-4575
-15871
283840
-544
9729
-6751
120864
-320
5729
27553
-493344
1024
-18335
-13151
235808
-448
8033
-9631
172736
-480
8609
577
-10368
32
-575
12641
-228480
416
-7519
12065
-218144
384
-6943
-8863
160448
-320
5793
7265
-131552
288
-5215
5665
-102656
256
-4639
6113
-110880
224
-4063
-10495
190848
-352
6401
-12703
231616
-416
7585
3361
-61312
128
-2335
-17695
323456
-576
10529
-8927
163392
-320
5857
-10687
195680
-416
7617
7489
-137504
352
-6463
5729
-105248
256
-4703
4993
-91840
160
-2943
20129
-370528
704
-12959
11041
-203264
544
-10015
-6175
113824
-224
4129
7361
-135744
288
-5311
-12799
236320
-416
7681
8577
-159040
352
-6527
-14943
277216
-640
11873
12257
-227744
384
-7135
12865
-239456
416
-7743
5793
-107872
256
-4767
8609
-160416
352
-6559
-13471
251168
-448
8353
-15007
279904
-640
11937
-22943
427968
-736
13729
-18591
346816
-832
15521
-26271
490144
-1024
19105
-2815
52576
-96
1793
11201
-209504
544
-10175
6241
-116768
224
-4191
7617
-142624
352
-6591
3425
-64192
128
-2399
7457
-140000
288
-5407
13537
-254272
448
-8415
5057
-95040
160
-3007
-4031
75808
-160
3009
-16383
308416
-544
10241
-23071
434368
-736
13857
-4639
87392
-192
3617
-26463
498688
-1024
19297
5857
-110528
256
-4831
-16415
309984
-544
10273
-7071
133664
-320
6049
28577
-540256
1024
-19359
-13599
257440
-448
8481
-10111
191456
-480
9089
609
-11552
32
-607
13057
-249056
416
-7935
-9183
175424
-320
6113
7553
-144320
288
-5503
5921
-113216
256
-4895
6337
-121280
224
-4287
-10847
208096
-352
6753
-13119
252320
-416
8001
3489
-67136
128
-2463
-18271
352256
-576
11105
-9247
178496
-320
6177
-11103
214400
-416
8033
7841
-151808
352
-6815
5985
-115936
256
-4959
20833
-404320
704
-13663
11585
-224864
544
-10559
-6399
124352
-224
4353
7649
-148704
288
-5599
-13215
257216
-416
8097
8929
-174496
352
-6879
-15583
304672
-640
12513
13281
-260480
416
-8159
6049
-118688
256
-5023
8961
-175936
352
-6911
-13919
273440
-448
8801
-15647
307488
-640
12577
-19423
381760
-832
16353
-27295
536544
-1024
20129
-2911
57280
-96
1889
11745
-231424
544
-10719
6465
-127424
224
-4415
7969
-157184
352
-6943
3553
-70144
128
-2527
7745
-153152
288
-5695
13985
-276672
448
-8863
-4191
83008
-160
3169
-16927
335584
-544
10785
-4831
95840
-192
3809
6113
-121472
256
-5087
-16959
337216
-544
10817
-7391
147104
-320
6369
-14047
279968
-448
8929
-10591
211136
-480
9569
641
-12800
32
-639
-9503
191040
-320
6433
7841
-157664
288
-5791
6177
-124288
256
-5151
6561
-132128
224
-4511
-11199
226048
-352
7105
3617
-73216
128
-2591
-9567
194240
-320
6497
-11519
233952
-416
8449
8193
-166816
352
-7167
6241
-127136
256
-5215
21537
-439520
704
-14367
12129
-247552
544
-11103
-6623
135328
-224
4577
7937
-162240
288
-5887
9281
-190656
352
-7231
-16223
333408
-640
13153
6305
-130016
256
-5279
9313
-192160
352
-7263
-16287
336352
-640
13217
-20255
418368
-832
17185
-28319
584992
-1024
21153
-3007
62176
-96
1985
12289
-254432
544
-11263
6689
-138528
224
-4639
8321
-172448
352
-7295
3681
-76352
128
-2655
8033
-166880
288
-5983
-4351
90528
-160
3329
-5023
104672
-192
4001
6369
-132928
256
-5343
-7711
161184
-320
6689
-11071
231776
-480
10049
673
-14112
32
-671
-9823
207296
-320
6753
8129
-171584
288
-6079
6433
-135872
256
-5407
6785
-143424
224
-4735
3745
-79552
128
-2719
-9887
210624
-320
6817
-11935
254336
-416
8865
8545
-182528
352
-7519
6497
-138848
256
-5471
22241
-476128
704
-15071
12673
-271328
544
-11647
-6847
146752
-224
4801
8225
-176352
288
-6175
9633
-207520
352
-7583
-16863
363424
-640
13793
6561
-141856
256
-5535
9665
-209088
352
-7615
-16927
366496
-640
13857
-21087
456640
-832
18017
12833
-278528
544
-11807
6913
-150080
224
-4863
8673
-188416
352
-7647
3809
-82816
128
-2783
8321
-181184
288
-6271
-4511
98368
-160
3489
-5215
113888
-192
4193
6625
-144896
256
-5599
-8031
175904
-320
7009
-11551
253376
-480
10529
705
-15488
32
-703
-10143
224192
-320
7073
8417
-186080
288
-6367
6689
-147968
256
-5663
7009
-155168
224
-4959
3873
-86144
128
-2847
-10207
227648
-320
7137
-12351
275552
-416
9281
8897
-198944
352
-7871
6753
-151072
256
-5727
13217
-296192
544
-12191
-7071
158624
-224
5025
8513
-191040
288
-6463
9985
-225088
352
-7935
-17503
394720
-640
14433
6817
-154208
256
-5791
10017
-226720
352
-7967
-17567
397920
-640
14497
-21919
496576
-832
18849
13377
-303712
544
-12351
7137
-162080
224
-5087
9025
-205088
352
-7999
3937
-89536
128
-2911
8609
-196064
288
-6559
-4671
106528
-160
3649
-5407
123488
-192
4385
6881
-157376
256
-5855
-8351
191264
-320
7329
-12031
275936
-480
11009
737
-16928
32
-735
8705
-201152
288
-6655
6945
-160576
256
-5919
4001
-92992
128
-2975
-12767
297600
-416
9697
9249
-216064
352
-8223
7009
-163808
256
-5983
13761
-322144
544
-12735
8801
-206304
288
-6751
10337
-243360
352
-8287
-18143
427296
-640
15073
7073
-167072
256
-6047
10369
-245056
352
-8319
-18207
430624
-640
15137
-22751
538176
-832
19681
13921
-329984
544
-12895
9377
-222464
352
-8351
4065
-96512
128
-3039
8897
-211520
288
-6847
-4831
115008
-160
3809
-5599
133472
-192
4577
7137
-170368
256
-6111
-8671
207264
-320
7649
-12511
299456
-480
11489
769
-18432
32
-767
8993
-216800
288
-6943
7201
-173696
256
-6175
-13183
320480
-416
10113
9601
-233888
352
-8575
7265
-177056
256
-6239
14305
-349184
544
-13279
9089
-222144
288
-7039
10689
-262336
352
-8639
-18783
461152
-640
15713
7329
-180448
256
-6303
10721
-264096
352
-8671
-18847
464608
-640
15777
-23583
581440
-832
20513
14465
-357344
544
-13439
9729
-240544
352
-8703
9185
-227552
288
-7135
-4991
123808
-160
3969
-5791
143840
-192
4769
7393
-183872
256
-6367
-8991
223904
-320
7969
-12991
323936
-480
11969
801
-20000
32
-799
7457
-187328
256
-6431
9953
-252416
352
-8927
7521
-190816
256
-6495
14849
-377312
544
-13823
11041
-282016
352
-8991
-19423
496288
-640
16353
7585
-194336
256
-6559
11073
-283840
352
-9023
-19487
499872
-640
16417
-24415
626368
-832
21345
15009
-385792
544
-13983
10081
-259328
352
-9055
-5983
154592
-192
4961
7649
-197888
256
-6623
-9311
241184
-320
8289
-13471
349376
-480
12449
833
-21632
32
-831
7713
-201472
256
-6687
10305
-271648
352
-9279
7777
-205088
256
-6751
15393
-406528
544
-14367
-20063
532704
-640
16993
7841
-208736
256
-6815
-20127
536416
-640
17057
-25247
672960
-832
22177
15553
-415328
544
-14527
10433
-278816
352
-9407
7905
-212416
256
-6879
-9631
259104
-320
8609
-13951
375776
-480
12929
865
-23328
32
-863
7969
-216128
256
-6943
10657
-291584
352
-9631
8033
-219872
256
-7007
15937
-436832
544
-14911
8097
-223648
256
-7071
-26079
721216
-832
23009
16097
-445952
544
-15071
10785
-299008
352
-9759
8161
-227456
256
-7135
-9951
277664
-320
8929
-14431
403136
-480
13409
897
-25088
32
-895
11009
-312224
352
-9983
16481
-468224
544
-15455
16641
-477664
544
-15615
11137
-319904
352
-10111
-14911
431456
-480
13889
929
-26912
32
-927
17025
-500704
544
-15999
17185
-510464
544
-16159
961
-28800
32
-959
993
-30752
32
-991
