1
12
0
1
-143
12
-12
1
589
-108
60
-11
157
-36
48
-11
-443
120
-48
13
157
-48
36
-11
-299
108
-36
13
205
-84
144
-59
937
-396
168
-71
157
-72
24
-11
-155
84
-24
13
229
-132
144
-83
649
-384
120
-71
169
-108
36
-23
-311
216
-36
25
181
-132
48
-35
-467
360
-48
37
-191
156
-60
49
13
-12
12
-11
649
-768
60
-71
205
-252
48
-59
-491
624
-48
61
193
-252
36
-47
-335
456
-36
49
349
-492
144
-203
181
-264
24
-35
-179
276
-24
37
373
-588
144
-227
205
-336
36
-59
-347
588
-36
61
229
-396
48
-83
-515
912
-48
85
-251
456
-60
109
25
-48
12
-23
709
-1548
60
-131
253
-564
48
-107
-539
1224
-48
109
229
-528
36
-83
-371
876
-36
85
493
-1188
144
-347
205
-504
24
-59
-203
516
-24
61
517
-1332
144
-371
241
-636
36
-95
-383
1032
-36
97
277
-756
48
-131
-563
1560
-48
133
-311
876
-60
169
37
-108
12
-35
301
-972
48
-155
265
-876
36
-119
-407
1368
-36
121
637
-2172
144
-491
229
-792
24
-83
-227
804
-24
85
661
-2364
144
-515
277
-1008
36
-131
-419
1548
-36
133
325
-1212
48
-179
-371
1416
-60
229
49
-192
12
-47
349
-1476
48
-203
301
-1296
36
-155
781
-3444
144
-635
253
-1128
24
-107
-251
1140
-24
109
805
-3684
144
-659
313
-1452
36
-167
373
-1764
48
-227
-431
2076
-60
289
61
-300
12
-59
397
-2076
48
-251
337
-1788
36
-191
277
-1512
24
-131
-275
1524
-24
133
349
-1968
36
-203
421
-2412
48
-275
-491
2856
-60
349
73
-432
12
-71
445
-2772
48
-299
373
-2352
36
-227
385
-2556
36
-239
469
-3156
48
-323
-551
3756
-60
409
85
-588
12
-83
493
-3564
48
-347
409
-2988
36
-263
421
-3216
36
-275
517
-3996
48
-371
-611
4776
-60
469
97
-768
12
-95
541
-4452
48
-395
565
-4932
48
-419
-671
5916
-60
529
109
-972
12
-107
121
-1200
12
-119
133
-1452
12
-131
