1
40
0
1
-1599
40
-40
1
28841
-1480
760
-39
-9639
520
-760
41
16041
-920
680
-39
14441
-880
640
-39
-11239
720
-640
41
8041
-560
560
-39
-1639
120
-560
41
14521
-1080
1600
-119
-49719
3760
-1600
121
-9639
760
-520
41
-25679
2080
-1000
81
-11239
960
-480
41
14441
-1280
440
-39
-6439
600
-440
41
1641
-160
400
-39
-14439
1480
-400
41
-4879
520
-760
81
-43319
4680
-1120
121
-11239
1280
-360
41
1641
-200
320
-39
-11239
1440
-320
41
22481
-2960
600
-79
33721
-4560
880
-119
8041
-1120
280
-39
-1639
240
-280
41
14481
-2200
520
-79
-4879
760
-520
81
-24119
3840
-760
121
-30559
4920
-1000
161
-30599
4960
-1240
201
-1639
280
-240
41
14681
-2560
1600
-279
-49879
8760
-1600
281
14481
-2600
440
-79
-16079
2960
-440
81
-24119
4560
-640
121
1641
-320
200
-39
-6439
1320
-200
41
-20959
4440
-760
161
-20919
4520
-560
121
3281
-720
360
-79
1961
-440
1600
-359
83761
-18880
2480
-559
30601
-6920
880
-199
3321
-760
520
-119
-1719
400
-520
121
-24159
5720
-680
161
1641
-400
160
-39
-4839
1240
-160
41
-24199
6400
-760
201
16121
-4360
440
-119
2041
-560
1600
-439
55041
-15160
2320
-639
17801
-4920
720
-199
8081
-2280
280
-79
-9679
2800
-280
81
14521
-4320
400
-119
-1719
520
-400
121
19361
-5920
520
-159
-3359
1040
-520
161
-24199
7600
-640
201
-9839
3120
-760
241
-1879
600
-880
281
-25919
8320
-1000
321
-43559
14040
-1120
361
-30799
9960
-1240
401
-30839
10000
-1360
441
14921
-4840
1600
-519
3281
-1080
240
-79
-1639
560
-120
41
24241
-8520
680
-239
1801
-640
560
-199
-14599
5240
-560
201
16161
-5840
440
-159
-6559
2400
-440
161
1721
-640
320
-119
-11319
4280
-320
121
16201
-6200
520
-199
-17799
6880
-520
201
6481
-2560
200
-79
-1679
680
-200
81
16281
-6680
680
-279
8201
-3400
480
-199
25921
-10880
760
-319
-21119
8920
-760
321
-27639
11720
-1040
441
15081
-6400
1600
-679
9841
-4200
560
-239
-9719
4200
-280
121
14681
-6400
640
-279
-11479
5040
-640
281
-30839
13600
-1000
441
-11359
5080
-360
161
13001
-5880
440
-199
-16199
7400
-440
201
17841
-8200
520
-239
-9839
4560
-520
241
-1879
880
-600
281
-24319
11480
-680
321
2361
-1120
1600
-759
32801
-15600
1680
-799
1641
-800
80
-39
-1639
840
-80
41
2441
-1280
1600
-839
29601
-15560
1520
-799
3561
-1880
680
-359
22721
-12080
600
-319
11481
-6160
520
-279
-3479
1880
-520
281
1841
-1000
440
-239
-5039
2760
-440
241
3401
-1880
360
-199
10161
-5680
1000
-559
14761
-8280
640
-359
-11559
6520
-640
361
1761
-1000
280
-159
15321
-8800
1600
-919
14321
-8240
2640
-1519
15001
-8640
1040
-599
10041
-5800
760
-439
-5239
3040
-760
441
-11479
6720
-480
281
-11599
6840
-680
401
6521
-3880
200
-119
-1719
1040
-200
121
3521
-2160
520
-319
-5119
3160
-520
321
1801
-1120
320
-199
-11399
7160
-320
201
11481
-7280
440
-279
-1879
1200
-440
281
8361
-5360
560
-359
-21159
13640
-560
361
-3639
2360
-680
441
3281
-2160
120
-79
15481
-10440
1600
-1079
27601
-18640
2960
-1999
24921
-16840
1360
-919
20041
-13560
1240
-839
2361
-1600
1120
-759
15081
-10240
1000
-679
34201
-23280
880
-599
21321
-14560
760
-519
2041
-1400
640
-439
17961
-12400
520
-359
-1959
1360
-520
361
14681
-10240
400
-279
-1879
1320
-400
281
1801
-1280
280
-199
-3399
2440
-280
201
-11719
8480
-720
521
2761
-2000
1600
-1159
13441
-9760
880
-639
-1919
1400
-440
321
6961
-5120
760
-559
1721
-1280
160
-119
-4919
3720
-160
121
3721
-2840
680
-519
19601
-15040
520
-399
-17999
13880
-520
401
-5479
4240
-880
681
2841
-2200
1600
-1239
3761
-2920
720
-559
-11479
8960
-360
281
2041
-1600
560
-439
10201
-8040
760
-599
1761
-1400
200
-159
-6559
5280
-200
161
2121
-1720
640
-519
1961
-1600
440
-359
-3559
2920
-440
361
-4319
3560
-1360
1121
46321
-38240
1840
-1519
8201
-6800
240
-199
20241
-16960
1240
-1039
10441
-8760
1000
-839
7041
-5920
760
-639
16441
-13880
520
-439
-6839
5800
-520
441
9841
-8400
280
-239
-3439
2960
-280
241
-2359
2040
-880
761
-2119
1840
-600
521
1881
-1640
320
-279
-11479
10080
-320
281
3521
-3120
360
-319
2601
-2320
1120
-999
26281
-23480
760
-679
1961
-1760
400
-359
-14759
13320
-400
361
11601
-10520
440
-399
-3599
3280
-440
401
8441
-7720
480
-439
15321
-14080
1000
-919
11681
-10760
520
-479
-7359
6800
-1040
961
62801
-58120
2160
-1999
21321
-19760
560
-519
-14919
13880
-560
521
15001
-14040
640
-599
-11799
11080
-640
601
-11839
11160
-680
641
21521
-20360
760
-719
-2319
2200
-760
721
41
-40
40
-39
29601
-31120
760
-799
-10399
10960
-760
801
16721
-17680
680
-719
15081
-16000
640
-679
-11879
12640
-640
681
8601
-9200
560
-599
-2199
2360
-560
601
16121
-17320
1600
-1719
-51319
55200
-1600
1721
-10159
10960
-520
561
-26679
28840
-1000
1081
-11719
12720
-480
521
14881
-16200
440
-479
-6879
7520
-440
481
2041
-2240
400
-439
-14839
16360
-400
441
-5639
6240
-760
841
-44439
49240
-1120
1241
-11599
12920
-360
401
1961
-2200
320
-359
-11559
13040
-320
361
23081
-26120
600
-679
34601
-39280
880
-999
8321
-9480
280
-319
-1919
2200
-280
321
15001
-17280
520
-599
-5399
6240
-520
601
-24879
28840
-760
881
-31559
36640
-1000
1161
-31839
37000
-1240
1441
-1879
2200
-240
281
16281
-19120
1600
-1879
-51479
60520
-1600
1881
14921
-17600
440
-519
-16519
19560
-440
521
-24759
29440
-640
761
1841
-2200
200
-239
-6639
8000
-200
241
-21719
26320
-760
921
-21479
26120
-560
681
3641
-4440
360
-439
3561
-4360
1600
-1959
31481
-38600
880
-1079
3841
-4720
520
-639
-2239
2760
-520
641
-24839
30720
-680
841
1801
-2240
160
-199
-4999
6280
-160
201
-24959
31560
-760
961
16561
-21040
440
-559
3641
-4640
1600
-2039
18521
-23640
720
-919
8361
-10720
280
-359
-9959
12840
-280
361
14921
-19360
400
-519
-2119
2760
-400
521
19881
-25960
520
-679
-3879
5080
-520
681
-24839
32640
-640
841
-10599
13960
-760
1001
-2759
3640
-880
1161
-26919
35560
-1000
1321
-44679
59080
-1120
1481
-32039
42400
-1240
1641
-32199
42640
-1360
1801
16521
-21880
1600
-2119
3521
-4680
240
-319
-1759
2360
-120
161
24921
-33680
680
-919
2361
-3200
560
-759
-15159
20600
-560
761
16601
-22600
440
-599
-6999
9560
-440
601
2041
-2800
320
-439
-11639
16040
-320
441
16721
-23120
520
-719
-18319
25400
-520
721
6681
-9320
200
-279
-1879
2640
-200
281
16961
-23920
680
-959
8681
-12280
480
-679
26681
-37880
760
-1079
-21879
31120
-760
1081
-28679
40840
-1040
1481
16681
-23760
1600
-2279
10401
-14840
560
-799
-9999
14320
-280
401
15321
-22000
640
-919
-12119
17440
-640
921
-31839
45880
-1000
1441
-11719
16960
-360
521
13441
-19520
440
-639
-16639
24240
-440
641
18361
-26800
520
-759
-10359
15160
-520
761
-2479
3640
-600
881
-24999
36800
-680
1001
3961
-5840
1600
-2359
1721
-2560
80
-119
-1719
2600
-80
121
4041
-6160
1600
-2439
4241
-6480
680
-1039
23321
-35720
600
-919
12001
-18440
520
-799
-3999
6160
-520
801
2281
-3520
440
-679
-5479
8480
-440
681
3761
-5840
360
-559
11161
-17400
1000
-1559
15401
-24040
640
-999
-12199
19080
-640
1001
2041
-3200
280
-439
16921
-26640
1600
-2519
16961
-26720
2640
-4159
16041
-25280
1040
-1639
10801
-17040
760
-1199
-5999
9480
-760
1201
-11959
18960
-480
761
-12279
19520
-680
1081
6721
-10720
200
-319
-1919
3080
-200
321
4041
-6520
520
-839
-5639
9120
-520
841
2121
-3440
320
-519
-11719
19080
-320
521
11921
-19480
440
-719
-2319
3800
-440
721
8921
-14640
560
-919
-21719
35720
-560
921
-4319
7120
-680
1121
3401
-5640
120
-199
17081
-28600
1600
-2679
30561
-51200
2960
-4959
26281
-44040
1360
-2279
21281
-35680
1240
-2079
3481
-5840
1120
-1879
16081
-27000
1000
-1679
35081
-58960
880
-1479
22081
-37160
760
-1279
2681
-4520
640
-1079
18481
-31240
520
-879
-2479
4200
-520
881
15081
-25600
400
-679
-2279
3880
-400
681
2081
-3560
280
-479
-3679
6320
-280
481
-12439
21440
-720
1241
4361
-7520
1600
-2759
-2359
4080
-440
761
7721
-13400
760
-1319
1881
-3280
160
-279
-5079
8920
-160
281
4401
-7760
680
-1199
20121
-35560
520
-919
-18519
32800
-520
921
-6359
11280
-880
1561
4441
-7880
1600
-2839
-11839
21080
-360
641
2601
-4640
560
-999
10961
-19600
760
-1359
1961
-3520
200
-359
-6759
12200
-200
361
2761
-5000
640
-1159
2401
-4360
440
-799
-3999
7280
-440
801
-5679
10360
-1360
2481
48161
-87920
1840
-3359
8441
-15440
240
-439
21481
-39480
1240
-2279
11441
-21040
1000
-1839
7801
-14360
760
-1399
16961
-31280
520
-959
-7359
13600
-520
961
10121
-18760
280
-519
-3719
6920
-280
521
-3239
6040
-880
1641
-2719
5080
-600
1121
2201
-4120
320
-599
-11799
22160
-320
601
3881
-7320
360
-679
3721
-7040
1120
-2119
27041
-51200
760
-1439
2361
-4480
400
-759
-15159
28840
-400
761
12041
-22960
440
-839
-4039
7720
-440
841
8921
-17080
480
-919
16321
-31320
1000
-1919
12201
-23440
520
-999
-8399
16160
-1040
2001
64961
-125080
2160
-4159
21881
-42160
560
-1079
-15479
29880
-560
1081
15641
-30280
640
-1239
-12439
24120
-640
1241
-12519
24320
-680
1321
22281
-43360
760
-1479
-3079
6000
-760
1481
81
-160
40
-79
30361
-62280
760
-1559
-11159
22920
-760
1561
17401
-35800
680
-1399
15721
-32400
640
-1319
-12519
25840
-640
1321
9161
-18960
560
-1159
-2759
5720
-560
1161
17721
-36760
1600
-3319
-52919
109840
-1600
3321
-10679
22200
-520
1081
-27679
57600
-1000
2081
-12199
25440
-480
1001
15321
-32000
440
-919
-7319
15320
-440
921
2441
-5120
400
-839
-15239
32040
-400
841
-6399
13480
-760
1601
-11959
25280
-360
761
2281
-4840
320
-679
-11879
25280
-320
681
23681
-50480
600
-1279
8601
-18400
280
-599
-2199
4720
-280
601
15521
-33400
520
-1119
-5919
12760
-520
1121
-25639
55360
-760
1641
-32559
70360
-1000
2161
-33079
71520
-1240
2681
-2119
4600
-240
521
17881
-38880
1600
-3479
-53079
115480
-1600
3481
15361
-33480
440
-959
-16959
37040
-440
961
-25399
55600
-640
1401
2041
-4480
200
-439
-6839
15080
-200
441
-22479
49720
-760
1681
-22039
48840
-560
1241
4001
-8880
360
-799
5161
-11480
1600
-3559
32361
-72040
880
-1959
4361
-9720
520
-1159
-2759
6160
-520
1161
-25519
57080
-680
1521
1961
-4400
160
-359
-5159
11640
-160
361
-25719
58240
-760
1721
17001
-38600
440
-999
5241
-11920
1600
-3639
19241
-43800
720
-1639
8641
-19720
280
-639
-10239
23440
-280
641
15321
-35200
400
-919
-2519
5800
-400
921
20401
-47040
520
-1199
-4399
10160
-520
1201
-25479
58960
-640
1481
-11359
26320
-760
1761
-3639
8440
-880
2041
-27919
64800
-1000
2321
-33279
77320
-1240
2881
-33559
78000
-1360
3161
18121
-42120
1600
-3719
3761
-8760
240
-559
-1879
4400
-120
281
25601
-60200
680
-1599
2921
-6880
560
-1319
-15719
37080
-560
1321
17041
-40240
440
-1039
-7439
17600
-440
1041
2361
-5600
320
-759
-11959
28440
-320
761
17241
-41080
520
-1239
-18839
44960
-520
1241
6881
-16480
200
-479
-2079
5000
-200
481
17641
-42520
680
-1639
9161
-22120
480
-1159
27441
-66400
760
-1839
-22639
54840
-760
1841
-29719
72040
-1040
2521
18281
-44320
1600
-3879
10961
-26600
560
-1359
-10279
25000
-280
681
15961
-38880
640
-1559
-12759
31120
-640
1561
-32839
80160
-1000
2441
-12079
29560
-360
881
13881
-34040
440
-1079
-17079
41960
-440
1081
18881
-46440
520
-1279
-10879
26800
-520
1281
-3079
7600
-600
1481
-25679
63480
-680
1681
5561
-13760
1600
-3959
1801
-4480
80
-199
-1799
4520
-80
201
5641
-14240
1600
-4039
4921
-12440
680
-1719
23921
-60560
600
-1519
12521
-31760
520
-1319
-4519
11480
-520
1321
2721
-6920
440
-1119
-5919
15080
-440
1121
4121
-10520
360
-919
12161
-31120
1000
-2559
16041
-41080
640
-1639
-12839
32920
-640
1641
2321
-5960
280
-719
18521
-47680
1600
-4119
19601
-50480
2640
-6799
17081
-44000
1040
-2679
11561
-29800
760
-1959
-6759
17440
-760
1961
-12439
32160
-480
1241
-12959
33560
-680
1761
6921
-17960
200
-519
-2119
5520
-200
521
4561
-11920
520
-1359
-6159
16120
-520
1361
2441
-6400
320
-839
-12039
31640
-320
841
12361
-32560
440
-1159
-2759
7280
-440
1161
9481
-25040
560
-1479
-22279
58920
-560
1481
-4999
13240
-680
1801
3521
-9360
120
-319
18681
-49960
1600
-4279
33521
-89680
2960
-7919
27641
-73960
1360
-3639
22521
-60280
1240
-3319
4601
-12320
1120
-2999
17081
-45760
1000
-2679
22841
-61280
760
-2039
3321
-8920
640
-1719
19001
-51120
520
-1399
-2999
8080
-520
1401
15481
-41760
400
-1079
-2679
7240
-400
1081
2361
-6400
280
-759
-3959
10760
-280
761
-13159
35840
-720
1961
5961
-16240
1600
-4359
-2799
7640
-440
1201
8481
-23200
760
-2079
2041
-5600
160
-439
-5239
14440
-160
441
5081
-14040
680
-1879
20641
-57120
520
-1439
-19039
52760
-520
1441
-7239
20080
-880
2441
6041
-16760
1600
-4439
-12199
33920
-360
1001
3161
-8800
560
-1559
11721
-32680
760
-2119
2161
-6040
200
-559
-6959
19520
-200
561
3401
-9560
640
-1799
2841
-8000
440
-1239
-4439
12520
-440
1241
-7039
19880
-1360
3841
50001
-141280
1840
-5199
8681
-24560
240
-679
22721
-64480
1240
-3519
12441
-35320
1000
-2839
8561
-24320
760
-2159
17481
-49720
520
-1479
-7879
22440
-520
1481
10401
-29680
280
-799
-3999
11440
-280
801
-4119
11800
-880
2521
-3319
9520
-600
1721
2521
-7240
320
-919
-12119
34880
-320
921
4241
-12240
360
-1039
4841
-14000
1120
-3239
27801
-80440
760
-2199
2761
-8000
400
-1159
-15559
45160
-400
1161
12481
-36280
440
-1279
-4479
13040
-440
1281
9401
-27400
480
-1399
17321
-50560
1000
-2919
12721
-37160
520
-1519
-16039
47000
-560
1641
16281
-47800
640
-1879
-13079
38440
-640
1881
-13199
38840
-680
2001
23041
-67880
760
-2239
-3839
11320
-760
2241
121
-360
40
-119
-11919
36400
-760
2321
18081
-55280
680
-2079
16361
-50080
640
-1959
-13159
40320
-640
1961
9721
-29840
560
-1719
-3319
10200
-560
1721
19321
-59400
1600
-4919
-54519
167680
-1600
4921
-11199
34480
-520
1601
-28679
88360
-1000
3081
-12679
39120
-480
1481
15761
-48680
440
-1359
-7759
24000
-440
1361
2841
-8800
400
-1239
-15639
48520
-400
1241
-7159
22240
-760
2361
-12319
38360
-360
1121
2601
-8120
320
-999
-12199
38160
-320
1001
8881
-27880
280
-879
-2479
7800
-280
881
16041
-50560
520
-1639
-6439
20320
-520
1641
-26399
83400
-760
2401
-33559
106080
-1000
3161
-34319
108520
-1240
3921
-2359
7480
-240
761
19481
-61840
1600
-5079
15801
-50240
440
-1399
-17399
55400
-440
1401
2241
-7160
200
-639
-7039
22560
-200
641
-23239
74640
-760
2441
4361
-14040
360
-1159
6761
-21800
1600
-5159
33241
-107240
880
-2839
4881
-15760
520
-1679
-3279
10600
-520
1681
-26199
84800
-680
2201
2121
-6880
160
-519
-5319
17320
-160
521
-26479
86440
-760
2481
17441
-57040
440
-1439
6841
-22400
1600
-5239
19961
-65400
720
-2359
8921
-29280
280
-919
-10519
34600
-280
921
15721
-51840
400
-1319
-2919
9640
-400
1321
-4919
16280
-520
1721
-12119
40200
-760
2521
-4519
15000
-880
2921
-28919
96040
-1000
3321
-34519
114720
-1240
4121
-34919
116080
-1360
4521
19721
-65560
1600
-5319
4001
-13320
240
-799
-1999
6680
-120
401
26281
-88080
680
-2279
3481
-11680
560
-1879
-16279
54680
-560
1881
17481
-58760
440
-1479
-7879
26520
-440
1481
2681
-9040
320
-1079
-12279
41480
-320
1081
17761
-60080
520
-1759
-19359
65560
-520
1761
7081
-24040
200
-679
-2279
7760
-200
681
18321
-62480
680
-2319
9641
-32920
480
-1639
28201
-96440
760
-2599
-23399
80080
-760
2601
-30759
105320
-1040
3561
19881
-68080
1600
-5479
11521
-39480
560
-1919
-10559
36240
-280
961
16601
-57040
640
-2199
-13399
46080
-640
2201
-33839
116440
-1000
3441
-12439
42880
-360
1241
14321
-49440
440
-1519
-17519
60560
-440
1521
19401
-67120
520
-1799
-11399
39480
-520
1801
-3679
12760
-600
2081
-26359
91520
-680
2361
7161
-24880
1600
-5559
1881
-6560
80
-279
-1879
6600
-80
281
7241
-25520
1600
-5639
5601
-19760
680
-2399
13041
-46120
520
-1839
-5039
17840
-520
1841
3161
-11200
440
-1559
-6359
22560
-440
1561
4481
-15920
360
-1279
13161
-46840
1000
-3559
16681
-59400
640
-2279
-13479
48040
-640
2281
2601
-9280
280
-999
20121
-71920
1600
-5719
22241
-79520
2640
-9439
18121
-64800
1040
-3719
12321
-44080
760
-2719
-7519
26920
-760
2721
-12919
46320
-480
1721
-13639
48960
-680
2441
7121
-25600
200
-719
-2319
8360
-200
721
5081
-18360
520
-1879
-6679
24160
-520
1881
2761
-10000
320
-1159
-12359
44840
-320
1161
12801
-46520
440
-1599
-3199
11640
-440
1601
10041
-36560
560
-2039
-5679
20720
-680
2481
3641
-13320
120
-439
20281
-74520
1600
-5879
36481
-134080
2960
-10879
29001
-106600
1360
-4999
23761
-87360
1240
-4559
5721
-21040
1120
-4119
18081
-66520
1000
-3679
23601
-86920
760
-2799
3961
-14600
640
-2359
19521
-72040
520
-1919
-3519
13000
-520
1921
15881
-58720
400
-1479
-3079
11400
-400
1481
2641
-9800
280
-1039
-4239
15760
-280
1041
-13879
51680
-720
2681
7561
-28160
1600
-5959
-3239
12080
-440
1641
9241
-34520
760
-2839
2201
-8240
160
-599
-5399
20280
-160
601
5761
-21680
680
-2559
-19559
73760
-520
1961
-8119
30640
-880
3321
7641
-28840
1600
-6039
-12559
47480
-360
1361
3721
-14080
560
-2119
12481
-47280
760
-2879
2361
-8960
200
-759
-7159
27240
-200
761
4041
-15400
640
-2439
3281
-12520
440
-1679
-4879
18640
-440
1681
-8399
32120
-1360
5201
51841
-198320
1840
-7039
8921
-34160
240
-919
23961
-91960
1240
-4759
13441
-51600
1000
-3839
9321
-35800
760
-2919
18001
-69200
520
-1999
-8399
32320
-520
2001
10681
-41160
280
-1079
-4279
16520
-280
1081
-4999
19320
-880
3401
-3919
15160
-600
2321
2841
-11000
320
-1239
-12439
48240
-320
1241
4601
-17880
360
-1399
5961
-23200
1120
-4359
28561
-111200
760
-2959
3161
-12320
400
-1559
-15959
62280
-400
1561
12921
-50480
440
-1719
-4919
19240
-440
1721
9881
-38680
480
-1879
18321
-71800
1000
-3919
13241
-51920
520
-2039
-16599
65240
-560
2201
16921
-66600
640
-2519
-13719
54040
-640
2521
-13879
54720
-680
2681
23801
-93920
760
-2999
-4599
18160
-760
3001
161
-640
40
-159
-12679
51400
-760
3081
18761
-76120
680
-2759
17001
-69040
640
-2599
-13799
56080
-640
2601
10281
-41840
560
-2279
-3879
15800
-560
2281
20921
-85240
1600
-6519
-56119
228720
-1600
6521
-11719
47800
-520
2121
-29679
121120
-1000
4081
-13159
53760
-480
1961
16201
-66240
440
-1799
-8199
33560
-440
1801
3241
-13280
400
-1639
-7919
32520
-760
3121
-12679
52160
-360
1481
2921
-12040
320
-1319
-12519
51680
-320
1321
9161
-37920
280
-1159
-2759
11440
-280
1161
16561
-68760
520
-2159
-6959
28920
-520
2161
-27159
112960
-760
3161
-34559
143800
-1000
4161
-35559
148000
-1240
5161
-2599
10840
-240
1001
21081
-88000
1600
-6679
16241
-67880
440
-1839
2441
-10240
200
-839
-7239
30440
-200
841
-23999
101080
-760
3201
4721
-19920
360
-1519
8361
-35320
1600
-6759
34121
-144200
880
-3719
5401
-22840
520
-2199
-3799
16080
-520
2201
-26879
113880
-680
2881
2281
-9680
160
-679
-5479
23320
-160
681
-27239
116160
-760
3241
8441
-36080
1600
-6839
20681
-88440
720
-3079
9201
-39400
280
-1199
-10799
46320
-280
1201
-3319
14280
-400
1721
-5439
23440
-520
2241
-12879
55600
-760
3281
-5399
23320
-880
3801
-29919
129280
-1000
4321
-35759
154600
-1240
5361
-36279
156880
-1360
5881
21321
-92200
1600
-6919
4241
-18360
240
-1039
-2119
9200
-120
521
26961
-117320
680
-2959
4041
-17600
560
-2439
-16839
73400
-560
2441
-8319
36320
-440
1921
3001
-13120
320
-1399
-12599
55160
-320
1401
18281
-80120
520
-2279
-19879
87200
-520
2281
7281
-32000
200
-879
-2479
10920
-200
881
19001
-83800
680
-2999
10121
-44680
480
-2119
28961
-128000
760
-3359
-24159
106840
-760
3361
-31799
140680
-1040
4601
21481
-95040
1600
-7079
12081
-53480
560
-2479
-10839
48040
-280
1241
17241
-76480
640
-2839
-14039
62320
-640
2841
-34839
154720
-1000
4441
-12799
56920
-360
1601
14761
-65720
440
-1959
19921
-88840
520
-2319
-11919
53200
-520
2321
-4279
19120
-600
2681
-27039
120920
-680
3041
8761
-39200
1600
-7159
1961
-8800
80
-359
-1959
8840
-80
361
8841
-40000
1600
-7239
6281
-28440
680
-3079
13561
-61520
520
-2359
-5559
25240
-520
2361
3601
-16360
440
-1999
-6799
30920
-440
2001
4841
-22040
360
-1639
14161
-64560
1000
-4559
17321
-79000
640
-2919
-14119
64440
-640
2921
2881
-13160
280
-1279
21721
-99360
1600
-7319
24881
-113840
2640
-12079
19161
-87680
1040
-4759
13081
-59880
760
-3479
-8279
37920
-760
3481
-13399
61440
-480
2201
-14319
65720
-680
3121
7321
-33640
200
-919
-2519
11600
-200
921
5601
-25840
520
-2399
-7199
33240
-520
2401
3081
-14240
320
-1479
-12679
58680
-320
1481
13241
-61360
440
-2039
-3639
16880
-440
2041
10601
-49200
560
-2599
-6359
29560
-680
3161
3761
-17520
120
-559
21881
-102280
1600
-7479
39441
-184400
2960
-13839
30361
-141960
1360
-6359
25001
-116920
1240
-5799
6841
-32000
1120
-5239
19081
-89280
1000
-4679
24361
-114080
760
-3559
4601
-21560
640
-2999
20041
-94000
520
-2439
-4039
18960
-520
2441
-3479
16360
-400
1881
2921
-13760
280
-1319
-4519
21320
-280
1321
-14599
68960
-720
3401
9161
-43280
1600
-7559
-3679
17400
-440
2081
10001
-47360
760
-3599
2361
-11200
160
-759
-5559
26440
-160
761
6441
-30680
680
-3239
-20079
95800
-520
2481
-8999
42960
-880
4201
9241
-44120
1600
-7639
-12919
61760
-360
1721
4281
-20480
560
-2679
13241
-63400
760
-3639
2561
-12280
200
-959
-7359
35360
-200
961
4681
-22520
640
-3079
3721
-17920
440
-2119
-5319
25640
-440
2121
-9759
47080
-1360
6561
53681
-259040
1840
-8879
9161
-44240
240
-1159
25201
-121920
1240
-5999
14441
-69880
1000
-4839
10081
-48800
760
-3679
18521
-89720
520
-2519
-8919
43240
-520
2521
10961
-53200
280
-1359
-4559
22160
-280
1361
-5879
28600
-880
4281
-4519
22000
-600
2921
3161
-15400
320
-1559
-12759
62240
-320
1561
4961
-24240
360
-1759
7081
-34640
1120
-5479
29321
-143480
760
-3719
3561
-17440
400
-1959
13361
-65560
440
-2159
-5359
26320
-440
2161
10361
-50920
480
-2359
19321
-95040
1000
-4919
13761
-67720
520
-2559
-17159
84600
-560
2761
17561
-86680
640
-3159
-14359
70920
-640
3161
-14559
71960
-680
3361
24561
-121480
760
-3759
-5359
26520
-760
3761
201
-1000
40
-199
-13439
67920
-760
3841
19441
-98320
680
-3439
17641
-89280
640
-3239
-14439
73120
-640
3241
10841
-54960
560
-2839
-4439
22520
-560
2841
22521
-114280
1600
-8119
-57719
292960
-1600
8121
-12239
62160
-520
2641
-30679
155880
-1000
5081
-13639
69360
-480
2441
16641
-84680
440
-2239
-8639
44000
-440
2241
3641
-18560
400
-2039
-8679
44320
-760
3881
-13039
66680
-360
1841
3241
-16600
320
-1639
9441
-48520
280
-1439
-3039
15640
-280
1441
17081
-88000
520
-2679
-7479
38560
-520
2681
-27919
144040
-760
3921
-35559
183520
-1000
5161
-36799
189960
-1240
6401
-2839
14680
-240
1241
22681
-117360
1600
-8279
16681
-86400
440
-2279
2641
-13720
200
-1039
-7439
38720
-200
1041
-24759
129040
-760
3961
5081
-26520
360
-1879
35001
-182920
880
-4599
5921
-30960
520
-2719
-4319
22600
-520
2721
2441
-12800
160
-839
-5639
29640
-160
841
-27999
147400
-760
4001
10041
-52960
1600
-8439
21401
-112920
720
-3799
9481
-50080
280
-1479
-11079
58600
-280
1481
-3719
19720
-400
2121
-5959
31640
-520
2761
-13639
72520
-760
4041
-6279
33400
-880
4681
-30919
164520
-1000
5321
-36999
196960
-1240
6601
-37639
200400
-1360
7241
22921
-122040
1600
-8519
4481
-23880
240
-1279
-2239
11960
-120
641
4601
-24640
560
-2999
-17399
93240
-560
3001
-8759
47000
-440
2361
3321
-17840
320
-1719
18801
-101200
520
-2799
-20399
109880
-520
2801
7481
-40360
200
-1079
-2679
14480
-200
1081
19681
-106480
680
-3679
10601
-57400
480
-2599
29721
-161080
760
-4119
-24919
135120
-760
4121
-32839
178120
-1040
5641
12641
-68600
560
-3039
-11119
60400
-280
1521
17881
-97200
640
-3479
-14679
79840
-640
3481
-35839
195000
-1000
5441
-13159
71680
-360
1961
15201
-82880
440
-2399
20441
-111600
520
-2839
-12439
67960
-520
2841
-4879
26680
-600
3281
10361
-56720
1600
-8759
2041
-11200
80
-439
-2039
11240
-80
441
10441
-57680
1600
-8839
6961
-38480
680
-3759
14081
-77960
520
-2879
-6079
33680
-520
2881
4041
-22400
440
-2439
-7239
40160
-440
2441
5201
-28880
360
-1999
15161
-84280
1000
-5559
17961
-99880
640
-3559
-14759
82120
-640
3561
3161
-17600
280
-1559
23321
-130000
1600
-8919
27521
-153440
2640
-14719
20201
-112640
1040
-5799
13841
-77200
760
-4239
-9039
50440
-760
4241
-13879
77520
-480
2681
-14999
83840
-680
3801
7521
-42080
200
-1119
-2719
15240
-200
1121
6121
-34360
520
-2919
-7719
43360
-520
2921
3401
-19120
320
-1799
13681
-77080
440
-2479
-4079
23000
-440
2481
11161
-62960
560
-3159
-7039
39760
-680
3841
3881
-21960
120
-679
23481
-133240
1600
-9079
42401
-240640
2960
-16799
31721
-180040
1360
-7719
26241
-148960
1240
-7039
7961
-45200
1120
-6359
20081
-114040
1000
-5679
25121
-142760
760
-4319
5241
-29800
640
-3639
20561
-117000
520
-2959
-4559
25960
-520
2961
-3879
22120
-400
2281
3201
-18280
280
-1599
-4799
27440
-280
1601
-15319
87680
-720
4121
10761
-61600
1600
-9159
-4119
23600
-440
2521
10761
-61720
760
-4359
2521
-14480
160
-919
-5719
32920
-160
921
7121
-41040
680
-3919
-20599
118880
-520
3001
-9879
57040
-880
5081
10841
-62600
1600
-9239
-13279
76760
-360
2081
4841
-28000
560
-3239
14001
-81040
760
-4399
2761
-16000
200
-1159
-7559
43880
-200
1161
5321
-30920
640
-3719
4161
-24200
440
-2559
-5759
33520
-440
2561
-11119
64760
-1360
7921
55521
-323440
1840
-10719
9401
-54800
240
-1399
26441
-154360
1240
-7239
15441
-90160
1000
-5839
10841
-63320
760
-4439
19041
-111280
520
-3039
-9439
55200
-520
3041
-4839
28360
-280
1641
-6759
39640
-880
5161
-5119
30040
-600
3521
3481
-20440
320
-1879
5321
-31320
360
-2119
8201
-48320
1120
-6599
30081
-177280
760
-4479
3961
-23360
400
-2359
13801
-81520
440
-2599
-5799
34280
-440
2601
10841
-64120
480
-2839
20321
-120280
1000
-5919
14281
-84560
520
-3079
-17719
105080
-560
3321
18201
-108040
640
-3799
-14999
89080
-640
3801
-15239
90560
-680
4041
25321
-150560
760
-4519
-6119
36400
-760
4521
241
-1440
40
-239
-14199
85960
-760
4601
20121
-121880
680
-4119
18281
-110800
640
-3879
-15079
91440
-640
3881
11401
-69200
560
-3399
-4999
30360
-560
3401
24121
-146520
1600
-9719
-59319
360400
-1600
9721
-12759
77560
-520
3161
-31679
192640
-1000
6081
-14119
85920
-480
2921
17081
-104000
440
-2679
-9079
55320
-440
2681
4041
-24640
400
-2439
-9439
57640
-760
4641
-13399
81920
-360
2201
3561
-21800
320
-1959
9721
-59680
280
-1719
-3319
20400
-280
1721
17601
-108280
520
-3199
-7999
49240
-520
3201
-28679
176640
-760
4681
-36559
225240
-1000
6161
-38039
234400
-1240
7641
-3079
19000
-240
1481
24281
-149920
1600
-9879
17121
-105800
440
-2719
2841
-17600
200
-1239
-7639
47400
-200
1241
-25519
158520
-760
4721
5441
-33840
360
-2239
6441
-40120
520
-3239
-4839
30160
-520
3241
2601
-16240
160
-999
-5799
36280
-160
1001
-28759
180160
-760
4761
11641
-73040
1600
-10039
22121
-138840
720
-4519
9761
-61320
280
-1759
-4119
25960
-400
2521
-6479
40880
-520
3281
-14399
90960
-760
4801
-7159
45240
-880
5561
-31919
201760
-1000
6321
-38239
241800
-1240
7841
-38999
246640
-1360
8601
24521
-155080
1600
-10119
4721
-29880
240
-1519
-2359
14960
-120
761
5161
-32800
560
-3559
-17959
114200
-560
3561
-9199
58560
-440
2801
3641
-23200
320
-2039
19321
-123320
520
-3319
7681
-49120
200
-1279
-2879
18440
-200
1281
20361
-130520
680
-4359
11081
-71080
480
-3079
-25679
164920
-760
4881
-33879
217640
-1040
6681
13201
-84840
560
-3599
18521
-119200
640
-4119
-15319
98640
-640
4121
-36839
237280
-1000
6441
-13519
87160
-360
2321
15641
-100920
440
-2839
-12959
83760
-520
3361
-5479
35440
-600
3881
11961
-77440
1600
-10359
2121
-13760
80
-519
-2119
13800
-80
521
12041
-78560
1600
-10439
7641
-49880
680
-4439
14601
-95440
520
-3399
-6599
43160
-520
3401
4481
-29320
440
-2879
-7679
50280
-440
2881
5561
-36440
360
-2359
16161
-106000
1000
-6559
18601
-122040
640
-4199
-15399
101080
-640
4201
3441
-22600
280
-1839
24921
-163840
1600
-10519
30161
-198320
2640
-17359
21241
-139680
1040
-6839
14601
-96040
760
-4999
-9799
64480
-760
5001
-14359
94560
-480
3161
-15679
103320
-680
4481
7721
-50920
200
-1319
-2919
19280
-200
1321
6641
-43920
520
-3439
-8239
54520
-520
3441
3721
-24640
320
-2119
14121
-93680
440
-2919
-4519
30000
-440
2921
11721
-77840
560
-3719
-7719
51320
-680
4521
4001
-26640
120
-799
25081
-167400
1600
-10679
45361
-302800
2960
-19759
33081
-220840
1360
-9079
27481
-183480
1240
-8279
9081
-60640
1120
-7479
21081
-140800
1000
-6679
25881
-172960
760
-5079
5881
-39320
640
-4279
-5079
34000
-520
3481
-4279
28680
-400
2681
3481
-23360
280
-1879
-5079
34120
-280
1881
-16039
107840
-720
4841
12361
-83120
1600
-10759
-4559
30680
-440
2961
11521
-77600
760
-5119
2681
-18080
160
-1079
-5879
39720
-160
1081
7801
-52760
680
-4599
-10759
72880
-880
5961
12441
-84280
1600
-10839
-13639
92480
-360
2441
5401
-36640
560
-3799
14761
-100200
760
-5159
2961
-20120
200
-1359
-7759
52800
-200
1361
5961
-40600
640
-4359
4601
-31360
440
-2999
-6199
42280
-440
3001
27681
-189280
1240
-8479
16441
-112440
1000
-6839
11601
-79360
760
-5199
19561
-133880
520
-3559
-9959
68200
-520
3561
-5119
35120
-280
1921
-7639
52440
-880
6041
-5719
39280
-600
4121
3801
-26120
320
-2199
5681
-39120
360
-2479
9321
-64240
1120
-7719
4361
-30080
400
-2759
14241
-98360
440
-3039
-6239
43120
-440
3041
11321
-78280
480
-3319
21321
-147520
1000
-6919
14801
-102440
520
-3599
-18279
126680
-560
3881
18841
-130680
640
-4439
-15639
108520
-640
4441
-15919
110520
-680
4721
26081
-181160
760
-5279
-6879
47800
-760
5281
281
-1960
40
-279
-14959
105520
-760
5361
20801
-146800
680
-4799
18921
-133600
640
-4519
-15719
111040
-640
4521
11961
-84560
560
-3959
-5559
39320
-560
3961
25721
-181960
1600
-11319
-13279
94000
-520
3681
-32679
231400
-1000
7081
-14599
103440
-480
3401
17521
-124200
440
-3119
-9519
67520
-440
3121
4441
-31520
400
-2839
-10199
72480
-760
5401
-13759
97880
-360
2561
3881
-27640
320
-2279
10001
-71400
280
-1999
-3599
25720
-280
2001
18121
-129600
520
-3719
-8519
60960
-520
3721
-29439
210760
-760
5441
-37559
268960
-1000
7161
-39279
281320
-1240
8881
-3319
23800
-240
1721
25881
-185680
1600
-11479
17561
-126080
440
-3159
3041
-21880
200
-1439
-7839
56480
-200
1441
-26279
189520
-760
5481
5801
-41880
360
-2599
6961
-50320
520
-3759
-5359
38760
-520
3761
2761
-20000
160
-1159
-5959
43240
-160
1161
-29519
214440
-760
5521
13241
-96320
1600
-11639
22841
-166200
720
-5239
10041
-73120
280
-2039
-4519
33000
-400
2921
-6999
51160
-520
3801
-15159
110920
-760
5561
-8039
58840
-880
6441
-32919
241000
-1000
7321
-39479
289120
-1240
9081
-40359
295600
-1360
9961
26121
-191320
1600
-11719
4961
-36360
240
-1759
-2479
18200
-120
881
5721
-42080
560
-4119
-18519
136280
-560
4121
-9639
71000
-440
3241
3961
-29200
320
-2359
19841
-146480
520
-3839
7881
-58280
200
-1479
-3079
22800
-200
1481
21041
-155920
680
-5039
11561
-85720
480
-3559
-26439
196240
-760
5641
-34919
259240
-1040
7721
13761
-102200
560
-4159
19161
-142480
640
-4759
-15959
118720
-640
4761
-37839
281560
-1000
7441
-13879
103360
-360
2681
16081
-119840
440
-3279
-13479
100600
-520
3881
-6079
45400
-600
4481
13561
-101360
1600
-11959
2201
-16480
80
-599
-2199
16520
-80
601
13641
-102640
1600
-12039
8321
-62640
680
-5119
15121
-113960
520
-3919
-7119
53680
-520
3921
4921
-37120
440
-3319
-8119
61280
-440
3321
5921
-44720
360
-2719
17161
-129720
1000
-7559
19241
-145480
640
-4839
-16039
121320
-640
4841
3721
-28160
280
-2119
26521
-200880
1600
-12119
32801
-248480
2640
-19999
22281
-168800
1040
-7879
15361
-116400
760
-5759
-10559
80040
-760
5761
-14839
112560
-480
3641
-16359
124160
-680
5161
7921
-60160
200
-1519
-3119
23720
-200
1521
7161
-54520
520
-3959
-8759
66720
-520
3961
4041
-30800
320
-2439
14561
-111160
440
-3359
-4959
37880
-440
3361
12281
-93840
560
-4279
-8399
64240
-680
5201
4121
-31560
120
-919
26681
-204760
1600
-12279
48321
-370880
2960
-22719
34441
-264360
1360
-10439
28721
-220480
1240
-9519
10201
-78320
1120
-8599
22081
-169560
1000
-7679
26641
-204680
760
-5839
6521
-50120
640
-4919
-5599
43080
-520
4001
-4679
36040
-400
3081
3761
-29000
280
-2159
-5359
41360
-280
2161
-16759
129440
-720
5561
13961
-107840
1600
-12359
-4999
38640
-440
3401
12281
-95000
760
-5879
2841
-22000
160
-1239
-6039
46840
-160
1241
8481
-65840
680
-5279
-11639
90480
-880
6841
14041
-109160
1600
-12439
-13999
108920
-360
2801
5961
-46400
560
-4359
15521
-120880
760
-5919
3161
-24640
200
-1559
-7959
62120
-200
1561
6601
-51560
640
-4999
5041
-39400
440
-3439
-6639
51920
-440
3441
28921
-226680
1240
-9719
17441
-136720
1000
-7839
12361
-96920
760
-5959
20081
-157520
520
-4079
-10479
82240
-520
4081
-5399
42440
-280
2201
-8519
67000
-880
6921
-6319
49720
-600
4721
4121
-32440
320
-2519
6041
-47640
360
-2839
10441
-82400
1120
-8839
4761
-37600
400
-3159
14681
-116080
440
-3479
-6679
52840
-440
3481
11801
-93400
480
-3799
22321
-176760
1000
-7919
15321
-121360
520
-4119
-18839
149400
-560
4441
19481
-154600
640
-5079
-16279
129240
-640
5081
-16599
131840
-680
5401
26841
-213280
760
-6039
-7639
60720
-760
6041
321
-2560
40
-319
-15719
126600
-760
6121
21481
-173080
680
-5479
19561
-157680
640
-5159
-16359
131920
-640
5161
12521
-101040
560
-4519
-6119
49400
-560
4521
27321
-220600
1600
-12919
-13799
111480
-520
4201
-33679
272160
-1000
8081
-15079
121920
-480
3881
-9959
80600
-440
3561
4841
-39200
400
-3239
-10959
88840
-760
6161
-14119
114560
-360
2921
4201
-34120
320
-2599
10281
-83680
280
-2279
-3879
31600
-280
2281
18641
-151960
520
-4239
-9039
73720
-520
4241
-30199
246400
-760
6201
-38559
314680
-1000
8161
-40519
330720
-1240
10121
-3559
29080
-240
1961
27481
-224640
1600
-13079
3241
-26560
200
-1639
-27039
222040
-760
6241
6161
-50640
360
-2959
7481
-61560
520
-4279
-5879
48400
-520
4281
2921
-24080
160
-1319
-6119
50520
-160
1321
-30279
250240
-760
6281
14841
-122800
1600
-13239
23561
-195000
720
-5959
10321
-85480
280
-2319
-4919
40840
-400
3321
-7519
62480
-520
4321
-15919
132400
-760
6321
-8919
74200
-880
7321
-33919
282240
-1000
8321
-40719
338920
-1240
10321
-41719
347280
-1360
11321
27721
-230760
1600
-13319
5201
-43320
240
-1999
-2599
21680
-120
1001
6281
-52480
560
-4679
-19079
159480
-560
4681
-10079
84320
-440
3681
4281
-35840
320
-2679
20361
-170680
520
-4359
-3279
27560
-200
1681
21721
-182680
680
-5719
12041
-101320
480
-4039
-27199
229080
-760
6401
-35959
302920
-1040
8761
14321
-120680
560
-4719
19801
-167040
640
-5399
-16599
140080
-640
5401
-38839
327840
-1000
8441
-14239
120280
-360
3041
16521
-139640
440
-3719
-13999
118480
-520
4401
-6679
56560
-600
5081
15161
-128480
1600
-13559
2281
-19360
80
-679
-2279
19400
-80
681
15241
-129920
1600
-13639
9001
-76760
680
-5799
15641
-133520
520
-4439
-7639
65240
-520
4441
5361
-45800
440
-3759
-8559
73160
-440
3761
6281
-53720
360
-3079
18161
-155440
1000
-8559
19881
-170200
640
-5479
-16679
142840
-640
5481
4001
-34280
280
-2399
28121
-241120
1600
-13719
35441
-303920
2640
-22639
23321
-200000
1040
-8919
16121
-138280
760
-6519
-11319
97120
-760
6521
-15319
131520
-480
4121
-17039
146360
-680
5841
-3319
28560
-200
1721
7681
-66160
520
-4479
-9279
79960
-520
4481
4361
-37600
320
-2759
15001
-129520
440
-3799
-5399
46640
-440
3801
12841
-110960
560
-4839
-9079
78520
-680
5881
4241
-36720
120
-1039
28281
-245320
1600
-13879
51281
-444880
2960
-25679
35801
-310600
1360
-11799
29961
-259960
1240
-10759
11321
-98240
1120
-9719
23081
-200320
1000
-8679
27401
-237920
760
-6599
7161
-62200
640
-5559
-6119
53200
-520
4521
-5079
44200
-400
3481
4041
-35200
280
-2439
-5639
49160
-280
2441
-17479
152480
-720
6281
15561
-135760
1600
-13959
-5439
47480
-440
3841
13041
-113920
760
-6639
3001
-26240
160
-1399
-6199
54280
-160
1401
9161
-80280
680
-5959
-12519
109840
-880
7721
15641
-137240
1600
-14039
-14359
126080
-360
3161
6521
-57280
560
-4919
16281
-143080
760
-6679
3361
-29560
200
-1759
7241
-63800
640
-5639
5481
-48320
440
-3879
-7079
62440
-440
3881
30161
-266560
1240
-10959
18441
-163000
1000
-8839
13121
-116000
760
-6719
20601
-182200
520
-4599
-10999
97320
-520
4601
-5679
50320
-280
2481
-9399
83320
-880
7801
-6919
61360
-600
5321
4441
-39400
320
-2839
6401
-56880
360
-3199
11561
-102800
1120
-9959
5161
-45920
400
-3559
15121
-134680
440
-3919
-7119
63440
-440
3921
12281
-109480
480
-4279
23321
-208000
1000
-8919
15841
-141320
520
-4639
-19399
173240
-560
5001
20121
-179800
640
-5719
-16919
151240
-640
5721
-17279
154520
-680
6081
27601
-246920
760
-6799
-8399
75160
-760
6801
361
-3240
40
-359
-16479
149200
-760
6881
22161
-200720
680
-6159
20201
-183040
640
-5799
-16999
154080
-640
5801
13081
-118640
560
-5079
-6679
60600
-560
5081
28921
-262440
1600
-14519
-14319
130000
-520
4721
-34679
314920
-1000
9081
-15559
141360
-480
4361
-10399
94560
-440
4001
5241
-47680
400
-3639
-11719
106720
-760
6921
4521
-41240
320
-2919
10561
-96520
280
-2559
-4159
38040
-280
2561
19161
-175360
520
-4759
-9559
87520
-520
4761
-39559
362400
-1000
9161
-41759
382600
-1240
11361
-3799
34840
-240
2201
29081
-266800
1600
-14679
3441
-31640
200
-1839
-27799
256080
-760
7001
6521
-60120
360
-3319
8001
-73840
520
-4799
-6399
59080
-520
4801
3081
-28480
160
-1479
-6279
58120
-160
1481
16441
-152480
1600
-14839
24281
-225240
720
-6679
10601
-98400
280
-2599
-5319
49480
-400
3721
-8039
74840
-520
4841
-16679
155400
-760
7081
-9799
91320
-880
8201
-34919
325480
-1000
9321
-41959
391200
-1240
11561
-43079
401680
-1360
12681
-2719
25400
-120
1121
6841
-64000
560
-5239
-19639
183800
-560
5241
-10519
98520
-440
4121
4601
-43120
320
-2999
-3479
32720
-200
1881
22401
-210800
680
-6399
12521
-117880
480
-4519
-27959
263440
-760
7161
-36999
348680
-1040
9801
20441
-192880
640
-6039
-17239
162720
-640
6041
-39839
376120
-1000
9441
16961
-160320
440
-4159
-14519
137400
-520
4921
-7279
68920
-600
5681
16761
-158800
1600
-15159
2361
-22400
80
-759
-2359
22440
-80
761
16841
-160400
1600
-15239
9681
-92240
680
-6479
16161
-154120
520
-4959
-8159
77840
-520
4961
5801
-55360
440
-4199
-8999
85920
-440
4201
6641
-63440
360
-3439
19161
-183160
1000
-9559
20521
-196200
640
-6119
-17319
165640
-640
6121
4281
-40960
280
-2679
29721
-284560
1600
-15319
24361
-233280
1040
-9959
16881
-161680
760
-7279
-12079
115720
-760
7281
-15799
151440
-480
4601
-17719
169920
-680
6521
-3519
33800
-200
1921
8201
-78840
520
-4999
-9799
94240
-520
5001
4681
-45040
320
-3079
15441
-148760
440
-4239
-5839
56280
-440
4241
13401
-129200
560
-5399
-9759
94160
-680
6561
4361
-42120
120
-1159
29881
-289080
1600
-15479
37161
-359560
1360
-13159
31201
-301920
1240
-11999
12441
-120400
1120
-10839
24081
-233080
1000
-9679
28161
-272680
760
-7359
7801
-75560
640
-6199
-6639
64360
-520
5041
-5479
53160
-400
3881
4321
-41960
280
-2719
-5919
57520
-280
2721
-18199
176960
-720
7001
17161
-166880
1600
-15559
-5879
57200
-440
4281
13801
-134360
760
-7399
3161
-30800
160
-1559
-6359
62040
-160
1561
9841
-96080
680
-6639
-13399
130960
-880
8601
17241
-168520
1600
-15639
7081
-69280
560
-5479
17041
-166800
760
-7439
3561
-34880
200
-1959
7881
-77320
640
-6279
5921
-58120
440
-4319
-7519
73840
-440
4321
31401
-308920
1240
-12199
19441
-191280
1000
-9839
13881
-136600
760
-7479
-11519
113440
-520
5121
-5959
58760
-280
2761
-10279
101400
-880
8681
-7519
74200
-600
5921
4761
-47000
320
-3159
6761
-66840
360
-3559
12681
-125440
1120
-11079
5561
-55040
400
-3959
15561
-154160
440
-4359
-7559
74920
-440
4361
12761
-126520
480
-4759
24321
-241240
1000
-9919
16361
-162320
520
-5159
-19959
198200
-560
5561
20761
-206280
640
-6359
-17559
174520
-640
6361
-17959
178560
-680
6761
28361
-282080
760
-7559
-9159
91120
-760
7561
401
-4000
40
-399
-17239
173320
-760
7641
22841
-229720
680
-6839
20841
-209680
640
-6439
-17639
177520
-640
6441
13641
-137360
560
-5639
-7239
72920
-560
5641
30521
-307480
1600
-16119
-14839
149560
-520
5241
-35679
359680
-1000
10081
-16039
161760
-480
4841
-10839
109400
-440
4441
5641
-56960
400
-4039
-12479
126120
-760
7681
4841
-49000
320
-3239
10841
-109920
280
-2839
-4439
45040
-280
2841
19681
-199800
520
-5279
-10079
102360
-520
5281
-42999
436960
-1240
12601
-4039
41080
-240
2441
30681
-312160
1600
-16279
3641
-37120
200
-2039
-28559
291640
-760
7761
6881
-70320
360
-3679
8521
-87160
520
-5319
-6919
70800
-520
5321
3241
-33200
160
-1639
18041
-185360
1600
-16439
25001
-256920
720
-7399
10881
-111880
280
-2879
-5719
58920
-400
4121
-8559
88240
-520
5361
-17439
179920
-760
7841
-10679
110200
-880
9081
-35919
370720
-1000
10321
-43199
445960
-1240
12801
-44439
458800
-1360
14041
-2839
29360
-120
1241
7401
-76640
560
-5799
-20199
209240
-560
5801
-10959
113600
-440
4561
4921
-51040
320
-3319
-3679
38280
-200
2081
23081
-240280
680
-7079
13001
-135400
480
-4999
-28719
299320
-760
7921
-38039
396520
-1040
10841
21081
-220000
640
-6679
-17879
186640
-640
6681
17401
-181880
440
-4599
-15039
157360
-520
5441
-7879
82480
-600
6281
18361
-192320
1600
-16759
2441
-25600
80
-839
-2439
25640
-80
841
18441
-194080
1600
-16839
10361
-109080
680
-7159
16681
-175760
520
-5479
-8679
91480
-520
5481
6241
-65800
440
-4639
-9439
99560
-440
4641
7001
-73880
360
-3799
20161
-212880
1000
-10559
21161
-223480
640
-6759
-17959
189720
-640
6761
4561
-48200
280
-2959
31321
-331200
1600
-16919
25401
-268640
1040
-10999
17641
-186600
760
-8039
-12839
135840
-760
8041
-16279
172320
-480
5081
-18399
194840
-680
7201
-3719
39440
-200
2121
8721
-92560
520
-5519
-10319
109560
-520
5521
5001
-53120
320
-3399
15881
-168880
440
-4679
-6279
66800
-440
4681
13961
-148560
560
-5959
-10439
111160
-680
7241
4481
-47760
120
-1279
31481
-336040
1600
-17079
38521
-411240
1360
-14519
32441
-346360
1240
-13239
13561
-144800
1120
-11959
25081
-267840
1000
-10679
28921
-308960
760
-8119
8441
-90200
640
-6839
-7159
76560
-520
5561
-5879
62920
-400
4281
4601
-49280
280
-2999
-6199
66440
-280
3001
-18919
202880
-720
7721
18761
-201200
1600
-17159
-6319
67800
-440
4721
14561
-156320
760
-8159
3321
-35680
160
-1719
10521
-113240
680
-7319
-14279
153840
-880
9481
18841
-203000
1600
-17239
7641
-82400
560
-6039
17801
-192040
760
-8199
3761
-40600
200
-2159
8521
-92120
640
-6919
6361
-68800
440
-4759
-7959
86120
-440
4761
32641
-353760
1240
-13439
20441
-221560
1000
-10839
14641
-158720
760
-8239
-12039
130600
-520
5641
-6239
67760
-280
3041
-11159
121240
-880
9561
-8119
88240
-600
6521
5081
-55240
320
-3479
7121
-77520
360
-3919
13801
-150320
1120
-12199
5961
-64960
400
-4359
16001
-174520
440
-4799
-7999
87280
-440
4801
13241
-144520
480
-5239
25321
-276480
1000
-10919
16881
-184360
520
-5679
-20519
224280
-560
6121
21401
-234040
640
-6999
-18199
199080
-640
7001
-18639
203960
-680
7441
29121
-318760
760
-8319
-9919
108600
-760
8321
441
-4840
40
-439
-17999
198960
-760
8401
23521
-260080
680
-7519
21481
-237600
640
-7079
-18279
202240
-640
7081
14201
-157200
560
-6199
-7799
86360
-560
6201
32121
-355720
1600
-17719
-15359
170160
-520
5761
-36679
406440
-1000
11081
-16519
183120
-480
5321
-11279
125120
-440
4881
6041
-67040
400
-4439
-13239
147040
-760
8441
5161
-57400
320
-3559
11121
-123880
280
-3119
-4719
52600
-280
3121
20201
-225280
520
-5799
-10599
118240
-520
5801
-44239
493800
-1240
13841
-4279
47800
-240
2681
32281
-360720
1600
-17879
3841
-43000
200
-2239
-29319
328720
-760
8521
7241
-81240
360
-4039
9041
-101520
520
-5839
-7439
83560
-520
5841
3401
-38240
160
-1799
19641
-221440
1600
-18039
25721
-290040
720
-8119
11161
-125920
280
-3159
-6119
69160
-400
4521
-9079
102680
-520
5881
-18199
205960
-760
8601
-11559
130840
-880
9961
-36919
417960
-1000
11321
-44439
503200
-1240
14041
-45799
518640
-1360
15401
-2959
33560
-120
1361
7961
-90400
560
-6359
-20759
235800
-560
6361
-11399
129560
-440
5001
5241
-59600
320
-3639
-3879
44240
-200
2281
23761
-271120
680
-7759
13481
-153880
480
-5479
-29479
336720
-760
8681
-39079
446440
-1040
11881
21721
-248400
640
-7319
-18519
211840
-640
7321
-15559
178360
-520
5961
-8479
97240
-600
6881
19961
-229040
1600
-18359
2521
-28960
80
-919
-2519
29000
-80
921
20041
-230960
1600
-18439
11041
-127280
680
-7839
17201
-198440
520
-5999
-9199
106160
-520
6001
6681
-77120
440
-5079
-9879
114080
-440
5081
7361
-85040
360
-4159
21161
-244600
1000
-11559
21801
-252040
640
-7399
-18599
215080
-640
7401
4841
-56000
280
-3239
32921
-381040
1600
-18519
26441
-306080
1040
-12039
18401
-213040
760
-8799
-13599
157480
-760
8801
-16759
194160
-480
5561
-19079
221120
-680
7881
-3919
45480
-200
2321
9241
-107320
520
-6039
-10839
125920
-520
6041
5321
-61840
320
-3719
16321
-189880
440
-5119
-6719
78200
-440
5121
14521
-169040
560
-6519
-11119
129520
-680
7921
4601
-53640
120
-1399
33081
-386200
1600
-18679
39881
-465640
1360
-15879
33681
-393280
1240
-14479
14681
-171440
1120
-13079
26081
-304600
1000
-11679
29681
-346760
760
-8879
9081
-106120
640
-7479
-7679
89800
-520
6081
-6279
73480
-400
4681
4881
-57160
280
-3279
-6479
75920
-280
3281
-19639
230240
-720
8441
20361
-238720
1600
-18759
-6759
79280
-440
5161
15321
-179800
760
-8919
3481
-40880
160
-1879
11201
-131760
680
-7999
-15159
178480
-880
10361
20441
-240680
1600
-18839
8201
-96640
560
-6599
18561
-218800
760
-8959
3961
-46720
200
-2359
9161
-108200
640
-7559
6801
-80360
440
-5199
-8399
99280
-440
5201
33881
-401080
1240
-14679
21441
-253840
1000
-11839
15401
-182360
760
-8999
-12559
148800
-520
6161
-6519
77320
-280
3321
-12039
142840
-880
10441
-8719
103480
-600
7121
5401
-64120
320
-3799
7481
-88920
360
-4279
14921
-177440
1120
-13319
6361
-75680
400
-4759
16441
-195760
440
-5239
-8439
100520
-440
5241
13721
-163480
480
-5719
26321
-313720
1000
-11919
17401
-207440
520
-6199
-21079
251480
-560
6681
22041
-263080
640
-7639
-18839
224920
-640
7641
-19319
230720
-680
8121
29881
-356960
760
-9079
-10679
127600
-760
9081
481
-5760
40
-479
-18759
226120
-760
9161
24201
-291800
680
-8199
22121
-266800
640
-7719
-18919
228240
-640
7721
14761
-178160
560
-6759
-8359
100920
-560
6761
33721
-407160
1600
-19319
-15879
191800
-520
6281
-37679
455200
-1000
12081
-16999
205440
-480
5801
-11719
141720
-440
5321
6441
-77920
400
-4839
-13999
169480
-760
9201
5481
-66440
320
-3879
-4999
60720
-280
3401
20721
-251800
520
-6319
-11119
135160
-520
6321
-45479
553120
-1240
15081
-4519
55000
-240
2921
33881
-412480
1600
-19479
4041
-49280
200
-2439
-30079
367320
-760
9281
7601
-92880
360
-4399
9561
-116920
520
-6359
-7959
97360
-520
6361
3561
-43600
160
-1959
21241
-260720
1600
-19639
26441
-324600
720
-8839
-6519
80200
-400
4921
-9599
118160
-520
6401
-18959
233520
-760
9361
-12439
153240
-880
10841
-37919
467200
-1000
12321
-45679
562920
-1240
15281
-47159
581200
-1360
16761
-3079
38000
-120
1481
8521
-105280
560
-6919
-21319
263480
-560
6921
-11839
146400
-440
5441
5561
-68800
320
-3959
-4079
50600
-200
2481
24441
-303320
680
-8439
13961
-173320
480
-5959
-30239
375640
-760
9441
-40119
498440
-1040
12921
22361
-278080
640
-7959
-19159
238320
-640
7961
-16079
200400
-520
6481
-9079
113200
-600
7481
21561
-268960
1600
-19959
2601
-32480
80
-999
-2599
32520
-80
1001
21641
-271040
1600
-20039
11721
-146840
680
-8519
17721
-222160
520
-6519
-9719
121880
-520
6521
7121
-89320
440
-5519
-10319
129480
-440
5521
7721
-96920
360
-4519
22161
-278320
1000
-12559
22441
-281880
640
-8039
-19239
241720
-640
8041
5121
-64360
280
-3519
34521
-434080
1600
-20119
27481
-345600
1040
-13079
19161
-241000
760
-9559
-14359
180640
-760
9561
-17239
216960
-480
6041
-19759
248760
-680
8561
-4119
51920
-200
2521
9761
-123120
520
-6559
-11359
143320
-520
6561
5641
-71200
320
-4039
16761
-211760
440
-5559
-7159
90480
-440
5561
15081
-190640
560
-7079
-11799
149240
-680
8601
4721
-59760
120
-1519
34681
-439560
1600
-20279
41241
-522760
1360
-17239
34921
-442680
1240
-15719
15801
-200320
1120
-14199
27081
-343360
1000
-12679
9721
-123320
640
-8119
-8199
104080
-520
6601
-6679
84840
-400
5081
5161
-65600
280
-3559
-6759
85960
-280
3561
-20359
259040
-720
9161
21961
-279440
1600
-20359
-7199
91640
-440
5601
16081
-204800
760
-9679
3641
-46400
160
-2039
11881
-151640
680
-8679
-16039
204880
-880
11241
22041
-281560
1600
-20439
8761
-112000
560
-7159
19321
-247080
760
-9719
4161
-53240
200
-2559
9801
-125560
640
-8199
7241
-92800
440
-5639
-8839
113320
-440
5641
35121
-450880
1240
-15919
22441
-288120
1000
-12839
16161
-207520
760
-9759
-13079
168040
-520
6681
-6799
87440
-280
3601
-12919
166200
-880
11321
-9319
119920
-600
7721
5721
-73640
320
-4119
7841
-101040
360
-4639
16041
-206800
1120
-14439
6761
-87200
400
-5159
16881
-217880
440
-5679
-8879
114640
-440
5681
14201
-183400
480
-6199
27321
-352960
1000
-12919
17921
-231560
520
-6719
-21639
279800
-560
7241
22681
-293400
640
-8279
-19479
252040
-640
8281
-19999
258840
-680
8801
-11439
148120
-760
9841
521
-6760
40
-519
-19519
254800
-760
9921
24881
-324880
680
-8879
22761
-297280
640
-8359
-19559
255520
-640
8361
15321
-200240
560
-7319
-8919
116600
-560
7321
35321
-461800
1600
-20919
-16399
214480
-520
6801
-38679
505960
-1000
13081
-17479
228720
-480
6281
-12159
159200
-440
5761
6841
-89600
400
-5239
-14759
193440
-760
9961
5801
-76120
320
-4199
-5279
69400
-280
3681
-11639
153120
-520
6841
-46719
614920
-1240
16321
-4759
62680
-240
3161
35481
-467440
1600
-21079
4241
-55960
200
-2639
7961
-105240
360
-4759
10081
-133360
520
-6879
-8479
112200
-520
6881
3721
-49280
160
-2119
22841
-303200
1600
-21239
27161
-360600
720
-9559
-6919
92040
-400
5321
-10119
134680
-520
6921
-19719
262600
-760
10121
-13319
177400
-880
11721
-38919
518440
-1000
13321
-46919
625120
-1240
16521
-48519
646480
-1360
18121
-3199
42680
-120
1601
9081
-121280
560
-7479
-21879
292280
-560
7481
-12279
164120
-440
5881
5881
-78640
320
-4279
-4279
57360
-200
2681
25121
-336880
680
-9119
14441
-193720
480
-6439
-41159
552520
-1040
13961
23001
-309040
640
-8599
-19799
266080
-640
8601
-16599
223480
-520
7001
-9679
130360
-600
8081
23161
-312080
1600
-21559
2681
-36160
80
-1079
-2679
36200
-80
1081
23241
-314320
1600
-21639
12401
-167760
680
-9199
18241
-246920
520
-7039
-10239
138640
-520
7041
7561
-102400
440
-5959
-10759
145760
-440
5961
8081
-109520
360
-4879
23161
-314040
1000
-13559
23081
-313000
640
-8679
-19879
269640
-640
8681
5401
-73280
280
-3799
36121
-490320
1600
-21719
28521
-387200
1040
-14119
19921
-270480
760
-10319
-15119
205320
-760
10321
-17719
240720
-480
6521
-20439
277760
-680
9241
-4319
58760
-200
2721
10281
-139960
520
-7079
-11879
161760
-520
7081
5961
-81200
320
-4359
17201
-234520
440
-5999
-7599
103640
-440
6001
15641
-213360
560
-7639
-12479
170320
-680
9281
42601
-582600
1360
-18599
36161
-494560
1240
-16959
16921
-231440
1120
-15319
28081
-384120
1000
-13679
10361
-141800
640
-8759
-8719
119400
-520
7121
-7079
97000
-400
5481
5441
-74600
280
-3839
-7039
96560
-280
3841
-21079
289280
-720
9881
23561
-323360
1600
-21959
-7639
104880
-440
6041
16841
-231320
760
-10439
3801
-52240
160
-2199
12561
-172880
680
-9359
-16919
233040
-880
12121
23641
-325640
1600
-22039
9321
-128480
560
-7719
20081
-276880
760
-10479
4361
-60160
200
-2759
10441
-144200
640
-8839
7681
-106120
440
-6079
-9279
128240
-440
6081
36361
-503160
1240
-17159
23441
-324400
1000
-13839
16921
-234200
760
-10519
-13599
188320
-520
7201
-7079
98120
-280
3881
-13799
191320
-880
12201
-9919
137560
-600
8321
6041
-83800
320
-4439
8201
-113880
360
-4999
17161
-238400
1120
-15559
7161
-99520
400
-5559
17321
-240880
440
-6119
-9319
129640
-440
6121
14681
-204280
480
-6679
28321
-394200
1000
-13919
18441
-256720
520
-7239
-22199
309240
-560
7801
23321
-325000
640
-8919
-20119
280440
-640
8921
-20679
288320
-680
9481
-12199
170160
-760
10601
561
-7840
40
-559
-20279
285000
-760
10681
25561
-359320
680
-9559
23401
-329040
640
-8999
-20199
284080
-640
9001
15881
-223440
560
-7879
-9479
133400
-560
7881
36921
-519640
1600
-22519
-16919
238200
-520
7321
-39679
558720
-1000
14081
-17959
252960
-480
6761
-12599
177560
-440
6201
7241
-102080
400
-5639
-15519
218920
-760
10721
6121
-86440
320
-4519
-5559
78640
-280
3961
-12159
172120
-520
7361
-47959
679200
-1240
17561
-4999
70840
-240
3401
37081
-525600
1600
-22679
4441
-63040
200
-2839
8321
-118320
360
-5119
10601
-150840
520
-7399
-8999
128080
-520
7401
3881
-55280
160
-2279
24441
-348880
1600
-22839
27881
-398040
720
-10279
-7319
104680
-400
5721
-10639
152240
-520
7441
-20479
293200
-760
10881
-14199
203320
-880
12601
-39919
571680
-1000
14321
-48159
689800
-1240
17761
-49879
714480
-1360
19481
-3319
47600
-120
1721
9641
-138400
560
-8039
-12719
182720
-440
6321
6201
-89120
320
-4599
-4479
64520
-200
2881
25801
-371800
680
-9799
14921
-215080
480
-6919
23641
-341280
640
-9239
-20439
295120
-640
9241
-17119
247600
-520
7521
-10279
148720
-600
8681
24761
-358400
1600
-23159
2761
-40000
80
-1159
-2759
40040
-80
1161
24841
-360800
1600
-23239
13081
-190040
680
-9879
18761
-272720
520
-7559
-10759
156440
-520
7561
8001
-116360
440
-6399
-11199
162920
-440
6401
8441
-122840
360
-5239
24161
-351760
1000
-14559
23721
-345400
640
-9319
-20519
298840
-640
9321
5681
-82760
280
-4079
37721
-549760
1600
-23319
29561
-430880
1040
-15159
20681
-301480
760
-11079
-15879
231520
-760
11081
-18199
265440
-480
7001
-21119
308120
-680
9921
-4519
66000
-200
2921
10801
-157840
520
-7599
-12399
181240
-520
7601
6281
-91840
320
-4679
-8039
117680
-440
6441
16201
-237200
560
-8199
-13159
192760
-680
9961
43961
-645160
1360
-19959
37401
-548920
1240
-18199
18041
-264800
1120
-16439
29081
-426880
1000
-14679
11001
-161560
640
-9399
-9239
135760
-520
7641
-7479
109960
-400
5881
5721
-84160
280
-4119
-7319
107720
-280
4121
-21799
320960
-720
10601
25161
-370480
1600
-23559
-8079
119000
-440
6481
17601
-259360
760
-11199
3961
-58400
160
-2359
13241
-195480
680
-10039
-17799
262960
-880
13001
25241
-372920
1600
-23639
9881
-146080
560
-8279
20841
-308200
760
-11239
4561
-67480
200
-2959
11081
-164120
640
-9479
8121
-120320
440
-6519
-9719
144040
-440
6521
37601
-557920
1240
-18399
24441
-362680
1000
-14839
17681
-262400
760
-11279
-14119
209640
-520
7721
-7359
109360
-280
4161
-14679
218200
-880
13081
-10519
156400
-600
8921
6361
-94600
320
-4759
8561
-127440
360
-5359
18281
-272240
1120
-16679
7561
-112640
400
-5959
-9759
145520
-440
6561
15161
-226120
480
-7159
29321
-437440
1000
-14919
18961
-282920
520
-7759
23961
-357880
640
-9559
-20759
310120
-640
9561
-21359
319160
-680
10161
-12959
193720
-760
11361
601
-9000
40
-599
-21039
316720
-760
11441
26241
-395120
680
-10239
24041
-362080
640
-9639
-20839
313920
-640
9641
16441
-247760
560
-8439
-10039
151320
-560
8441
38521
-580680
1600
-24119
-17439
262960
-520
7841
-18439
278160
-480
7241
-13039
196800
-440
6641
7641
-115360
400
-6039
-16279
245920
-760
11481
6441
-97400
320
-4839
-5839
88440
-280
4241
-12679
192160
-520
7881
-49199
745960
-1240
18801
-5239
79480
-240
3641
38681
-586960
1600
-24279
4641
-70520
200
-3039
8681
-132120
360
-5479
11121
-169360
520
-7919
-9519
145000
-520
7921
4041
-61600
160
-2439
28601
-436920
720
-10999
-7719
118120
-400
6121
-11159
170840
-520
7961
-21239
325320
-760
11641
-15079
231000
-880
13481
-49399
756960
-1240
19001
-51239
785200
-1360
20841
-3439
52760
-120
1841
10201
-156640
560
-8599
-13159
202200
-440
6761
6521
-100240
320
-4919
-4679
72080
-200
3081
26481
-408080
680
-10479
15401
-237400
480
-7399
24281
-374800
640
-9879
-21079
325440
-640
9881
-17639
272760
-520
8041
-10879
168280
-600
9281
26361
-407920
1600
-24759
2841
-44000
80
-1239
-2839
44040
-80
1241
26441
-410480
1600
-24839
13761
-213680
680
-10559
19281
-299560
520
-8079
-11279
175280
-520
8081
8441
-131200
440
-6839
-11639
180960
-440
6841
8801
-136880
360
-5599
25161
-391480
1000
-15559
24361
-379080
640
-9959
-21159
329320
-640
9961
5961
-92800
280
-4359
39321
-612400
1600
-24919
30601
-476640
1040
-16199
21441
-334000
760
-11839
-16639
259240
-760
11841
-18679
291120
-480
7481
-21799
339840
-680
10601
-4719
73640
-200
3121
11321
-176760
520
-8119
-12919
201760
-520
8121
6601
-103120
320
-4999
-8479
132600
-440
6881
16761
-262160
560
-8759
-13839
216560
-680
10641
45321
-710440
1360
-21319
38641
-605760
1240
-19439
19161
-300400
1120
-17559
30081
-471640
1000
-15679
11641
-182600
640
-10039
-9759
153160
-520
8161
-7879
123720
-400
6281
6001
-94280
280
-4399
-7599
119440
-280
4401
-22519
354080
-720
11321
26761
-420800
1600
-25159
-8519
134000
-440
6921
18361
-288920
760
-11959
4121
-64880
160
-2519
13921
-219440
680
-10719
-18679
294640
-880
13881
26841
-423400
1600
-25239
10441
-164800
560
-8839
21601
-341040
760
-11999
4761
-75200
200
-3159
11721
-185320
640
-10119
8561
-135400
440
-6959
-10159
160720
-440
6961
38841
-615160
1240
-19639
25441
-402960
1000
-15839
18441
-292120
760
-12039
-14639
232000
-520
8241
-7639
121160
-280
4441
-15559
246840
-880
13961
-11119
176440
-600
9521
6681
-106040
320
-5079
8921
-141720
360
-5719
19401
-308320
1120
-17799
7961
-126560
400
-6359
-10199
162280
-440
7001
15641
-248920
480
-7639
30321
-482680
1000
-15919
19481
-310160
520
-8279
24601
-392040
640
-10199
-21399
341080
-640
10201
-22039
351360
-680
10841
-13719
218800
-760
12121
641
-10240
40
-639
-21799
349960
-760
12201
26921
-432280
680
-10919
24681
-396400
640
-10279
-21479
345040
-640
10281
17001
-273200
560
-8999
-10599
170360
-560
9001
40121
-644920
1600
-25719
-17959
288760
-520
8361
-18919
304320
-480
7721
-13479
216920
-440
7081
8041
-129440
400
-6439
-17039
274440
-760
12241
6761
-109000
320
-5159
-6119
98800
-280
4521
-13199
213240
-520
8401
-5479
88600
-240
3881
40281
-651520
1600
-25879
4841
-78400
200
-3239
9041
-146640
360
-5839
11641
-188920
520
-8439
-10039
162960
-520
8441
4201
-68240
160
-2599
-8119
132360
-400
6521
-11679
190480
-520
8481
-21999
358960
-760
12401
-15959
260440
-880
14361
-52599
858640
-1360
22201
-3559
58160
-120
1961
10761
-176000
560
-9159
-13599
222560
-440
7201
6841
-112000
320
-5239
-4879
80040
-200
3281
27161
-445720
680
-11159
15881
-260680
480
-7879
24921
-409600
640
-10519
-21719
357040
-640
10521
-18159
298960
-520
8561
-11479
189040
-600
9881
27961
-460640
1600
-26359
2921
-48160
80
-1319
-2919
48200
-80
1321
28041
-463360
1600
-26439
14441
-238680
680
-11239
19801
-327440
520
-8599
-11799
195160
-520
8601
8881
-146920
440
-7279
-12079
199880
-440
7281
9161
-151640
360
-5959
26161
-433200
1000
-16559
25001
-414040
640
-10599
-21799
361080
-640
10601
6241
-103400
280
-4639
40921
-678240
1600
-26519
31641
-524480
1040
-17239
22201
-368040
760
-12599
-17399
288480
-760
12601
-19159
317760
-480
7961
-22479
372920
-680
11281
-4919
81680
-200
3321
11841
-196720
520
-8639
-13439
223320
-520
8641
6921
-115040
320
-5319
-8919
148400
-440
7321
17321
-288240
560
-9319
-14519
241720
-680
11321
46681
-778440
1360
-22679
39881
-665080
1240
-20679
20281
-338240
1120
-18679
31081
-518400
1000
-16679
12281
-204920
640
-10679
-10279
171600
-520
8681
-8279
138280
-400
6681
6281
-104960
280
-4679
-7879
131720
-280
4681
-23239
388640
-720
12041
28361
-474320
1600
-26759
-8959
149880
-440
7361
19121
-320000
760
-12719
4281
-71680
160
-2679
14601
-244760
680
-11399
-19559
328080
-880
14761
28441
-477080
1600
-26839
11001
-184640
560
-9399
22361
-375400
760
-12759
4961
-83320
200
-3359
12361
-207800
640
-10759
9001
-151360
440
-7399
-10599
178280
-440
7401
40081
-674880
1240
-20879
26441
-445240
1000
-16839
19201
-323360
760
-12799
-15159
255400
-520
8761
-7919
133520
-280
4721
-16439
277240
-880
14841
-11719
197680
-600
10121
7001
-118120
320
-5399
9281
-156720
360
-6079
20521
-346640
1120
-18919
8361
-141280
400
-6759
-10639
179920
-440
7441
16121
-272680
480
-8119
31321
-529920
1000
-16919
20001
-338440
520
-8799
25241
-427480
640
-10839
-22039
373320
-640
10841
-22719
384920
-680
11521
-14479
245400
-760
12881
681
-11560
40
-679
-22559
384720
-760
12961
25321
-432000
640
-10919
-22119
377440
-640
10921
17561
-299760
560
-9559
-11159
190520
-560
9561
41721
-712360
1600
-27319
-18479
315600
-520
8881
-13919
237920
-440
7521
8441
-144320
400
-6839
-17799
304480
-760
13001
7081
-121240
320
-5479
-6399
109720
-280
4801
-13719
235360
-520
8921
-5719
98200
-240
4121
41881
-719280
1600
-27479
5041
-86680
200
-3439
9401
-161880
360
-6199
12161
-209520
520
-8959
-10559
181960
-520
8961
4361
-75200
160
-2759
-8519
147400
-400
6921
-12199
211160
-520
9001
-22759
394120
-760
13161
-16839
291640
-880
15241
-53959
934800
-1360
23561
-3679
63800
-120
2081
11321
-196480
560
-9719
-14039
243800
-440
7641
7161
-124400
320
-5559
-5079
88400
-200
3481
16361
-284920
480
-8359
25561
-445680
640
-11159
-22359
389920
-640
11161
-18679
326200
-520
9081
-12079
211000
-600
10481
29561
-516560
1600
-27959
3001
-52480
80
-1399
-2999
52520
-80
1401
29641
-519440
1600
-28039
15121
-265040
680
-11919
20321
-356360
520
-9119
-12319
216080
-520
9121
9321
-163520
440
-7719
-12519
219680
-440
7721
9521
-167120
360
-6319
27161
-476920
1000
-17559
-22439
394120
-640
11241
6521
-114560
280
-4919
32681
-574400
1040
-18279
22961
-403600
760
-13359
-18159
319240
-760
13361
-23159
407360
-680
11961
-5119
90120
-200
3521
12361
-217720
520
-9159
-13959
245920
-520
9161
7241
-127600
320
-5639
-9359
165080
-440
7761
17881
-315440
560
-9879
-15199
268240
-680
12001
48041
-849160
1360
-24039
41121
-726880
1240
-21919
21401
-378320
1120
-19799
32081
-567160
1000
-17679
12921
-228520
640
-11319
-10799
191080
-520
9201
-8679
153640
-400
7081
6561
-116200
280
-4959
-8159
144560
-280
4961
-23959
424640
-720
12761
29961
-531040
1600
-28359
-9399
166640
-440
7801
19881
-352600
760
-13479
4441
-78800
160
-2839
15281
-271440
680
-12079
-20439
363280
-880
15641
30041
-533960
1600
-28439
11561
-205600
560
-9959
23121
-411280
760
-13519
5161
-91840
200
-3559
13001
-231560
640
-11399
9441
-168200
440
-7839
-11039
196720
-440
7841
41321
-737080
1240
-22119
27441
-489520
1000
-17839
19961
-356120
760
-13559
-15679
279840
-520
9281
-8199
146440
-280
5001
-17319
309400
-880
15721
-12319
220120
-600
10721
7321
-130840
320
-5719
9641
-172440
360
-6439
21641
-387200
1120
-20039
8761
-156800
400
-7159
-11079
198440
-440
7881
16601
-297400
480
-8599
32321
-579160
1000
-17919
20521
-367760
520
-9319
-22679
406840
-640
11481
-23399
419840
-680
12201
-15239
273520
-760
13641
721
-12960
40
-719
-23319
421000
-760
13721
-22759
411120
-640
11561
18121
-327440
560
-10119
-11719
211800
-560
10121
43321
-783000
1600
-28919
-18999
343480
-520
9401
-14359
259800
-440
7961
8841
-160000
400
-7239
-18559
336040
-760
13761
7401
-134120
320
-5799
-6679
121200
-280
5081
-14239
258520
-520
9441
-5959
108280
-240
4361
43481
-790240
1600
-29079
5241
-95360
200
-3639
9761
-177840
360
-6559
12681
-231160
520
-9479
-11079
202000
-520
9481
4521
-82480
160
-2919
-8919
163240
-400
7321
-12719
232880
-520
9521
-23519
430800
-760
13921
-17719
324600
-880
16121
-3799
69680
-120
2201
11881
-218080
560
-10279
-14479
265920
-440
8081
7481
-137440
320
-5879
-5279
97160
-200
3681
16841
-310120
480
-8839
-22999
424080
-640
11801
-19199
354480
-520
9601
-12679
234160
-600
11081
31161
-575680
1600
-29559
3081
-56960
80
-1479
-3079
57000
-80
1481
31241
-578720
1600
-29639
15801
-292760
680
-12599
-12839
238040
-520
9641
9761
-181000
440
-8159
-12959
240360
-440
8161
9881
-183320
360
-6679
28161
-522640
1000
-18559
-23079
428440
-640
11881
6801
-126280
280
-5199
33721
-626400
1040
-19319
23721
-440680
760
-14119
-18919
351520
-760
14121
-23839
443160
-680
12641
-5319
98960
-200
3721
12881
-239760
520
-9679
-14479
269560
-520
9681
7561
-140800
320
-5959
-9799
182640
-440
8201
18441
-343760
560
-10439
-15879
296120
-680
12681
49401
-922600
1360
-25399
42361
-791160
1240
-23159
22521
-420640
1120
-20919
33081
-617920
1000
-18679
13561
-253400
640
-11959
-11319
211600
-520
9721
-9079
169800
-400
7481
6841
-128000
280
-5239
-8439
157960
-280
5241
-24679
462080
-720
13481
31561
-590960
1600
-29959
-9839
184280
-440
8241
20641
-386720
760
-14239
4601
-86240
160
-2999
15961
-299480
680
-12759
-21319
400240
-880
16521
31641
-594040
1600
-30039
12121
-227680
560
-10519
23881
-448680
760
-14279
5361
-100760
200
-3759
13641
-256600
640
-12039
9881
-185920
440
-8279
-11479
216040
-440
8281
42561
-801760
1240
-23359
28441
-535800
1000
-18839
20721
-390400
760
-14319
-16199
305320
-520
9801
-8479
159920
-280
5281
-18199
343320
-880
16601
-12919
243760
-600
11321
7641
-144200
320
-6039
10001
-188880
360
-6799
22761
-430000
1120
-21159
9161
-173120
400
-7559
-11519
217840
-440
8321
17081
-323080
480
-9079
33321
-630400
1000
-18919
-23319
441640
-640
12121
-24079
456120
-680
12881
-15999
303160
-760
14401
761
-14440
40
-759
-24079
458800
-760
14481
-23399
446080
-640
12201
18681
-356240
560
-10679
-12279
234200
-560
10681
44921
-856840
1600
-30519
-19519
372400
-520
9921
-14799
282560
-440
8401
9241
-176480
400
-7639
-19319
369120
-760
14521
7721
-147640
320
-6119
-6959
133240
-280
5361
-14759
282720
-520
9961
-6199
118840
-240
4601
45081
-864400
1600
-30679
5441
-104440
200
-3839
10121
-194520
360
-6919
13201
-253840
520
-9999
-11599
223080
-520
10001
4681
-90080
160
-3079
-9319
179880
-400
7721
-13239
255640
-520
10041
-24279
469000
-760
14681
-18599
359320
-880
17001
-3919
75800
-120
2321
12441
-240800
560
-10839
-14919
288920
-440
8521
7801
-151120
320
-6199
-5479
106320
-200
3881
17321
-336280
480
-9319
-23639
459520
-640
12441
-19719
383800
-520
10121
-13279
258520
-600
11681
3161
-61600
80
-1559
-3159
61640
-80
1561
16481
-321840
680
-13279
-13359
261040
-520
10161
10201
-199360
440
-8599
-13399
261920
-440
8601
10241
-200240
360
-7039
29161
-570360
1000
-19559
-23719
464040
-640
12521
7081
-138560
280
-5479
34761
-680480
1040
-20359
24481
-479280
760
-14879
-19679
385320
-760
14881
-24519
480320
-680
13321
-5519
108200
-200
3921
13401
-262840
520
-10199
-14999
294240
-520
10201
7881
-154640
320
-6279
-10239
201080
-440
8641
19001
-373200
560
-10999
-16559
325360
-680
13361
50761
-998760
1360
-26759
43601
-857920
1240
-24399
23641
-465200
1120
-22039
34081
-670680
1000
-19679
14201
-279560
640
-12599
-11839
233160
-520
10241
-9479
186760
-400
7881
7121
-140360
280
-5519
-8719
171920
-280
5521
-25399
500960
-720
14201
33161
-654080
1600
-31559
-10279
202800
-440
8681
21401
-422360
760
-14999
4761
-94000
160
-3159
16641
-328880
680
-13439
-22199
438960
-880
17401
33241
-657320
1600
-31639
12681
-250880
560
-11079
24641
-487600
760
-15039
5561
-110080
200
-3959
14281
-282920
640
-12679
10321
-204520
440
-8719
-11919
236240
-440
8721
43801
-868920
1240
-24599
29441
-584080
1000
-19839
21481
-426200
760
-15079
-16719
331840
-520
10321
-8759
173960
-280
5561
-19079
379000
-880
17481
-13519
268600
-600
11921
7961
-158200
320
-6359
10361
-206040
360
-7159
23881
-475040
1120
-22279
9561
-190240
400
-7959
-11959
238120
-440
8761
17561
-349720
480
-9559
34321
-683640
1000
-19919
-23959
477720
-640
12761
-24759
493760
-680
13561
-16759
334320
-760
15161
801
-16000
40
-799
-24839
498120
-760
15241
-24039
482320
-640
12841
19241
-386160
560
-11239
-12839
257720
-560
11241
46521
-933880
1600
-32119
-20039
402360
-520
10441
-15239
306200
-440
8841
9641
-193760
400
-8039
-20079
403720
-760
15281
8041
-161800
320
-6439
-7239
145840
-280
5641
-15279
307960
-520
10481
-6439
129880
-240
4841
46681
-941760
1600
-32279
5641
-113920
200
-4039
10481
-211920
360
-7279
13721
-277560
520
-10519
-12119
245200
-520
10521
4841
-98000
160
-3239
-9719
197320
-400
8121
-13759
279440
-520
10561
-25039
508720
-760
15441
-19479
395800
-880
17881
-4039
82160
-120
2441
13001
-264640
560
-11399
-15359
312800
-440
8961
8121
-165440
320
-6519
-5679
115880
-200
4081
17801
-363400
480
-9799
-24279
496240
-640
13081
-20239
414160
-520
10641
-13879
284080
-600
12281
17161
-352280
680
-13959
-13879
285080
-520
10681
10641
-218600
440
-9039
-13839
284360
-440
9041
10601
-217880
360
-7399
30161
-620080
1000
-20559
-24359
500920
-640
13161
7361
-151400
280
-5759
35801
-736640
1040
-21399
25241
-519400
760
-15639
-20439
420640
-760
15641
-25199
518840
-680
14001
-5719
117840
-200
4121
13921
-286960
520
-10719
-15519
319960
-520
10721
8201
-169120
320
-6599
-10679
220400
-440
9081
19561
-403760
560
-11559
-17239
355960
-680
14041
52121
-1077640
1360
-28119
44841
-927160
1240
-25639
24761
-512000
1120
-23159
35081
-725440
1000
-20679
14841
-307000
640
-13239
-12359
255760
-520
10761
-9879
204520
-400
8281
7401
-153280
280
-5799
-8999
186440
-280
5801
-26119
541280
-720
14921
34761
-720400
1600
-33159
-10719
222200
-440
9121
22161
-459520
760
-15759
4921
-102080
160
-3319
17321
-359640
680
-14119
-23079
479440
-880
18281
34841
-723800
1600
-33239
13241
-275200
560
-11639
25401
-528040
760
-15799
5761
-119800
200
-4159
14921
-310520
640
-13319
10761
-224000
440
-9159
-12359
257320
-440
9161
45041
-938560
1240
-25839
30441
-634360
1000
-20839
22241
-463520
760
-15839
-17239
359400
-520
10841
-9039
188560
-280
5841
-19959
416440
-880
18361
-14119
294640
-600
12521
8281
-172840
320
-6679
10721
-223920
360
-7519
25001
-522320
1120
-23399
9961
-208160
400
-8359
-12399
259280
-440
9201
18041
-377320
480
-10039
35321
-738880
1000
-20919
-24599
515080
-640
13401
-25439
532760
-680
14241
-17519
367000
-760
15921
841
-17640
40
-839
-25599
538960
-760
16001
-24679
519840
-640
13481
19801
-417200
560
-11799
-13399
282360
-560
11801
48121
-1014120
1600
-33719
-20559
433360
-520
10961
-15679
330720
-440
9281
10041
-211840
400
-8439
-20839
439840
-760
16041
8361
-176600
320
-6759
-7519
159000
-280
5921
-15799
334240
-520
11001
-6679
141400
-240
5081
48281
-1022320
1600
-33879
5841
-123800
200
-4239
10841
-230040
360
-7639
14241
-302320
520
-11039
-12639
268360
-520
11041
5001
-106240
160
-3399
-10119
215560
-400
8521
-14279
304280
-520
11081
-25799
549960
-760
16201
-20359
434040
-880
18761
-4159
88760
-120
2561
13561
-289600
560
-11959
-15799
337560
-440
9401
8441
-180400
320
-6839
-5879
125840
-200
4281
18281
-391480
480
-10279
-24919
534240
-640
13721
-20759
445560
-520
11161
-14479
310840
-600
12881
17841
-384080
680
-14639
-14399
310160
-520
11201
11081
-238720
440
-9479
-14279
307680
-440
9481
10961
-236240
360
-7759
31161
-671800
1000
-21559
-24999
539080
-640
13801
7641
-164800
280
-6039
36841
-794880
1040
-22439
26001
-561040
760
-16399
-21199
457480
-760
16401
-25879
558720
-680
14681
-5919
127880
-200
4321
14441
-312120
520
-11239
-16039
346720
-520
11241
8521
-184240
320
-6919
-11119
240600
-440
9521
20121
-435440
560
-12119
-17919
387920
-680
14721
53481
-1159240
1360
-29479
46081
-998880
1240
-26879
25881
-561040
1120
-24279
36081
-782200
1000
-21679
15481
-335720
640
-13879
-12879
279400
-520
11281
-10279
223080
-400
8681
7681
-166760
280
-6079
-9279
201520
-280
6081
-26839
583040
-720
15641
36361
-789920
1600
-34759
-11159
242480
-440
9561
22921
-498200
760
-16519
5081
-110480
160
-3479
18001
-391760
680
-14799
-23959
521680
-880
19161
36441
-793480
1600
-34839
13801
-300640
560
-12199
26161
-570000
760
-16559
5961
-129920
200
-4359
15561
-339400
640
-13959
11201
-244360
440
-9599
-12799
279280
-440
9601
46281
-1010680
1240
-27079
31441
-686640
1000
-21839
23001
-502360
760
-16599
-17759
388000
-520
11361
-9319
203720
-280
6121
-20839
455640
-880
19241
-14719
321880
-600
13121
8601
-188120
320
-6999
11081
-242520
360
-7879
26121
-571840
1120
-24519
10361
-226880
400
-8759
-12839
281320
-440
9641
18521
-405880
480
-10519
36321
-796120
1000
-21919
-25239
553720
-640
14041
-26119
573120
-680
14921
-18279
401200
-760
16681
881
-19360
40
-879
-26359
581320
-760
16761
-25319
558640
-640
14121
20361
-449360
560
-12359
-13959
308120
-560
12361
49721
-1097560
1600
-35319
-16119
356120
-440
9721
10441
-230720
400
-8839
-21599
477480
-760
16801
8681
-192040
320
-7079
-7799
172720
-280
6201
-16319
361560
-520
11521
-6919
153400
-240
5321
49881
-1106080
1600
-35479
6041
-134080
200
-4439
11201
-248880
360
-7999
14761
-328120
520
-11559
-13159
292560
-520
11561
5161
-114800
160
-3559
-10519
234600
-400
8921
-14799
330160
-520
11601
-26559
592720
-760
16961
-21239
474040
-880
19641
-4279
95600
-120
2681
14121
-315680
560
-12519
-16239
363200
-440
9841
8761
-196000
320
-7159
-6079
136200
-200
4481
18761
-420520
480
-10759
-25559
573520
-640
14361
-15079
338800
-600
13481
18521
-417240
680
-15319
-14919
336280
-520
11721
11521
-259720
440
-9919
-14719
331880
-440
9921
11321
-255320
360
-8119
32161
-725520
1000
-22559
7921
-178760
280
-6319
37881
-855200
1040
-23479
26761
-604200
760
-17159
-21959
495840
-760
17161
-26559
599960
-680
15361
-6119
138320
-200
4521
14961
-338320
520
-11759
-16559
374520
-520
11761
8841
-200000
320
-7239
-11559
261680
-440
9961
20681
-468240
560
-12679
-18599
421240
-680
15401
47321
-1073080
1240
-28119
27001
-612320
1120
-25399
37081
-840960
1000
-22679
16121
-365720
640
-14519
-13399
304080
-520
11801
-10679
242440
-400
9081
7961
-180800
280
-6359
-9559
217160
-280
6361
-27559
626240
-720
16361
37961
-862640
1600
-36359
-11599
263640
-440
10001
23681
-538400
760
-17279
5241
-119200
160
-3639
18681
-425240
680
-15479
-24839
565680
-880
20041
38041
-866360
1600
-36439
14361
-327200
560
-12759
26921
-613480
760
-17319
6161
-140440
200
-4559
16201
-369560
640
-14599
11641
-265600
440
-10039
-13239
302120
-440
10041
47521
-1085280
1240
-28319
32441
-740920
1000
-22839
23761
-542720
760
-17359
-18279
417640
-520
11881
-9599
219440
-280
6401
-21719
496600
-880
20121
-15319
350320
-600
13721
8921
-204040
320
-7319
11441
-261840
360
-8239
27241
-623600
1120
-25639
10761
-246400
400
-9159
-13279
304240
-440
10081
19001
-435400
480
-10999
37321
-855360
1000
-22919
-26799
614840
-680
15601
-19039
436920
-760
17441
921
-21160
40
-919
-27119
625200
-760
17521
20921
-482640
560
-12919
-14519
335000
-560
12921
51321
-1184200
1600
-36919
-16559
382400
-440
10161
10841
-250400
400
-9239
-22359
516640
-760
17561
9001
-208120
320
-7399
-8079
187000
-280
6481
-16839
389920
-520
12041
-7159
165880
-240
5561
51481
-1193040
1600
-37079
6241
-144760
200
-4639
11561
-268440
360
-8359
15281
-354960
520
-12079
-13679
317800
-520
12081
5321
-123680
160
-3719
-10919
254440
-400
9321
-15319
357080
-520
12121
-27319
637000
-760
17721
-22119
515800
-880
20521
-4399
102680
-120
2801
14681
-342880
560
-13079
-16679
389720
-440
10281
9081
-212240
320
-7479
-6279
146960
-200
4681
-15679
367960
-600
14081
19201
-451760
680
-15999
-15439
363440
-520
12241
11961
-281600
440
-10359
-15159
356960
-440
10361
11681
-275120
360
-8479
33161
-781240
1000
-23559
8201
-193280
280
-6599
38921
-917600
1040
-24519
27521
-648880
760
-17919
-22719
535720
-760
17921
-6319
149160
-200
4721
15481
-365560
520
-12279
-17079
403360
-520
12281
9161
-216400
320
-7559
-11999
283640
-440
10401
21241
-502160
560
-13239
-19279
455920
-680
16081
48561
-1149760
1240
-29359
28121
-665840
1120
-26519
38081
-901720
1000
-23679
16761
-397000
640
-15159
-13919
329800
-520
12321
-11079
262600
-400
9481
8241
-195400
280
-6639
-9839
233360
-280
6641
-28279
670880
-720
17081
-12039
285680
-440
10441
24441
-580120
760
-18039
5401
-128240
160
-3799
19361
-460080
680
-16159
-25719
611440
-880
20921
39641
-942440
1600
-38039
14921
-354880
560
-13319
27681
-658480
760
-18079
6361
-151360
200
-4759
16841
-401000
640
-15239
12081
-287720
440
-10479
-13679
325840
-440
10481
48761
-1162360
1240
-29559
33441
-797200
1000
-23839
24521
-584600
760
-18119
-18799
448320
-520
12401
-9879
235720
-280
6681
-22599
539320
-880
21001
-15919
379960
-600
14321
9241
-220600
320
-7639
11801
-281880
360
-8599
28361
-677600
1120
-26759
11161
-266720
400
-9559
-13719
328040
-440
10521
38321
-916600
1000
-23919
-19799
474160
-760
18201
961
-23040
40
-959
-27879
670600
-760
18281
21481
-517040
560
-13479
-15079
363000
-560
13481
52921
-1274040
1600
-38519
-16999
409560
-440
10601
11241
-270880
400
-9639
-23119
557320
-760
18321
9321
-224840
320
-7719
-8359
201840
-280
6761
-17359
419320
-520
12561
-7399
178840
-240
5801
53081
-1283200
1600
-38679
6441
-155840
200
-4839
11921
-288720
360
-8719
15801
-382840
520
-12599
-14199
344080
-520
12601
5481
-132880
160
-3879
-11319
275080
-400
9721
-15839
385040
-520
12641
-28079
682800
-760
18481
-22999
559320
-880
21401
-4519
110000
-120
2921
15241
-371200
560
-13639
-17119
417120
-440
10721
9401
-229120
320
-7799
-6479
158120
-200
4881
-16279
398320
-600
14681
19881
-487640
680
-16679
-15959
391640
-520
12761
12401
-304360
440
-10799
-15599
382920
-440
10801
12041
-295640
360
-8839
34161
-838960
1000
-24559
8481
-208360
280
-6879
39961
-982080
1040
-25559
28281
-695080
760
-18679
-23479
577120
-760
18681
-6519
160400
-200
4921
16001
-393840
520
-12799
-17599
433240
-520
12801
9481
-233440
320
-7879
-12439
306480
-440
10841
21801
-537200
560
-13799
-19959
491960
-680
16761
29241
-721600
1120
-27639
39081
-964480
1000
-24679
17401
-429560
640
-15799
-14439
356560
-520
12841
-11479
283560
-400
9881
8521
-210560
280
-6919
-10119
250120
-280
6921
-12479
308600
-440
10881
25201
-623360
760
-18799
5561
-137600
160
-3959
20041
-496280
680
-16839
-26599
658960
-880
21801
41241
-1021720
1600
-39639
15481
-383680
560
-13879
28441
-705000
760
-18839
6561
-162680
200
-4959
17481
-433720
640
-15879
12521
-310720
440
-10919
-14119
350440
-440
10921
34441
-855480
1000
-24839
25281
-628000
760
-18879
-19319
480040
-520
12921
-10159
252560
-280
6961
-23479
583800
-880
21881
-16519
410800
-600
14921
9561
-237800
320
-7959
12161
-302640
360
-8959
29481
-733840
1120
-27879
11561
-287840
400
-9959
-14159
352720
-440
10961
39321
-979840
1000
-24919
-20559
512920
-760
18961
1001
-25000
40
-999
-28639
717520
-760
19041
22041
-552560
560
-14039
-15639
392120
-560
14041
54521
-1367080
1600
-40119
-17439
437600
-440
11041
11641
-292160
400
-10039
-23879
599520
-760
19081
9641
-242200
320
-8039
-8639
217240
-280
7041
-17879
449760
-520
13081
-7639
192280
-240
6041
6641
-167320
200
-5039
12281
-309720
360
-9079
16321
-411760
520
-13119
-14719
371400
-520
13121
5641
-142400
160
-4039
-11719
296520
-400
10121
-16359
414040
-520
13161
-28839
730120
-760
19241
-23879
604600
-880
22281
-4639
117560
-120
3041
15801
-400640
560
-14199
-17559
445400
-440
11161
9721
-246640
320
-8119
-6679
169680
-200
5081
-16879
429880
-600
15281
20561
-524880
680
-17359
-16479
420880
-520
13281
12841
-328000
440
-11239
-16039
409760
-440
11241
12401
-316880
360
-9199
35161
-898680
1000
-25559
8761
-224000
280
-7159
41001
-1048640
1040
-26599
29041
-742800
760
-19439
-24239
620040
-760
19441
-6719
172040
-200
5121
16521
-423160
520
-13319
-18119
464160
-520
13321
9801
-251120
320
-8199
-12879
330200
-440
11281
22361
-573360
560
-14359
-20639
529360
-680
17441
30361
-779600
1120
-28759
18041
-463400
640
-16439
-14959
384360
-520
13361
-11879
305320
-400
10281
8801
-226280
280
-7199
-10399
267440
-280
7201
-12919
332400
-440
11321
25961
-668120
760
-19559
5721
-147280
160
-4119
20721
-533840
680
-17519
-27479
708240
-880
22681
42841
-1104200
1600
-41239
16041
-413600
560
-14439
29201
-753040
760
-19599
6761
-174400
200
-5159
18121
-467720
640
-16519
12961
-334600
440
-11359
-14559
375920
-440
11361
35441
-915760
1000
-25839
26041
-672920
760
-19639
-19839
512800
-520
13441
-10439
269960
-280
7241
-24359
630040
-880
22761
-17119
442840
-600
15521
9881
-255640
320
-8279
12521
-324120
360
-9319
30601
-792320
1120
-28999
11961
-309760
400
-10359
-14599
378280
-440
11401
-21319
553200
-760
19721
1041
-27040
40
-1039
-29399
765960
-760
19801
-16199
422360
-560
14601
56121
-1463320
1600
-41719
12041
-314240
400
-10439
-24639
643240
-760
19841
9961
-260200
320
-8359
-8919
233200
-280
7321
-18399
481240
-520
13601
-7879
206200
-240
6281
6841
-179200
200
-5239
12641
-331440
360
-9439
16841
-441720
520
-13639
-15239
399760
-520
13641
5801
-152240
160
-4199
-12119
318760
-400
10521
-16879
444080
-520
13681
-29599
778960
-760
20001
-24759
651640
-880
23161
-4759
125360
-120
3161
16361
-431200
560
-14759
10041
-264800
320
-8439
-6879
181640
-200
5281
-17479
462640
-600
15881
21241
-563480
680
-18039
-16999
451160
-520
13801
13281
-352520
440
-11679
-16479
437480
-440
11681
12761
-338840
360
-9559
36161
-960400
1000
-26559
9041
-240200
280
-7439
29801
-792040
760
-20199
-24999
664480
-760
20201
-6919
184080
-200
5321
17041
-453520
520
-13839
-18639
496120
-520
13841
10121
-269440
320
-8519
-13319
354800
-440
11721
-21319
568120
-680
18121
31481
-839840
1120
-29879
18681
-498520
640
-17079
-15479
413200
-520
13881
-12279
327880
-400
10681
9081
-242560
280
-7479
-10679
285320
-280
7481
-13359
357080
-440
11761
26721
-714400
760
-20319
5881
-157280
160
-4279
21401
-572760
680
-18199
-28359
759280
-880
23561
44441
-1189880
1600
-42839
16601
-444640
560
-14999
29961
-802600
760
-20359
6961
-186520
200
-5359
18761
-503000
640
-17159
13401
-359360
440
-11799
-14999
402280
-440
11801
36441
-978040
1000
-26839
26801
-719360
760
-20399
-20359
546600
-520
13961
-10719
287920
-280
7521
-25239
678040
-880
23641
-17719
476080
-600
16121
10201
-274120
320
-8599
12881
-346320
360
-9679
31721
-853040
1120
-30119
12361
-332480
400
-10759
-15039
404720
-440
11841
-22079
595000
-760
20481
1081
-29160
40
-1079
-30159
815920
-760
20561
-16759
453720
-560
15161
57721
-1562760
1600
-43319
12441
-337120
400
-10839
-25399
688480
-760
20601
10281
-278840
320
-8679
-9199
249720
-280
7601
-18919
513760
-520
14121
-8119
220600
-240
6521
7041
-191480
200
-5439
13001
-353880
360
-9799
17361
-472720
520
-14159
-15759
429160
-520
14161
5961
-162400
160
-4359
-12519
341800
-400
10921
-17399
475160
-520
14201
-30359
829320
-760
20761
-25639
700440
-880
24041
16921
-462880
560
-15319
10361
-283600
320
-8759
-7079
194000
-200
5481
-18079
496600
-600
16481
21921
-603440
680
-18719
-17519
482480
-520
14321
13721
-377920
440
-12119
-16919
466080
-440
12121
13121
-361520
360
-9919
37161
-1024120
1000
-27559
9321
-256960
280
-7719
-25759
710440
-760
20961
-7119
196520
-200
5521
17561
-484920
520
-14359
-19159
529120
-520
14361
10441
-288400
320
-8839
-13759
380280
-440
12161
-21999
608240
-680
18801
32601
-902320
1120
-30999
19321
-534920
640
-17719
-15999
443080
-520
14401
-12679
351240
-400
11081
9361
-259400
280
-7759
-10959
303760
-280
7761
-13799
382640
-440
12201
27481
-762200
760
-21079
6041
-167600
160
-4439
22081
-613040
680
-18879
-29239
812080
-880
24441
46041
-1278760
1600
-44439
17161
-476800
560
-15559
7161
-199040
200
-5559
19401
-539560
640
-17799
13841
-385000
440
-12239
-15439
429520
-440
12241
37441
-1042320
1000
-27839
27561
-767320
760
-21159
-10999
306440
-280
7801
-26119
727800
-880
24521
-18319
510520
-600
16721
10521
-293240
320
-8919
13241
-369240
360
-10039
32841
-916000
1120
-31239
12761
-356000
400
-11159
-15479
432040
-440
12281
-22839
638320
-760
21241
1121
-31360
40
-1119
-17319
486200
-560
15721
59321
-1665400
1600
-44919
12841
-360800
400
-11239
-26159
735240
-760
21361
10601
-298120
320
-8999
-9479
266800
-280
7881
-19439
547320
-520
14641
-8359
235480
-240
6761
7241
-204160
200
-5639
13361
-377040
360
-10159
17881
-504760
520
-14679
-16279
459600
-520
14681
6121
-172880
160
-4519
-12919
365640
-400
11321
-17919
507280
-520
14721
-26519
751000
-880
24921
17481
-495680
560
-15879
10681
-303040
320
-9079
-7279
206760
-200
5681
-18679
531760
-600
17081
22601
-644760
680
-19399
-18039
514840
-520
14841
14161
-404200
440
-12559
-17359
495560
-440
12561
13481
-384920
360
-10279
38161
-1089840
1000
-28559
9601
-274280
280
-7999
-26519
757920
-760
21721
-7319
209360
-200
5721
18081
-517360
520
-14879
-19679
563160
-520
14881
10761
-308000
320
-9159
-14199
406640
-440
12601
-22679
649720
-680
19481
33721
-967040
1120
-32119
19961
-572600
640
-18359
-16519
474000
-520
14921
-13079
375400
-400
11481
9641
-276800
280
-8039
-14239
409080
-440
12641
28241
-811520
760
-21839
6201
-178240
160
-4599
22761
-654680
680
-19559
-30119
866640
-880
25321
47641
-1370840
1600
-46039
17721
-510080
560
-16119
7361
-211960
200
-5759
20041
-577400
640
-18439
14281
-411520
440
-12679
-15879
457640
-440
12681
38441
-1108600
1000
-28839
28321
-816800
760
-21919
-26999
779320
-880
25401
-18919
546160
-600
17321
10841
-313000
320
-9239
13601
-392880
360
-10399
33961
-981200
1120
-32359
13161
-380320
400
-11559
-15919
460240
-440
12721
-23599
683160
-760
22001
1161
-33640
40
-1159
-17879
519800
-560
16281
13241
-385280
400
-11639
-26919
783520
-760
22121
10921
-318040
320
-9319
-9759
284440
-280
8161
-19959
581920
-520
15161
-8599
250840
-240
7001
7441
-217240
200
-5839
13721
-400920
360
-10519
18401
-537840
520
-15199
-16799
491080
-520
15201
6281
-183680
160
-4679
-13319
390280
-400
11721
-18439
540440
-520
15241
-27399
803320
-880
25801
18041
-529600
560
-16439
11001
-323120
320
-9399
-7479
219920
-200
5881
-19279
568120
-600
17681
23281
-687440
680
-20079
-18559
548240
-520
15361
14601
-431360
440
-12999
13841
-409040
360
-10639
39161
-1157560
1000
-29559
9881
-292160
280
-8279
-27279
806920
-760
22481
-7519
222600
-200
5921
18601
-550840
520
-15399
-20199
598240
-520
15401
11081
-328240
320
-9479
-14639
433880
-440
13041
-23359
692560
-680
20161
34841
-1034000
1120
-33239
20601
-611560
640
-18999
-17039
505960
-520
15441
-13479
400360
-400
11881
9921
-294760
280
-8319
-14679
436400
-440
13081
29001
-862360
760
-22599
6361
-189200
160
-4759
23441
-697680
680
-20239
-30999
922960
-880
26201
49241
-1466120
1600
-47639
18281
-544480
560
-16679
7561
-225280
200
-5959
20681
-616520
640
-19079
14721
-438920
440
-13119
-16319
486640
-440
13121
39441
-1176880
1000
-29839
29081
-867800
760
-22679
-27879
832600
-880
26281
-19519
583000
-600
17921
11161
-333400
320
-9559
13961
-417240
360
-10759
35081
-1048640
1120
-33479
13561
-405440
400
-11959
-16359
489320
-440
13161
-24359
729520
-760
22761
1201
-36000
40
-1199
-18439
554520
-560
16841
13641
-410560
400
-12039
-27679
833320
-760
22881
11241
-338600
320
-9639
-10039
302640
-280
8441
-20479
617560
-520
15681
-8839
266680
-240
7241
7641
-230720
200
-6039
14081
-425520
360
-10879
18921
-571960
520
-15719
-17319
523600
-520
15721
-13719
415720
-400
12121
-18959
574640
-520
15761
-28279
857400
-880
26681
18601
-564640
560
-16999
11321
-343840
320
-9719
-7679
233480
-200
6081
-19879
605680
-600
18281
23961
-731480
680
-20759
-19079
582680
-520
15881
15041
-459400
440
-13439
14201
-433880
360
-10999
10161
-310600
280
-8559
-28039
857440
-760
23241
-7719
236240
-200
6121
19121
-585360
520
-15919
-20719
634360
-520
15921
11401
-349120
320
-9799
-15079
462000
-440
13481
-24039
736760
-680
20841
35961
-1103200
1120
-34359
21241
-651800
640
-19639
-17559
538960
-520
15961
-13879
426120
-400
12281
10201
-313280
280
-8599
-15119
464600
-440
13521
29761
-914720
760
-23359
24121
-742040
680
-20919
-31879
981040
-880
27081
50841
-1564600
1600
-49239
18841
-580000
560
-17239
7761
-239000
200
-6159
21321
-656920
640
-19719
15161
-467200
440
-13559
-16759
516520
-440
13561
29841
-920320
760
-23439
-28759
887640
-880
27161
-20119
621040
-600
18521
11481
-354440
320
-9879
14321
-442320
360
-11119
36201
-1118320
1120
-34599
13961
-431360
400
-12359
-16799
519280
-440
13601
-25119
777400
-760
23521
1241
-38440
40
-1239
-18999
590360
-560
17401
14041
-436640
400
-12439
-28439
884640
-760
23641
11561
-359800
320
-9959
-10319
321400
-280
8721
-9079
283000
-240
7481
7841
-244600
200
-6239
19441
-607120
520
-16239
-17839
557160
-520
16241
-14119
441960
-400
12521
-19479
609880
-520
16281
-29159
913240
-880
27561
19161
-600800
560
-17559
11641
-365200
320
-10039
-7879
247440
-200
6281
-20479
644440
-600
18881
24641
-776880
680
-21439
-19599
618160
-520
16401
15481
-488320
440
-13879
10441
-329600
280
-8839
-28799
909480
-760
24001
-7919
250280
-200
6321
19641
-620920
520
-16439
11721
-370640
320
-10119
-15519
491000
-440
13921
-24719
782320
-680
21521
37081
-1174640
1120
-35479
21881
-693320
640
-20279
-18079
573000
-520
16481
-14279
452680
-400
12681
10481
-332360
280
-8879
-15559
493680
-440
13961
24801
-787760
680
-21599
-32759
1040880
-880
27961
52441
-1666280
1600
-50839
19401
-616640
560
-17799
7961
-253120
200
-6359
21961
-698600
640
-20359
15601
-496360
440
-13999
-17199
547280
-440
14001
-29639
944440
-880
28041
-20719
660280
-600
19121
11801
-376120
320
-10199
37321
-1190240
1120
-35719
14361
-458080
400
-12759
-17239
550120
-440
14041
-25879
826800
-760
24281
1281
-40960
40
-1279
-19559
627320
-560
17961
14441
-463520
400
-12839
-29199
937480
-760
24401
11881
-381640
320
-10279
-10599
340720
-280
9001
-9319
299800
-240
7721
19961
-643320
520
-16759
-18359
591760
-520
16761
-14519
469000
-400
12921
-19999
646160
-520
16801
-30039
970840
-880
28441
19721
-638080
560
-18119
11961
-387200
320
-10359
-21079
684400
-600
19481
25321
-823640
680
-22119
-20119
654680
-520
16921
15921
-518120
440
-14319
10721
-349160
280
-9119
-29559
963040
-760
24761
20161
-657520
520
-16959
12041
-392800
320
-10439
-15959
520880
-440
14361
-25399
829240
-680
22201
38201
-1248320
1120
-36599
22521
-736120
640
-20919
-18599
608080
-520
17001
-14679
480040
-400
13081
10761
-352000
280
-9159
-15999
523640
-440
14401
25481
-834840
680
-22279
-33639
1102480
-880
28841
54041
-1771160
1600
-52439
19961
-654400
560
-18359
22601
-741560
640
-20999
16041
-526400
440
-14439
-30519
1003000
-880
28921
-21319
700720
-600
19721
12121
-398440
320
-10519
38441
-1264400
1120
-36839
14761
-485600
400
-13159
-26639
877720
-760
25041
1321
-43560
40
-1319
-20119
665400
-560
18521
14841
-491200
400
-13239
-29959
991840
-760
25161
12201
-404120
320
-10599
-10879
360600
-280
9281
-9559
317080
-240
7961
20481
-680560
520
-17279
-18879
627400
-520
17281
-14919
496840
-400
13321
-20519
683480
-520
17321
-30919
1030200
-880
29321
20281
-676480
560
-18679
12281
-409840
320
-10679
-21679
725560
-600
20081
26001
-871760
680
-22799
-20639
692240
-520
17441
16361
-548800
440
-14759
11001
-369280
280
-9399
-30319
1018120
-760
25521
20681
-695160
520
-17479
12361
-415600
320
-10759
-16399
551640
-440
14801
-26079
877520
-680
22881
39321
-1324240
1120
-37719
23161
-780200
640
-21559
-19119
644200
-520
17521
-15079
508200
-400
13481
11041
-372200
280
-9439
-16439
554480
-440
14841
26161
-883280
680
-22959
-34519
1165840
-880
29721
20521
-693280
560
-18919
23241
-785800
640
-21639
16481
-557320
440
-14879
-31399
1063320
-880
29801
-21919
742360
-600
20321
12441
-421400
320
-10839
39561
-1340800
1120
-37959
15161
-513920
400
-13559
-27399
930160
-760
25801
1361
-46240
40
-1359
-20679
704600
-560
19081
15241
-519680
400
-13639
12521
-427240
320
-10919
-11159
381040
-280
9561
-19399
664080
-520
17801
-15319
525480
-400
13721
-31799
1091320
-880
30201
20841
-716000
560
-19239
12601
-433120
320
-10999
-22279
767920
-600
20681
26681
-921240
680
-23479
16801
-580360
440
-15199
12681
-439040
320
-11079
-16839
583280
-440
15241
-26759
927160
-680
23561
40441
-1402400
1120
-38839
23801
-825560
640
-22199
-19639
681360
-520
18041
-15479
537160
-400
13881
-16879
586200
-440
15281
26841
-933080
680
-23639
21081
-733280
560
-19479
23881
-831320
640
-22279
16921
-589120
440
-15319
-32279
1125400
-880
30681
-22519
785200
-600
20921
12761
-445000
320
-11159
40681
-1419440
1120
-39079
15561
-543040
400
-13959
-28159
984120
-760
26561
1401
-49000
40
-1399
-21239
744920
-560
19641
15641
-548960
400
-14039
-19919
701800
-520
18321
-15719
554920
-400
14121
-32679
1154200
-880
31081
21401
-756640
560
-19799
-22879
811480
-600
21281
17241
-612800
440
-15639
-17279
615800
-440
15681
41561
-1482800
1120
-39959
24441
-872200
640
-22839
-20159
719560
-520
18561
-15879
566920
-400
14281
-17319
618800
-440
15721
21641
-774400
560
-20039
24521
-878120
640
-22919
17361
-621800
440
-15759
-33159
1189240
-880
31561
-23119
829240
-600
21521
41801
-1500320
1120
-40199
15961
-572960
400
-14359
-28919
1039600
-760
27321
1441
-51840
40
-1439
-21799
786360
-560
20201
-20439
740560
-520
18841
-33559
1218840
-880
31961
21961
-798400
560
-20359
-23479
856240
-600
21881
42681
-1565440
1120
-41079
25081
-920120
640
-23479
-20679
758800
-520
19081
22201
-816640
560
-20599
25161
-926200
640
-23559
-34039
1254840
-880
32441
-23719
874480
-600
22121
42921
-1583440
1120
-41319
-29679
1096600
-760
28081
1481
-54760
40
-1479
-22359
828920
-560
20761
-34439
1285240
-880
32841
43801
-1650320
1120
-42199
-34919
1322200
-880
33321
44041
-1668800
1120
-42439
1521
-57760
40
-1519
1561
-60840
40
-1559
