1
22
0
1
-483
22
-22
1
4379
-418
220
-21
-1473
154
-220
23
1475
-176
176
-21
-505
66
-176
23
4423
-594
484
-65
-6357
880
-484
67
-1473
220
-154
23
-3915
616
-286
45
-505
88
-132
23
1959
-374
110
-21
-1473
308
-110
23
1563
-352
484
-109
7877
-1804
572
-131
1475
-352
88
-21
-505
132
-88
23
1497
-418
154
-43
-527
154
-154
45
-1517
462
-220
67
-3959
1232
-286
89
-4465
1408
-352
111
2575
-814
484
-153
1013
-330
132
-43
-505
176
-66
23
3455
-1276
176
-65
-2485
946
-176
67
1013
-396
110
-43
-2991
1210
-220
89
4181
-1716
748
-307
5435
-2244
264
-109
2971
-1254
154
-65
-1517
660
-154
67
-3475
1562
-198
89
507
-242
44
-21
-505
264
-44
23
1079
-594
198
-109
2025
-1144
154
-87
-571
330
-154
89
-637
374
-264
155
7547
-4444
484
-285
-3673
2178
-484
287
-1517
924
-110
67
1563
-968
176
-109
-593
374
-176
111
1013
-660
66
-43
2751
-1870
484
-329
4445
-3036
836
-571
3631
-2486
352
-241
2619
-1804
286
-197
3543
-2464
220
-153
3015
-2134
154
-109
-2045
1474
-154
111
1519
-1122
88
-65
-549
418
-88
67
1827
-1408
484
-373
1277
-990
396
-307
1057
-836
110
-87
-571
462
-110
89
2531
-2090
132
-109
2663
-2244
286
-241
2069
-1760
154
-131
-2199
1892
-308
265
7349
-6358
660
-571
3543
-3080
176
-153
-2573
2266
-176
155
3587
-3212
220
-197
-681
616
-220
199
23
-22
22
-21
4599
-5038
220
-241
-1693
1870
-220
243
1651
-1848
176
-197
-681
770
-176
199
4907
-5566
484
-549
-6841
7788
-484
551
-1627
1870
-154
177
-4201
4862
-286
331
-637
748
-132
155
2069
-2464
110
-131
-1583
1914
-110
133
2047
-2508
484
-593
8449
-10384
572
-703
1563
-1936
88
-109
-593
748
-88
111
1651
-2112
154
-197
-681
880
-154
199
-1737
2266
-220
287
-4245
5566
-286
375
-4817
6336
-352
463
3059
-4026
484
-637
1145
-1518
132
-175
-571
770
-66
89
3631
-4972
176
-241
-2661
3674
-176
243
1123
-1562
110
-153
-3211
4510
-220
309
4929
-6952
748
-1055
5699
-8052
264
-373
3125
-4444
154
-219
-1671
2398
-154
221
-3673
5324
-198
287
551
-814
44
-65
-549
836
-44
67
1277
-1980
198
-307
2179
-3410
154
-241
-725
1144
-154
243
-901
1430
-264
419
8031
-12760
484
-769
-4157
6622
-484
771
-1627
2618
-110
177
1739
-2816
176
-285
-769
1254
-176
287
1079
-1782
66
-109
3235
-5434
484
-813
5281
-8888
836
-1407
3983
-6710
352
-593
2905
-4906
286
-483
3763
-6380
220
-373
3169
-5412
154
-263
-2199
3784
-154
265
1607
-2794
88
-153
-637
1122
-88
155
2311
-4092
484
-857
1673
-2970
396
-703
1167
-2090
110
-197
-681
1232
-110
199
2663
-4862
132
-241
2949
-5434
286
-527
2223
-4114
154
-285
-2507
4664
-308
573
8009
-14938
660
-1231
3719
-6952
176
-329
-2749
5170
-176
331
3807
-7216
220
-417
-901
1716
-220
419
45
-88
22
-43
4819
-10098
220
-461
-1913
4026
-220
463
1827
-3872
176
-373
-857
1826
-176
375
5391
-11506
484
-1033
-7325
15664
-484
1035
-1781
3828
-154
331
-4487
9680
-286
617
-769
1672
-132
287
2179
-4774
110
-241
-1693
3740
-110
243
2531
-5632
484
-1077
9021
-20108
572
-1275
1651
-3696
88
-197
-681
1540
-88
199
1805
-4114
154
-351
-835
1914
-154
353
-1957
4510
-220
507
-4531
10472
-286
661
-5169
11968
-352
815
3543
-8206
484
-1121
1277
-2970
132
-307
-637
1496
-66
155
3807
-9020
176
-417
-2837
6754
-176
419
1233
-2948
110
-263
3279
-7942
154
-373
-1825
4444
-154
375
-3871
9482
-198
485
595
-1474
44
-109
-593
1496
-44
111
1475
-3762
198
-505
2333
-5984
154
-395
-879
2266
-154
397
-1165
3014
-264
683
8515
-22044
484
-1253
-4641
12034
-484
1255
-1737
4532
-110
287
1915
-5016
176
-461
-945
2486
-176
463
1145
-3036
66
-175
3719
-9966
484
-1297
6117
-16412
836
-2243
4335
-11638
352
-945
3191
-8580
286
-769
3983
-10736
220
-593
3323
-8998
154
-417
-2353
6402
-154
419
1695
-4642
88
-241
-725
2002
-88
243
2795
-7744
484
-1341
2069
-5742
396
-1099
1277
-3564
110
-307
-791
2222
-110
309
2795
-7898
132
-373
3235
-9196
286
-813
2377
-6776
154
-439
-2925
8426
-176
507
4027
-11660
220
-637
-1121
3256
-220
639
67
-198
22
-65
-2133
6622
-220
683
2003
-6248
176
-549
-1033
3234
-176
551
5875
-18414
484
-1517
-7809
24508
-484
1519
-1935
6094
-154
485
-4773
15070
-286
903
-901
2860
-132
419
2289
-7304
110
-351
-1803
5786
-110
353
1739
-5632
88
-285
-769
2508
-88
287
1959
-6424
154
-505
-989
3256
-154
507
-2177
7194
-220
727
-4817
15950
-286
947
-5521
18304
-352
1167
4027
-13354
484
-1605
1409
-4686
132
-439
-703
2354
-66
221
-3013
10186
-176
595
1343
-4554
110
-373
-1979
6798
-154
529
-4069
14036
-198
683
639
-2222
44
-153
-637
2244
-44
155
1673
-5940
198
-703
2487
-8866
154
-549
-1033
3696
-154
551
-1429
5126
-264
947
8999
-32296
484
-1737
-5125
18414
-484
1739
-1847
6666
-110
397
2091
-7568
176
-637
-1121
4070
-176
639
1211
-4422
66
-241
4203
-15466
484
-1781
6953
-25608
836
-3079
4687
-17270
352
-1297
3477
-12826
286
-1055
4203
-15532
220
-813
-2507
9328
-154
573
1783
-6666
88
-329
-813
3058
-88
331
3279
-12364
484
-1825
1387
-5258
110
-417
-901
3432
-110
419
3521
-13530
286
-1099
2531
-9746
154
-593
-3101
12034
-176
683
4247
-16544
220
-857
-1341
5236
-220
859
89
-352
22
-87
-2353
9658
-220
903
2179
-8976
176
-725
-1209
4994
-176
727
6359
-26290
484
-2001
-8293
34320
-484
2003
-2089
8668
-154
639
-5059
21032
-286
1189
-1033
4312
-132
551
2399
-10054
110
-461
-1913
8052
-110
463
1827
-7744
88
-373
-857
3652
-88
375
2113
-9042
154
-659
-1143
4906
-154
661
-2397
10318
-220
947
-5103
22000
-286
1233
-5873
25344
-352
1519
4511
-19470
484
-2089
1541
-6666
132
-571
-769
3344
-66
287
-3189
13970
-176
771
1453
-6380
110
-483
-2133
9460
-154
683
-4267
18986
-198
881
683
-3058
44
-197
-681
3080
-44
199
1871
-8514
198
-901
2641
-12056
154
-703
-1187
5434
-154
705
-1693
7766
-264
1211
9483
-43516
484
-2221
-5609
25762
-484
2223
-1957
9020
-110
507
2267
-10472
176
-813
-1297
6006
-176
815
1277
-5940
66
-307
4687
-21934
484
-2265
7789
-36476
836
-3915
5039
-23606
352
-1649
3763
-17644
286
-1341
4423
-20768
220
-1033
-2661
12562
-154
727
1871
-8866
88
-417
-901
4290
-88
419
3763
-17952
484
-2309
1497
-7172
110
-527
-1011
4862
-110
529
3807
-18436
286
-1385
2685
-13024
154
-747
-3277
15994
-176
859
4467
-21868
220
-1077
-1561
7656
-220
1079
111
-550
22
-109
-2573
13134
-220
1123
2355
-12056
176
-901
-1385
7106
-176
903
6843
-35134
484
-2485
-8777
45100
-484
2487
-2243
11550
-154
793
-5345
27566
-286
1475
-1165
6028
-132
683
-2023
10538
-110
573
1915
-10032
88
-461
-945
4972
-88
463
2267
-11968
154
-813
-1297
6864
-154
815
-2617
13882
-220
1167
-5389
28622
-286
1519
-6225
33088
-352
1871
-835
4466
-66
353
-3365
18106
-176
947
1563
-8426
110
-593
-2287
12430
-154
837
727
-3982
44
-241
-725
4004
-44
243
2069
-11484
198
-1099
2795
-15554
154
-857
-1341
7480
-154
859
-1957
10934
-264
1475
-6093
34078
-484
2707
-2067
11594
-110
617
2443
-13728
176
-989
-1473
8294
-176
991
1343
-7590
66
-373
5171
-29370
484
-2749
5391
-30646
352
-2001
4049
-23034
286
-1627
4643
-26444
220
-1253
-2815
16104
-154
881
-989
5698
-88
507
4247
-24508
484
-2793
1607
-9306
110
-637
-1121
6512
-110
639
4093
-23914
286
-1671
2839
-16610
154
-901
-3453
20306
-176
1035
4687
-27632
220
-1297
-1781
10516
-220
1299
133
-792
22
-131
-2793
17050
-220
1343
2531
-15488
176
-1077
-1561
9570
-176
1079
7327
-44946
484
-2969
-9261
56848
-484
2971
-2397
14740
-154
947
-5631
34672
-286
1761
-1297
8008
-132
815
-2133
13244
-110
683
-1033
6468
-88
551
2421
-15202
154
-967
-1451
9130
-154
969
-2837
17886
-220
1387
-5675
35816
-286
1805
-6577
41536
-352
2223
-901
5720
-66
419
-3541
22594
-176
1123
1673
-10692
110
-703
-2441
15708
-154
991
771
-4994
44
-285
-769
5016
-44
287
2267
-14850
198
-1297
2949
-19360
154
-1011
-1495
9834
-154
1013
-2221
14630
-264
1739
-6577
43362
-484
3191
-2177
14388
-110
727
2619
-17336
176
-1165
-1649
10934
-176
1167
1409
-9372
66
-439
5655
-37774
484
-3233
5743
-38390
352
-2353
4335
-28996
286
-1913
-2969
19954
-154
1035
-1077
7282
-88
595
4731
-32032
484
-3277
1717
-11660
110
-747
-1231
8382
-110
749
4379
-29964
286
-1957
2993
-20504
154
-1055
-3629
24970
-176
1211
-2001
13816
-220
1519
155
-1078
22
-153
-3013
21406
-220
1563
2707
-19272
176
-1253
-1737
12386
-176
1255
7811
-55726
484
-3453
-2551
18238
-154
1101
-5917
42350
-286
2047
-1429
10252
-132
947
-2243
16170
-110
793
-1121
8140
-88
639
2575
-18744
154
-1121
-1605
11704
-154
1123
-3057
22330
-220
1607
-5961
43582
-286
2091
-6929
50688
-352
2575
-967
7106
-66
485
-3717
27434
-176
1299
1783
-13178
110
-813
-2595
19294
-154
1145
815
-6094
44
-329
-813
6116
-44
331
2465
-18612
198
-1495
3103
-23474
154
-1165
-1649
12496
-154
1167
-2485
18854
-264
2003
-7061
53614
-484
3675
-2287
17402
-110
837
2795
-21296
176
-1341
-1825
13926
-176
1343
6095
-46838
352
-2705
4621
-35530
286
-2199
-3123
24112
-154
1189
-1165
9042
-88
683
5215
-40524
484
-3761
1827
-14234
110
-857
-1341
10472
-110
859
4665
-36586
286
-2243
3147
-24706
154
-1209
-3805
29986
-176
1387
-2221
17556
-220
1739
177
-1408
22
-175
-3233
26202
-220
1783
2883
-23408
176
-1429
-1913
15554
-176
1431
8295
-67474
484
-3937
-2705
22044
-154
1255
-6203
50600
-286
2333
-1561
12760
-132
1079
-2353
19316
-110
903
-1209
9988
-88
727
2729
-22594
154
-1275
-1759
14586
-154
1277
-3277
27214
-220
1827
-6247
51920
-286
2377
-7281
60544
-352
2927
-1033
8624
-66
551
1893
-15884
110
-923
-2749
23188
-154
1299
859
-7282
44
-373
-857
7304
-44
375
2663
-22770
198
-1693
3257
-27896
154
-1319
-1803
15466
-154
1321
-2749
23606
-264
2267
-7545
64834
-484
4159
-2397
20636
-110
947
2971
-25608
176
-1517
-2001
17270
-176
1519
6447
-55990
352
-3057
4907
-42636
286
-2485
-3277
28578
-154
1343
-1253
10978
-88
771
5699
-49984
484
-4245
1937
-17028
110
-967
-1451
12782
-110
969
4951
-43780
286
-2529
3301
-29216
154
-1363
-2441
21736
-220
1959
199
-1782
22
-197
-3453
31438
-220
2003
3059
-27896
176
-1605
-2089
19074
-176
1607
8779
-80190
484
-4421
-2859
26158
-154
1409
-1693
15532
-132
1211
-1297
12012
-88
815
2883
-26752
154
-1429
-1913
17776
-154
1431
-3497
32538
-220
2047
-7633
71104
-352
3279
-1099
10274
-66
617
2003
-18810
110
-1033
-2903
27390
-154
1453
903
-8558
44
-417
-901
8580
-44
419
2861
-27324
198
-1891
-1957
18744
-154
1475
-3013
28886
-264
2531
-8029
77022
-484
4643
3147
-30272
176
-1693
-2177
20966
-176
1695
6799
-65846
352
-3409
5193
-50314
286
-2771
-1341
13090
-88
859
6183
-60412
484
-4729
2047
-20042
110
-1077
-1561
15312
-110
1079
5237
-51546
286
-2815
-2661
26356
-220
2179
221
-2200
22
-219
-3673
37114
-220
2223
3235
-32736
176
-1781
-2265
22946
-176
1783
9263
-93874
484
-4905
-3013
30580
-154
1563
-1825
18568
-132
1343
-1385
14212
-88
903
3037
-31218
154
-1583
-2067
21274
-154
1585
-3717
38302
-220
2267
-1165
12056
-66
683
2113
-21956
110
-1143
-3057
31900
-154
1607
947
-9922
44
-461
-945
9944
-44
463
3059
-32274
198
-2089
-2111
22330
-154
1629
-3277
34694
-264
2795
-8513
90178
-484
5127
3323
-35288
176
-1869
-2353
25014
-176
1871
7151
-76406
352
-3761
5479
-58564
286
-3057
-1429
15378
-88
947
6667
-71808
484
-5213
2157
-23276
110
-1187
-1671
18062
-110
1189
5523
-59884
286
-3101
-2881
31416
-220
2399
243
-2662
22
-241
-3893
43230
-220
2443
3411
-37928
176
-1957
-2441
27170
-176
1959
-3167
35310
-154
1717
-1957
21868
-132
1475
-1473
16588
-88
991
3191
-35992
154
-1737
-2221
25080
-154
1739
-3937
44506
-220
2487
-1231
13970
-66
749
2223
-25322
110
-1253
-3211
36718
-154
1761
3257
-37620
198
-2287
-2265
26224
-154
1783
-3541
41030
-264
3059
-8997
104302
-484
5611
3499
-40656
176
-2045
-2529
29414
-176
2047
7503
-87670
352
-4113
5765
-67386
286
-3343
-1517
17842
-88
1035
7151
-84172
484
-5697
2267
-26730
110
-1297
-1781
21032
-110
1299
5809
-68794
286
-3387
-3101
36916
-220
2619
265
-3168
22
-263
-4113
49786
-220
2663
3587
-43472
176
-2133
-2617
31746
-176
2135
-3321
40348
-154
1871
-2089
25432
-132
1607
-1561
19140
-88
1079
3345
-41074
154
-1891
-2375
29194
-154
1893
-4157
51150
-220
2707
-1297
16016
-66
815
2333
-28908
110
-1363
-3365
41844
-154
1915
3455
-43362
198
-2485
-2419
30426
-154
1937
-3805
47894
-264
3323
-9481
119394
-484
6095
3675
-46376
176
-2221
-2705
34166
-176
2223
6051
-76780
286
-3629
-1605
20482
-88
1123
7635
-97504
484
-6181
2377
-30404
110
-1407
-1891
24222
-110
1409
6095
-78276
286
-3673
-3321
42856
-220
2839
287
-3718
22
-285
-4333
56782
-220
2883
3763
-49368
176
-2309
-2793
36674
-176
2311
-2221
29260
-132
1739
-1649
21868
-88
1167
-2529
33616
-154
2047
-4377
58234
-220
2927
-1363
18194
-66
881
3653
-49500
198
-2683
-2573
34936
-154
2091
-4069
55286
-264
3587
3851
-52448
176
-2397
-2881
39270
-176
2399
-1693
23298
-88
1211
-2001
27632
-110
1519
-3541
49236
-220
3059
309
-4312
22
-307
-4553
64218
-220
3103
-2969
41954
-176
2487
-2353
33352
-132
1871
-1737
24772
-88
1255
-2683
38346
-154
2201
-4597
65758
-220
3147
-1429
20504
-66
947
3851
-56034
198
-2881
-2727
39754
-154
2245
-4333
63206
-264
3851
-3057
44726
-176
2575
-1781
26290
-88
1299
-2111
31262
-110
1629
-3761
56056
-220
3279
331
-4950
22
-329
-4773
72094
-220
3323
-3145
47586
-176
2663
-2485
37708
-132
2003
-1825
27852
-88
1343
-2837
43384
-154
2355
-4817
73722
-220
3367
4049
-62964
198
-3079
-2881
44880
-154
2399
-4597
71654
-264
4115
-3233
50534
-176
2751
-1869
29458
-88
1387
-2221
35112
-110
1739
-3981
63316
-220
3499
353
-5632
22
-351
-3321
53570
-176
2839
-2617
42328
-132
2135
-1913
31108
-88
1431
-2991
48730
-154
2509
4247
-70290
198
-3277
-3035
50314
-154
2553
-4861
80630
-264
4379
-3409
56694
-176
2927
-2331
39182
-110
1849
-4201
71016
-220
3719
375
-6358
22
-373
-3497
59906
-176
3015
-2749
47212
-132
2267
-3145
54384
-154
2663
-3189
56056
-154
2707
-5125
90134
-264
4643
-3585
63206
-176
3103
-4421
79156
-220
3939
397
-7128
22
-395
-3673
66594
-176
3191
-2881
52360
-132
2399
-3299
60346
-154
2817
-3343
62106
-154
2861
-5389
100166
-264
4907
-3761
70070
-176
3279
-4641
87736
-220
4159
419
-7942
22
-417
-3849
73634
-176
3367
-5653
110726
-264
5171
441
-8800
22
-439
463
-9702
22
-461
