1
28
0
1
-783
28
-28
1
9437
-700
364
-27
-3163
252
-364
29
1597
-140
308
-27
5517
-532
280
-27
-811
84
-280
29
7141
-756
784
-83
-14979
1624
-784
85
-3163
364
-252
29
3949
-476
224
-27
-2379
308
-224
29
813
-112
196
-27
-4731
700
-196
29
-5543
868
-364
57
-14195
2268
-532
85
-811
140
-168
29
-1735
308
-952
169
-2491
448
-784
141
-7111
1316
-308
57
1597
-308
140
-27
-811
168
-140
29
3977
-868
252
-55
4789
-1092
364
-83
813
-196
112
-27
-2379
616
-112
29
3221
-868
308
-83
3193
-896
196
-55
-2407
700
-196
57
5573
-1652
280
-83
5601
-1708
364
-111
-3247
1008
-364
113
-2491
784
-448
141
-14279
4536
-532
169
-4115
1316
-616
197
-5151
1652
-1400
449
-2603
840
-784
253
-811
280
-84
29
4817
-1736
308
-111
4005
-1484
224
-83
-2435
924
-224
85
-4843
1876
-364
141
-10387
4060
-504
197
-2071
812
-1288
505
3249
-1288
280
-111
-2407
980
-140
57
1653
-700
196
-83
-4003
1736
-196
85
-2547
1120
-448
197
-3247
1456
-252
113
-5627
2576
-308
141
1149
-532
784
-363
11369
-5292
840
-391
813
-392
56
-27
-811
420
-56
29
1205
-644
784
-419
9801
-5264
728
-391
3305
-1792
308
-167
4061
-2240
252
-139
10445
-5852
448
-251
1681
-952
196
-111
-4031
2324
-196
113
1653
-980
140
-83
7533
-4564
784
-475
-15371
9352
-784
477
4229
-2576
504
-307
5713
-3500
364
-223
4061
-2520
224
-139
-2491
1568
-224
141
-4115
2632
-308
197
1625
-1064
84
-55
-3247
2184
-168
113
-2883
1960
-784
533
13749
-9352
616
-419
1149
-784
532
-363
10501
-7196
448
-307
7309
-5040
364
-251
-4955
3444
-364
253
-2547
1792
-280
197
3277
-2324
196
-139
-2491
1792
-196
141
-5711
4172
-308
225
869
-644
112
-83
-2435
1848
-112
85
-5767
4452
-364
281
-3331
2604
-252
197
3249
-2576
140
-111
-2463
1988
-140
113
1821
-1484
308
-251
-13047
10696
-616
505
-2995
2464
-784
645
4061
-3360
168
-139
1233
-1036
532
-447
5013
-4228
364
-307
953
-812
196
-167
-4871
4200
-196
169
4117
-3584
224
-195
-2547
2240
-224
197
4145
-3668
252
-223
-3583
3192
-504
449
18201
-16268
1064
-951
7309
-6552
280
-251
-2603
2352
-280
253
-7335
6692
-308
281
7393
-6804
364
-335
-1119
1036
-364
337
29
-28
28
-27
9801
-10528
364
-391
-3527
3808
-364
393
1905
-2072
308
-335
5797
-6356
280
-307
-1091
1204
-280
309
7925
-8764
784
-867
-15763
17472
-784
869
-3415
3808
-252
281
4173
-4676
224
-251
-2603
2940
-224
253
1009
-1148
196
-223
-4927
5656
-196
225
-5907
6832
-364
421
-14727
17080
-532
617
-979
1148
-168
197
-2687
3164
-952
1121
-3275
3864
-784
925
-7419
8792
-308
365
1737
-2072
140
-167
-951
1148
-140
169
4229
-5152
252
-307
5153
-6328
364
-447
925
-1148
112
-139
-2491
3136
-112
141
3529
-4480
308
-391
3389
-4340
196
-251
-2603
3360
-196
253
5853
-7588
280
-363
5965
-7784
364
-475
-3611
4732
-364
477
-2939
3864
-448
589
-14811
19516
-532
701
-4731
6244
-616
813
-6551
8652
-1400
1849
-3387
4480
-784
1037
-895
1204
-84
113
5125
-6972
308
-419
4229
-5796
224
-307
-2659
3668
-224
309
-5207
7224
-364
505
-10891
15148
-504
701
-3359
4676
-1288
1793
3529
-4928
280
-391
-2547
3584
-140
197
1849
-2632
196
-279
-4199
6020
-196
281
-2995
4312
-448
645
-3499
5068
-252
365
-5935
8652
-308
449
1933
-2828
784
-1147
869
-1288
56
-83
-867
1316
-56
85
1989
-3052
784
-1203
3613
-5572
308
-475
4313
-6692
252
-391
10893
-16996
448
-699
1877
-2940
196
-307
-4227
6664
-196
309
1793
-2856
140
-223
8317
-13356
784
-1259
4733
-7616
504
-811
6077
-9800
364
-587
4285
-6944
224
-363
-2715
4424
-224
365
-4423
7252
-308
505
1709
-2828
84
-139
-3415
5712
-168
281
-3667
6160
-784
1317
14365
-24136
616
-1035
1681
-2828
532
-895
10949
-18452
448
-755
7673
-12964
364
-615
-5319
9016
-364
617
-2827
4816
-280
477
3473
-5936
196
-335
-2687
4620
-196
337
-6019
10416
-308
533
981
-1708
112
-195
-2547
4480
-112
197
-6131
10864
-364
645
-3583
6384
-252
449
3389
-6076
140
-251
-2603
4704
-140
253
2129
-3864
308
-559
-13663
24864
-616
1121
4229
-7728
168
-307
1765
-3248
532
-979
5377
-9912
364
-671
1149
-2128
196
-363
-5067
9436
-196
365
4341
-8120
224
-419
-2771
5208
-224
421
4397
-8288
252
-475
-4087
7728
-504
953
19265
-36484
1064
-2015
7589
-14392
280
-531
-2883
5488
-280
533
-7643
14616
-308
589
7757
-14896
364
-699
-1483
2856
-364
701
57
-112
28
-55
10165
-21084
364
-755
-3891
8092
-364
757
2213
-4620
308
-643
6077
-12740
280
-587
-1371
2884
-280
589
8709
-18340
784
-1651
-16547
34888
-784
1653
-3667
7756
-252
533
4397
-9324
224
-475
-2827
6020
-224
477
1205
-2576
196
-419
-5123
11004
-196
421
-6271
13524
-364
785
-1147
2492
-168
365
-3639
7924
-952
2073
-4059
8848
-784
1709
-7727
16884
-308
673
1877
-4116
140
-307
-1091
2408
-140
309
4481
-9940
252
-559
5517
-12292
364
-811
1037
-2324
112
-251
-2603
5880
-112
253
3837
-8708
308
-699
3585
-8176
196
-447
-2799
6412
-196
449
6133
-14084
280
-643
6329
-14588
364
-839
-3975
9184
-364
841
-3387
7840
-448
1037
-5347
12404
-616
1429
-7951
18452
-1400
3249
-4171
9688
-784
1821
-979
2296
-84
197
5433
-12824
308
-727
4453
-10556
224
-531
-2883
6860
-224
533
-5571
13300
-364
869
-11395
27244
-504
1205
-4647
11116
-1288
3081
3809
-9128
280
-671
-2687
6468
-140
337
2045
-4956
196
-475
-4395
10696
-196
477
-3443
8400
-448
1093
-3751
9184
-252
617
-6243
15344
-308
757
2717
-6692
784
-1931
925
-2296
56
-139
-923
2324
-56
141
2773
-7028
784
-1987
3921
-9968
308
-783
4565
-11648
252
-643
11341
-29036
448
-1147
2073
-5320
196
-503
-4423
11396
-196
505
1933
-5012
140
-363
9101
-23716
784
-2043
5237
-13664
504
-1315
6441
-16828
364
-951
4509
-11816
224
-587
-2939
7728
-224
589
-4731
12488
-308
813
1793
-4760
84
-223
-3583
9576
-168
449
-4451
11928
-784
2101
14981
-40152
616
-1651
2213
-5936
532
-1427
11397
-30604
448
-1203
8037
-21616
364
-979
-5683
15316
-364
981
-3107
8400
-280
757
3669
-9940
196
-531
-2883
7840
-196
533
-6327
17276
-308
841
1093
-2996
112
-307
-2659
7336
-112
309
-6495
18004
-364
1009
-3835
10668
-252
701
3529
-9856
140
-391
-2743
7700
-140
393
2437
-6860
308
-867
-14279
40264
-616
1737
4397
-12432
168
-475
2297
-6524
532
-1511
5741
-16324
364
-1035
1345
-3836
196
-559
-5263
15064
-196
561
4565
-13104
224
-643
-2995
8624
-224
645
4649
-13412
252
-727
-3163
9184
-280
813
-7951
23156
-308
897
8121
-23716
364
-1063
-1847
5404
-364
1065
85
-252
28
-83
-4255
13104
-364
1121
2521
-7784
308
-951
6357
-19684
280
-867
-1651
5124
-280
869
9493
-29484
784
-2435
-17331
53872
-784
2437
-3919
12208
-252
785
4621
-14420
224
-699
-3051
9548
-224
701
1401
-4396
196
-615
-5319
16744
-196
617
-6635
20944
-364
1149
-1315
4172
-168
533
-4843
15400
-784
2493
-8035
25592
-308
981
2017
-6440
140
-447
-1231
3948
-140
449
4733
-15232
252
-811
5881
-18984
364
-1175
1149
-3724
112
-363
-2715
8848
-112
365
4145
-13552
308
-1007
3781
-12404
196
-643
-2995
9856
-196
645
6413
-21140
280
-923
6693
-22120
364
-1203
-4339
14364
-364
1205
-3835
12712
-448
1485
-5963
19796
-616
2045
-4955
16464
-784
2605
-1063
3556
-84
281
5741
-19292
308
-1035
4677
-15764
224
-755
-3107
10500
-224
757
-5935
20104
-364
1233
-11899
40348
-504
1709
-5935
20132
-1288
4369
4089
-13888
280
-951
-2827
9632
-140
477
2241
-7672
196
-671
-4591
15764
-196
673
-3891
13384
-448
1541
-4003
13804
-252
869
-6551
22652
-308
1065
3501
-12124
784
-2715
981
-3416
56
-195
-979
3444
-56
197
3557
-12572
784
-2771
4229
-14980
308
-1091
4817
-17108
252
-895
11789
-41972
448
-1595
2269
-8092
196
-699
-4619
16520
-196
701
2073
-7448
140
-503
9885
-35644
784
-2827
5741
-20720
504
-1819
6805
-24584
364
-1315
4733
-17136
224
-811
-3163
11480
-224
813
-5039
18340
-308
1121
1877
-6860
84
-307
15597
-57400
616
-2267
2745
-10108
532
-1959
11845
-43652
448
-1651
8401
-30996
364
-1343
-6047
22344
-364
1345
-3387
12544
-280
1037
3865
-14336
196
-727
-3079
11452
-196
729
-6635
24752
-308
1149
1205
-4508
112
-419
-2771
10416
-112
421
-6859
25872
-364
1373
-4087
15456
-252
953
3669
-13916
140
-531
-2883
10976
-140
533
2745
-10472
308
-1175
4565
-17472
168
-643
2829
-10864
532
-2043
6105
-23464
364
-1399
1541
-5936
196
-755
-5459
21084
-196
757
4789
-18536
224
-867
-3219
12488
-224
869
4901
-19040
252
-979
-3443
13440
-280
1093
-8259
32312
-308
1205
8485
-33264
364
-1427
-2211
8680
-364
1429
113
-448
28
-111
-4619
18844
-364
1485
2829
-11564
308
-1259
6637
-27188
280
-1147
-1931
7924
-280
1149
10277
-42196
784
-3219
-18115
74424
-784
3221
-4171
17164
-252
1037
4845
-19964
224
-923
-3275
13524
-224
925
1597
-6608
196
-811
-6999
29092
-364
1513
-1483
6188
-168
701
-5627
23520
-784
3277
-8343
34916
-308
1289
2157
-9044
140
-587
-1371
5768
-140
589
4985
-21028
252
-1063
6245
-26404
364
-1539
1261
-5348
112
-475
-2827
12040
-112
477
4453
-19012
308
-1315
3977
-17024
196
-839
-3191
13692
-196
841
6693
-28756
280
-1203
7057
-30380
364
-1567
-4703
20272
-364
1569
-4283
18480
-448
1933
-6579
28420
-616
2661
-5739
24808
-784
3389
-1147
4984
-84
365
6049
-26376
308
-1343
4901
-21420
224
-979
-3331
14588
-224
981
-6299
27636
-364
1597
-12403
54460
-504
2213
-7223
31724
-1288
5657
4369
-19208
280
-1231
-2967
13076
-140
617
2437
-10780
196
-867
-4787
21224
-196
869
-4339
19264
-448
1989
-4255
18928
-252
1121
-6859
30576
-308
1373
4285
-19124
784
-3499
1037
-4648
56
-251
-1035
4676
-56
253
4341
-19684
784
-3555
4537
-20608
308
-1399
5069
-23072
252
-1147
12237
-55804
448
-2043
2465
-11256
196
-895
-4815
22036
-196
897
2213
-10164
140
-643
10669
-49140
784
-3611
6245
-28784
504
-2323
7169
-33068
364
-1679
4957
-22904
224
-1035
-3387
15680
-224
1037
-5347
24808
-308
1429
1961
-9128
84
-391
16213
-75880
616
-2883
3277
-15344
532
-2491
12293
-57596
448
-2099
8765
-41104
364
-1707
-6411
30100
-364
1709
-3667
17248
-280
1317
4061
-19124
196
-923
-3275
15456
-196
925
-6943
32844
-308
1457
1317
-6244
112
-531
-2883
13720
-112
533
-7223
34468
-364
1737
-4339
20748
-252
1205
3809
-18256
140
-671
-3023
14532
-140
673
3053
-14700
308
-1483
3361
-16268
532
-2575
6469
-31332
364
-1763
1737
-8428
196
-951
5013
-24416
224
-1091
-3443
16800
-224
1093
5153
-25172
252
-1231
-3723
18256
-280
1373
-8567
42084
-308
1513
8849
-43540
364
-1791
-2575
12684
-364
1793
141
-700
28
-139
-4983
25312
-364
1849
3137
-15960
308
-1567
6917
-35252
280
-1427
-2211
11284
-280
1429
11061
-56476
784
-4003
-18899
96544
-784
4005
-4423
22624
-252
1289
5069
-25956
224
-1147
-3499
17948
-224
1149
1793
-9212
196
-1007
-7363
37968
-364
1877
-1651
8540
-168
869
-6411
33208
-784
4061
2297
-11928
140
-727
-1511
7868
-140
729
5237
-27328
252
-1315
6609
-34552
364
-1903
1373
-7196
112
-587
-2939
15456
-112
589
4761
-25088
308
-1623
4173
-22036
196
-1035
-3387
17920
-196
1037
6973
-36932
280
-1483
7421
-39368
364
-1931
-5067
26908
-364
1933
-4731
25144
-448
2381
-7195
38276
-616
3277
-6523
34720
-784
4173
-1231
6580
-84
449
6357
-34076
308
-1651
5125
-27524
224
-1203
-3555
19124
-224
1205
-6663
35896
-364
1961
-12907
69580
-504
2717
-8511
45892
-1288
6945
4649
-25088
280
-1511
-3107
16800
-140
757
2633
-14280
196
-1063
-4983
27076
-196
1065
-4787
26040
-448
2437
-4507
24556
-252
1373
-7167
39116
-308
1681
5069
-27692
784
-4283
1093
-5992
56
-307
-1091
6020
-56
309
5125
-28364
784
-4339
4845
-26852
308
-1707
5321
-29540
252
-1399
2661
-14812
196
-1091
-5011
27944
-196
1093
2353
-13160
140
-783
11453
-64204
784
-4395
6749
-37856
504
-2827
7533
-42280
364
-2043
5181
-29120
224
-1259
-3611
20328
-224
1261
-5655
31892
-308
1737
2045
-11564
84
-475
16829
-95592
616
-3499
3809
-21644
532
-3023
9129
-51940
364
-2071
-6775
38584
-364
2073
-3947
22512
-280
1597
4257
-24304
196
-1119
-3471
19852
-196
1121
-7251
41552
-308
1765
1429
-8204
112
-643
-2995
17248
-112
645
-7587
43792
-364
2101
-4591
26544
-252
1457
-3163
18368
-140
813
3361
-19544
308
-1791
3893
-22736
532
-3107
6833
-39928
364
-2127
1933
-11312
196
-1147
5237
-30744
224
-1315
-3667
21560
-224
1317
5405
-31808
252
-1483
-4003
23632
-280
1653
9213
-54544
364
-2155
-2939
17416
-364
2157
169
-1008
28
-167
-5347
32508
-364
2213
3445
-20972
308
-1875
7197
-43876
280
-1707
-2491
15204
-280
1709
11845
-72324
784
-4787
-19683
120232
-784
4789
-4675
28588
-252
1541
5293
-32396
224
-1371
-3723
22820
-224
1373
1989
-12208
196
-1203
-7727
47572
-364
2241
-1819
11228
-168
1037
-7195
44464
-784
4845
2437
-15092
140
-867
-1651
10248
-140
869
5489
-34132
252
-1567
6973
-43428
364
-2267
1485
-9268
112
-699
-3051
19096
-112
701
5069
-31780
308
-1931
4369
-27440
196
-1231
-3583
22540
-196
1233
7253
-45668
280
-1763
7785
-49084
364
-2295
-5431
34272
-364
2297
-5179
32704
-448
2829
-7811
49364
-616
3893
-7307
46200
-784
4957
-1315
8344
-84
533
6665
-42392
308
-1959
5349
-34076
224
-1427
-3779
24108
-224
1429
-7027
44884
-364
2325
-13411
85708
-504
3221
-9799
62636
-1288
8233
4929
-31528
280
-1791
-3247
20804
-140
897
2829
-18172
196
-1259
-5179
33320
-196
1261
-5235
33712
-448
2885
-4759
30688
-252
1625
-7475
48272
-308
1989
5853
-37828
784
-5067
1149
-7448
56
-363
-1147
7476
-56
365
5909
-38612
784
-5123
5153
-33712
308
-2015
5573
-36512
252
-1651
2857
-18760
196
-1287
-5207
34244
-196
1289
2493
-16436
140
-923
12237
-80836
784
-5179
7253
-47936
504
-3331
7897
-52220
364
-2407
5405
-35784
224
-1483
-3835
25424
-224
1485
-5963
39592
-308
2045
2129
-14168
84
-559
4341
-29008
532
-3555
9493
-63504
364
-2435
-7139
47796
-364
2437
-4227
28336
-280
1877
4453
-29876
196
-1315
-3667
24640
-196
1317
-7559
50876
-308
2073
1541
-10388
112
-755
-3107
21000
-112
757
-7951
53844
-364
2465
-4843
32844
-252
1709
-3303
22484
-140
953
3669
-25004
308
-2099
4425
-30268
532
-3639
7197
-49252
364
-2491
2129
-14588
196
-1343
5461
-37520
224
-1539
-3891
26768
-224
1541
5657
-38948
252
-1735
-4283
29568
-280
1933
9577
-66276
364
-2519
-3303
22876
-364
2521
197
-1372
28
-195
-5711
40432
-364
2577
3753
-26600
308
-2183
7477
-53060
280
-1987
-2771
19684
-280
1989
12629
-89740
784
-5571
-4927
35056
-252
1793
5517
-39284
224
-1595
-3947
28140
-224
1597
2185
-15596
196
-1399
-8091
57904
-364
2605
-1987
14252
-168
1205
-7979
57288
-784
5629
2577
-18536
140
-1007
-1791
12908
-140
1009
5741
-41440
252
-1819
7337
-53032
364
-2631
1597
-11564
112
-811
5377
-39088
308
-2239
4565
-33236
196
-1427
-3779
27552
-196
1429
7533
-54964
280
-2043
8149
-59528
364
-2659
-5795
42364
-364
2661
-5627
41160
-448
3277
-8427
61684
-616
4509
-8091
59248
-784
5741
-1399
10276
-84
617
6973
-51324
308
-2267
5573
-41076
224
-1651
-4003
29540
-224
1653
-7391
54600
-364
2689
-13915
102844
-504
3725
-11087
81956
-1288
9521
5209
-38528
280
-2071
-3387
25088
-140
1037
3025
-22456
196
-1455
-5375
39956
-196
1457
-5683
42280
-448
3333
-5011
37324
-252
1877
-7783
58044
-308
2297
6637
-49532
784
-5851
1205
-9016
56
-419
-1203
9044
-56
421
6693
-50428
784
-5907
5461
-41188
308
-2323
5825
-43988
252
-1903
3053
-23100
196
-1483
-5403
40936
-196
1485
2633
-19992
140
-1063
13021
-99036
784
-5963
7757
-59024
504
-3835
8261
-62888
364
-2771
5629
-42896
224
-1707
-4059
30968
-224
1709
-6271
47908
-308
2353
2213
-16940
84
-643
4873
-37436
532
-4087
9857
-75796
364
-2799
-7503
57736
-364
2801
-4507
34720
-280
2157
4649
-35840
196
-1511
-3863
29820
-196
1513
-7867
60816
-308
2381
1653
-12796
112
-867
-8315
64624
-364
2829
-5095
39648
-252
1961
-3443
26880
-140
1093
3977
-31080
308
-2407
4957
-38864
532
-4171
7561
-59304
364
-2855
2325
-18256
196
-1539
5685
-44744
224
-1763
-4115
32424
-224
1765
5909
-46592
252
-1987
-4563
36064
-280
2213
9941
-78736
364
-2883
-3667
29064
-364
2885
225
-1792
28
-223
-6075
49084
-364
2941
4061
-32844
308
-2491
7757
-62804
280
-2267
-3051
24724
-280
2269
13413
-108724
784
-6355
-5179
42028
-252
2045
5741
-46620
224
-1819
-4171
33908
-224
1821
2381
-19376
196
-1595
-8455
68964
-364
2969
-2155
17612
-168
1373
-8763
71680
-784
6413
2717
-22260
140
-1147
-1931
15848
-140
1149
5993
-49252
252
-2071
7701
-63364
364
-2995
1709
-14084
112
-923
5685
-47012
308
-2547
4761
-39424
196
-1623
-3975
32956
-196
1625
7813
-64820
280
-2323
8513
-70700
364
-3023
-6159
51184
-364
3025
-6075
50512
-448
3725
-9043
75236
-616
5125
-8875
73864
-784
6525
-1483
12376
-84
701
7281
-60872
308
-2575
5797
-48524
224
-1875
-4227
35420
-224
1877
-7755
65044
-364
3053
-3527
29652
-140
1177
3221
-27132
196
-1651
-6131
51744
-448
3781
-5263
44464
-252
2129
-8091
68432
-308
2605
7421
-62804
784
-6635
1261
-10696
56
-475
-1259
10724
-56
477
7477
-63812
784
-6691
5769
-49280
308
-2631
6077
-51968
252
-2155
3249
-27832
196
-1679
2773
-23828
140
-1203
13805
-118804
784
-6747
8261
-71120
504
-4339
8625
-74284
364
-3135
5853
-50456
224
-1931
-4283
36960
-224
1933
-6579
56840
-308
2661
2297
-19880
84
-727
5405
-46928
532
-4619
-7867
68404
-364
3165
-4787
41664
-280
2437
4845
-42196
196
-1707
-4059
35392
-196
1709
-8175
71372
-308
2689
1765
-15428
112
-979
-8679
76132
-364
3193
-5347
46956
-252
2213
-3583
31556
-140
1233
4285
-37772
308
-2715
5489
-48524
532
-4703
7925
-70084
364
-3219
2521
-22316
196
-1735
5909
-52416
224
-1987
-4339
38528
-224
1989
6161
-54740
252
-2239
-4843
43120
-280
2493
-4031
35980
-364
3249
253
-2268
28
-251
-6439
58464
-364
3305
4369
-39704
308
-2799
-3331
30324
-280
2549
14197
-129276
784
-7139
-5431
49504
-252
2297
5965
-54404
224
-2043
-4395
40124
-224
2045
2577
-23548
196
-1791
-8819
80752
-364
3333
-2323
21308
-168
1541
-9547
87640
-784
7197
2857
-26264
140
-1287
-2071
19068
-140
1289
6245
-57568
252
-2323
8065
-74424
364
-3359
1821
-16828
112
-1035
5993
-55552
308
-2855
4957
-46004
196
-1819
-4171
38752
-196
1821
8877
-82600
364
-3387
-6523
60732
-364
3389
-6523
60760
-448
4173
-9659
90020
-616
5741
-9659
90048
-784
7309
-1567
14644
-84
785
7589
-71036
308
-2883
6021
-56420
224
-2099
-4451
41748
-224
2101
-8119
76216
-364
3417
-3667
34496
-140
1317
3417
-32200
196
-1847
-6579
62104
-448
4229
-5515
52108
-252
2381
-8399
79436
-308
2913
8205
-77644
784
-7419
1317
-12488
56
-531
-1315
12516
-56
533
8261
-78764
784
-7475
6077
-57988
308
-2939
6329
-60452
252
-2407
3445
-32956
196
-1875
2913
-27944
140
-1343
14589
-140140
784
-7531
8765
-84224
504
-4843
8989
-86408
364
-3499
6077
-58464
224
-2155
-4507
43400
-224
2157
-6887
66388
-308
2969
5937
-57484
532
-5151
-8231
79800
-364
3529
-5067
49168
-280
2717
5041
-48944
196
-1903
-4255
41356
-196
1905
-8483
82544
-308
2997
1877
-18284
112
-1091
-9043
88368
-364
3557
-5599
54768
-252
2465
-3723
36512
-140
1373
4593
-45080
308
-3023
6021
-59248
532
-5235
8289
-81592
364
-3583
2717
-26768
196
-1931
6133
-60536
224
-2211
-4563
45080
-224
2213
6413
-63392
252
-2491
-5123
50736
-280
2773
-4395
43624
-364
3613
281
-2800
28
-279
-6803
68572
-364
3669
4677
-47180
308
-3107
-3611
36484
-280
2829
14981
-151396
784
-7923
-5683
57484
-252
2549
6189
-62636
224
-2267
-4619
46788
-224
2269
2773
-28112
196
-1987
-9183
93268
-364
3697
-2491
25340
-168
1709
-10331
105168
-784
7981
2997
-30548
140
-1427
-2211
22568
-140
1429
6497
-66388
252
-2575
8429
-86212
364
-3723
1933
-19796
112
-1147
6301
-64708
308
-3163
5153
-52976
196
-2015
-4367
44940
-196
2017
9241
-95228
364
-3751
-6887
71008
-364
3753
-6971
71904
-448
4621
-10275
106036
-616
6357
-10443
107800
-784
8093
-1651
17080
-84
869
7897
-81816
308
-3191
6245
-64764
224
-2323
-4675
48524
-224
2325
-8483
88116
-364
3781
-3807
39620
-140
1457
3613
-37660
196
-2043
-7027
73360
-448
4677
-5767
60256
-252
2633
8989
-94052
784
-8203
1373
-14392
56
-587
-1371
14420
-56
589
9045
-95284
784
-8259
6385
-67312
308
-3247
6581
-69440
252
-2659
3641
-38472
196
-2071
3053
-32340
140
-1483
15373
-163044
784
-8315
9269
-98336
504
-5347
9353
-99260
364
-3863
-4731
50288
-224
2381
-7195
76552
-308
3277
6469
-69104
532
-5683
-8595
91924
-364
3893
-5347
57232
-280
2997
5237
-56084
196
-2099
-4451
47712
-196
2101
1989
-21364
112
-1203
-9407
101332
-364
3921
-5851
63084
-252
2717
-3863
41748
-140
1513
4901
-53004
308
-3331
6553
-71036
532
-5767
8653
-93828
364
-3947
2913
-31612
196
-2127
-4787
52080
-224
2437
6665
-72548
252
-2743
-5403
58912
-280
3053
-4759
51996
-364
3977
309
-3388
28
-307
-7167
79408
-364
4033
4985
-55272
308
-3415
-3891
43204
-280
3109
15765
-175084
784
-8707
-5935
65968
-252
2801
-4843
53900
-224
2493
2969
-33068
196
-2183
-9547
106512
-364
4061
-2659
29708
-168
1877
-11115
124264
-784
8765
3137
-35112
140
-1567
-2351
26348
-140
1569
6749
-75712
252
-2827
8793
-98728
364
-4087
2045
-22988
112
-1259
6609
-74480
308
-3471
5349
-60340
196
-2211
-4563
51520
-196
2213
9605
-108584
364
-4115
-7251
82012
-364
4117
-7419
83944
-448
5069
-10891
123284
-616
6973
-11227
127120
-784
8877
-1735
19684
-84
953
8205
-93212
308
-3499
-4899
55748
-224
2549
-8847
100744
-364
4145
3809
-43512
196
-2239
-7475
85512
-448
5125
-6019
68908
-252
2885
9773
-112028
784
-8987
1429
-16408
56
-643
-1427
16436
-56
645
9829
-113372
784
-9043
6693
-77252
308
-3555
6833
-78932
252
-2911
3837
-44380
196
-2267
3193
-37016
140
-1623
9773
-113456
504
-5851
9717
-112840
364
-4227
-4955
57624
-224
2605
-7503
87332
-308
3585
7001
-81788
532
-6215
-8959
104776
-364
4257
-5627
65856
-280
3277
5433
-63616
196
-2295
-4647
54460
-196
2297
2101
-24668
112
-1315
-9771
115024
-364
4285
-6103
71904
-252
2969
5209
-61544
308
-3639
7085
-83888
532
-6299
9017
-106792
364
-4311
3109
-36848
196
-2323
-5011
59528
-224
2661
6917
-82208
252
-2995
-5683
67648
-280
3333
-5123
61096
-364
4341
337
-4032
28
-335
-7531
90972
-364
4397
5293
-63980
308
-3723
-4171
50484
-280
3389
16549
-200340
784
-9491
-6187
74956
-252
3053
-5067
61460
-224
2717
3165
-38416
196
-2379
-9911
120484
-364
4425
-2827
34412
-168
2045
-11899
144928
-784
9549
3277
-39956
140
-1707
-2491
30408
-140
1709
7001
-85540
252
-3079
9157
-111972
364
-4451
2157
-26404
112
-1371
6917
-84868
308
-3779
-4759
58492
-196
2409
9969
-122668
364
-4479
-7615
93744
-364
4481
-7867
96880
-448
5517
-11507
141764
-616
7589
-12011
148008
-784
9661
-1819
22456
-84
1037
8513
-105224
308
-3807
-5123
63420
-224
2773
-9211
114100
-364
4509
4005
-49756
196
-2435
-7923
98560
-448
5573
-6271
78064
-252
3137
10557
-131572
784
-9771
1485
-18536
56
-699
-1483
18564
-56
701
10613
-133028
784
-9827
7001
-87808
308
-3863
4033
-50680
196
-2463
3333
-41972
140
-1763
10277
-129584
504
-6355
10081
-127148
364
-4591
-5179
65408
-224
2829
-7811
98728
-308
3893
7533
-95536
532
-6747
-9323
118356
-364
4621
-5907
75040
-280
3557
-4843
61600
-196
2493
2213
-28196
112
-1427
-10135
129444
-364
4649
-6355
81228
-252
3221
5517
-70700
308
-3947
7617
-97804
532
-6831
9381
-120484
364
-4675
3305
-42476
196
-2519
-5235
67424
-224
2885
-5963
76944
-280
3613
-5487
70924
-364
4705
365
-4732
28
-363
-7895
103264
-364
4761
5601
-73304
308
-4031
-4451
58324
-280
3669
17333
-227164
784
-10275
-6439
84448
-252
3305
-5291
69468
-224
2941
3361
-44156
196
-2575
-2995
39452
-168
2213
-12683
167160
-784
10333
3417
-45080
140
-1847
-2631
34748
-140
1849
9521
-125944
364
-4815
2269
-30044
112
-1483
7225
-95872
308
-4087
-4955
65856
-196
2605
-7979
106204
-364
4845
-8315
110712
-448
5965
-12123
161476
-616
8205
-12795
170464
-784
10445
-1903
25396
-84
1121
-5347
71540
-224
2997
-9575
128184
-364
4873
4201
-56392
196
-2631
-8371
112504
-448
6021
-6523
87724
-252
3389
1541
-20776
56
-755
-1539
20804
-56
757
7309
-98980
308
-4171
4229
-57372
196
-2659
3473
-47208
140
-1903
10781
-146720
504
-6859
-5403
73640
-224
3053
-8119
110740
-308
4201
8065
-110348
532
-7279
-9687
132664
-364
4985
-6187
84784
-280
3837
-5039
69132
-196
2689
2325
-31948
112
-1539
-6607
91056
-252
3473
5825
-80472
308
-4255
8149
-112784
532
-7363
9745
-134904
364
-5039
3501
-48496
196
-2715
-5459
75768
-224
3109
-6243
86800
-280
3893
-5851
81480
-364
5069
393
-5488
28
-391
-8259
116284
-364
5125
5909
-83244
308
-4339
-4731
66724
-280
3949
18117
-255556
784
-11059
-6691
94444
-252
3557
-5515
77924
-224
3165
3557
-50288
196
-2771
-3163
44828
-168
2381
-13467
190960
-784
11117
3557
-50484
140
-1987
-2771
39368
-140
1989
9885
-140644
364
-5179
2381
-33908
112
-1595
7533
-107492
308
-4395
-5151
73612
-196
2801
-8343
119392
-364
5209
-8763
125440
-448
6413
-12739
182420
-616
8821
-13579
194488
-784
11229
-1987
28504
-84
1205
-5571
80108
-224
3221
-9939
142996
-364
5237
4397
-63420
196
-2827
-8819
127344
-448
6469
-6775
97888
-252
3641
7617
-110768
308
-4479
4425
-64456
196
-2855
3613
-52724
140
-2043
11285
-164864
504
-7363
-5627
82320
-224
3277
-8427
123368
-308
4509
8597
-126224
532
-7811
-10051
147700
-364
5349
-6467
95088
-280
4117
-5235
77056
-196
2885
2437
-35924
112
-1651
-6859
101388
-252
3725
6133
-90860
308
-4563
8681
-128828
532
-7895
10109
-150052
364
-5403
3697
-54908
196
-2911
-5683
84560
-224
3333
-6523
97216
-280
4173
-6215
92764
-364
5433
421
-6300
28
-419
-8623
130032
-364
5489
6217
-93800
308
-4647
-5011
75684
-280
4229
18901
-285516
784
-11843
-6943
104944
-252
3809
-5739
86828
-224
3389
3753
-56812
196
-2967
-3331
50540
-168
2549
-14251
216328
-784
11901
3697
-56168
140
-2127
-2911
44268
-140
2129
2493
-37996
112
-1707
7841
-119728
308
-4703
-5347
81760
-196
2997
-8707
133308
-364
5573
-9211
141064
-448
6861
-13355
204596
-616
9437
-14363
220080
-784
12013
-2071
31780
-84
1289
-5795
89124
-224
3445
4593
-70840
196
-3023
-9267
143080
-448
6917
-7027
108556
-252
3893
7925
-123172
308
-4787
4621
-71932
196
-3051
3753
-58520
140
-2183
11789
-184016
504
-7867
-5851
91448
-224
3501
9129
-143164
532
-8343
-6747
105952
-280
4397
-5431
85372
-196
3081
2549
-40124
112
-1763
6441
-101864
308
-4871
9213
-145936
532
-8427
3893
-61712
196
-3107
-5907
93800
-224
3557
-6803
108192
-280
4453
-6579
104776
-364
5797
449
-7168
28
-447
-8987
144508
-364
5853
6525
-104972
308
-4955
-5291
85204
-280
4509
19685
-317044
784
-12627
-5963
96180
-224
3613
3949
-63728
196
-3163
-3499
56588
-168
2717
-15035
243264
-784
12685
3837
-62132
140
-2267
-3051
49448
-140
2269
2605
-42308
112
-1819
8149
-132580
308
-5011
-9071
147952
-364
5937
-9659
157584
-448
7309
-13971
228004
-616
10053
-15147
247240
-784
12797
-2155
35224
-84
1373
-6019
98588
-224
3669
4789
-78652
196
-3219
-9715
159712
-448
7365
8233
-136192
308
-5095
4817
-79800
196
-3247
3893
-64596
140
-2323
12293
-204176
504
-8371
-6075
101024
-224
3725
9661
-161168
532
-8875
-7027
117376
-280
4677
2661
-44548
112
-1875
6749
-113484
308
-5179
9745
-164108
532
-8959
4089
-68908
196
-3303
-6131
103488
-224
3781
-7083
119728
-280
4733
-6943
117516
-364
6161
477
-8092
28
-475
-9351
159712
-364
6217
6833
-116760
308
-5263
-5571
95284
-280
4789
-6187
105980
-224
3837
4145
-71036
196
-3359
-3667
62972
-168
2885
-15819
271768
-784
13469
-3191
54908
-140
2409
2717
-46844
112
-1931
8457
-146048
308
-5319
-9435
163324
-364
6301
-10107
175000
-448
7757
-14587
252644
-616
10669
-15931
275968
-784
13581
-2239
38836
-84
1457
-6243
108500
-224
3893
4985
-86856
196
-3415
-10163
177240
-448
7813
8541
-149828
308
-5403
5013
-88060
196
-3443
12797
-225344
504
-8875
10193
-180236
532
-9407
-7307
129360
-280
4957
2773
-49196
112
-1987
7057
-125720
308
-5487
10277
-183344
532
-9491
4285
-76496
196
-3499
-7363
131824
-280
5013
-7307
130984
-364
6525
505
-9072
28
-503
-9715
175644
-364
6581
7141
-129164
308
-5571
-5851
105924
-280
5069
4341
-78736
196
-3555
-3835
69692
-168
3053
-16603
301840
-784
14253
-3331
60648
-140
2549
2829
-51604
112
-2043
-9799
179424
-364
6665
-10555
193312
-448
8205
-15203
278516
-616
11285
-16715
306264
-784
14365
-2323
42616
-84
1541
5181
-95452
196
-3611
-10611
195664
-448
8261
5209
-96712
196
-3639
13301
-247520
504
-9379
10725
-200368
532
-9939
-7587
141904
-280
5237
2885
-54068
112
-2099
7365
-138572
308
-5795
10809
-203644
532
-10023
4481
-84476
196
-3695
-7643
144480
-280
5293
-7671
145180
-364
6889
533
-10108
28
-531
-10079
192304
-364
6945
7449
-142184
308
-5879
-6131
117124
-280
5349
4537
-86828
196
-3751
-4003
76748
-168
3221
-17387
333480
-784
15037
-3471
66668
-140
2689
2941
-56588
112
-2155
-10163
196252
-364
7029
-11003
212520
-448
8653
-15819
305620
-616
11901
5377
-104440
196
-3807
-11059
214984
-448
8709
5405
-105756
196
-3835
13805
-270704
504
-9883
11257
-221564
532
-10471
2997
-59164
112
-2211
7673
-152040
308
-6103
11341
-225008
532
-10555
4677
-92848
196
-3891
-8035
160104
-364
7253
561
-11200
28
-559
7757
-155820
308
-6187
-6411
128884
-280
5629
4733
-95312
196
-3947
-4171
84140
-168
3389
-18171
366688
-784
15821
-3611
72968
-140
2829
3053
-61796
112
-2267
-11451
232624
-448
9101
-16435
333956
-616
12517
-11507
235200
-448
9157
11789
-243824
532
-11003
3109
-64484
112
-2323
7981
-166124
308
-6411
11873
-247436
532
-11087
4873
-101612
196
-4087
-8399
175756
-364
7617
589
-12348
28
-587
8065
-170072
308
-6495
-6691
141204
-280
5909
4929
-104188
196
-4143
-4339
91868
-168
3557
-3751
79548
-140
2969
-11899
253624
-448
9549
-17051
363524
-616
13133
-11955
256312
-448
9605
12321
-267148
532
-11535
8289
-180824
308
-6719
12405
-270928
532
-11619
5069
-110768
196
-4283
-8763
192136
-364
7981
617
-13552
28
-615
8373
-184940
308
-6803
-6971
154084
-280
6189
5125
-113456
196
-4339
-4507
99932
-168
3725
-3891
86408
-140
3109
-12347
275520
-448
9997
-12403
278320
-448
10053
12853
-291536
532
-12067
8597
-196140
308
-7027
12937
-295484
532
-12151
5265
-120316
196
-4479
-9127
209244
-364
8345
645
-14812
28
-643
-7251
167524
-280
6469
5321
-123116
196
-4535
-4675
108332
-168
3893
13385
-316988
532
-12599
13469
-321104
532
-12683
5461
-130256
196
-4675
-9491
227080
-364
8709
673
-16128
28
-671
-7531
181524
-280
6749
13917
-343504
532
-13131
14001
-347788
532
-13215
-9855
245644
-364
9073
701
-17500
28
-699
-7811
196084
-280
7029
14449
-371084
532
-13663
14533
-375536
532
-13747
729
-18928
28
-727
757
-20412
28
-755
