1
35
0
1
-1224
35
-35
1
-4969
280
-1260
71
36821
-2135
1190
-69
-9834
595
-595
36
13511
-875
525
-34
31921
-2170
1015
-69
-27019
1890
-1015
71
9836
-735
455
-34
-11059
875
-455
36
-4969
420
-840
71
36891
-3185
1610
-139
12286
-1085
385
-34
-8609
805
-385
36
-12319
1190
-735
71
7421
-770
665
-69
6161
-665
315
-34
-4969
560
-630
71
19811
-2275
1820
-209
15996
-1855
595
-69
-12319
1470
-595
71
-13579
1645
-875
106
6231
-805
805
-104
-1329
175
-805
106
1261
-175
245
-34
-7384
1085
-245
36
14771
-2240
455
-69
-9869
1540
-455
71
-16029
2555
-665
106
-29539
4760
-875
141
1436
-245
1225
-209
19951
-3430
2030
-349
8716
-1505
805
-139
5006
-875
595
-104
7421
-1330
385
-69
-9869
1820
-385
71
1261
-245
175
-34
-4934
1015
-175
36
-20964
4445
-665
141
17326
-3745
805
-174
-7524
1645
-805
176
-4969
1120
-315
71
-15049
3430
-1540
351
-7629
1750
-1225
281
-2554
595
-455
106
-8714
2065
-595
141
-12424
2975
-735
176
-29609
7140
-875
211
-13719
3325
-1015
246
13791
-3535
1225
-314
-29714
7665
-1225
316
6371
-1645
945
-244
6336
-1645
805
-209
21001
-5495
665
-174
13616
-3605
525
-139
8681
-2345
385
-104
-6229
1715
-385
106
4971
-1400
245
-69
-3744
1085
-245
71
-12424
3675
-595
176
10046
-3045
805
-244
5041
-1540
455
-139
-9939
3080
-455
141
-5249
1645
-1120
351
10221
-3220
1330
-419
2486
-805
105
-34
5321
-1820
1225
-419
35071
-12040
2240
-769
19951
-6860
1015
-349
-18724
6475
-1015
351
21106
-7315
805
-279
-1504
525
-805
281
3886
-1365
595
-209
-8784
3115
-595
211
5041
-1820
385
-139
-9939
3640
-385
141
-13719
5075
-665
246
-27649
10255
-1890
701
-7804
2905
-1225
456
24886
-9415
1015
-384
-27334
10395
-1015
386
9976
-3815
455
-174
-2624
1015
-455
176
4971
-1960
175
-69
-1294
525
-175
71
-16169
6685
-595
246
21106
-8855
665
-279
2556
-1085
245
-104
-6229
2695
-245
106
6266
-2765
315
-139
17606
-7875
1015
-454
-4129
1855
-1015
456
8751
-3955
385
-174
14036
-6405
1225
-559
-29959
13720
-1225
561
3886
-1785
455
-209
-1434
665
-455
211
3956
-1855
595
-279
-10079
4760
-595
281
-21139
10045
-665
316
17536
-8365
805
-384
-18759
8995
-805
386
-13894
6685
-875
421
24991
-12040
1015
-489
-13964
6755
-1015
491
-10324
5005
-1085
526
11621
-5635
1225
-594
71
-35
140
-69
40391
-20790
2310
-1189
28736
-14805
1085
-559
22576
-11655
1015
-524
-11549
5985
-1015
526
17606
-9135
875
-454
10221
-5320
805
-419
-11444
5985
-805
421
2801
-1470
665
-349
11341
-5985
595
-314
-17464
9275
-595
316
14946
-8015
455
-244
-12494
6755
-455
246
-5809
3150
-1680
911
12671
-6895
770
-419
-5109
2800
-385
211
32411
-17850
1015
-559
-18934
10465
-1015
561
-5074
2835
-315
176
2591
-1470
245
-139
-6264
3605
-245
141
-2834
1645
-665
386
5251
-3080
595
-349
5006
-2975
175
-104
-1329
805
-175
106
13756
-8435
455
-279
-6404
3955
-455
281
9206
-5705
1015
-629
-11654
7245
-1015
631
-5249
3290
-560
351
-8119
5110
-1225
771
10221
-6440
665
-419
3921
-2485
385
-244
-8819
5635
-385
246
12636
-8155
595
-384
-17534
11375
-595
386
27476
-17885
805
-524
-7874
5145
-805
526
17816
-11655
1015
-664
-16589
10885
-1015
666
5706
-3745
1225
-804
2591
-1715
210
-139
-1294
875
-105
71
20441
-14000
1225
-839
-24114
16555
-1225
841
6441
-4445
455
-314
-11339
7875
-455
316
-18934
13195
-805
561
8996
-6335
595
-419
5076
-3605
245
-174
-3849
2765
-245
176
7631
-5530
385
-279
-5179
3780
-385
281
-5284
3885
-525
386
-2939
2170
-665
491
-22644
16765
-805
596
-27649
20510
-945
701
-11409
8470
-2170
1611
5111
-3815
280
-209
22821
-17290
1015
-769
1891
-1435
875
-664
14036
-10675
735
-559
12706
-9695
595
-454
13826
-10605
455
-349
-12949
9975
-910
701
-8294
6405
-1225
946
6371
-4935
315
-244
21456
-16765
805
-629
-11654
9135
-805
631
2976
-2345
665
-524
1366
-1085
175
-139
-5039
4060
-175
141
3991
-3255
385
-314
-6439
5285
-385
316
-16414
13545
-595
491
-20264
16765
-805
666
2241
-1855
1225
-1014
10151
-8435
420
-349
1961
-1645
875
-734
7911
-6650
665
-559
6511
-5495
455
-384
-1609
1365
-455
386
1436
-1225
245
-209
-7559
6510
-245
211
27651
-24010
805
-699
-22749
19810
-805
701
17921
-15750
875
-769
9101
-8015
595
-524
-5424
4795
-595
526
20686
-18305
1225
-1084
-24359
21595
-1225
1086
-5179
4620
-315
281
-16519
14805
-665
596
14141
-12775
735
-664
5251
-4760
385
-349
-1574
1435
-385
351
12146
-11095
1225
-1119
-32969
30170
-1225
1121
5321
-4900
455
-419
-6544
6055
-455
421
9521
-8855
1015
-944
-4619
4305
-1015
946
-5389
5040
-525
491
11586
-10885
595
-559
6056
-5705
1225
-1154
-39129
36925
-1225
1156
36
-35
35
-34
-10429
11060
-595
631
14036
-14945
525
-559
32936
-35175
1015
-1084
-28034
29995
-1015
1086
10291
-11060
455
-489
-11514
12425
-455
491
-5809
6300
-840
911
38501
-41825
1610
-1749
12671
-13790
385
-419
-8994
9835
-385
421
-13054
14315
-735
806
8086
-8925
665
-734
6476
-7175
315
-349
-5599
6230
-630
701
21631
-24115
1820
-2029
16591
-18515
595
-664
-12914
14455
-595
666
-14454
16205
-875
981
7036
-7945
805
-909
-2134
2415
-805
911
1506
-1715
245
-279
-7629
8750
-245
281
15226
-17535
455
-524
-10324
11935
-455
526
-16694
19355
-665
771
-30414
35315
-875
1016
2661
-3115
1225
-1434
9521
-11165
805
-944
5601
-6580
595
-699
7806
-9205
385
-454
-10254
12145
-385
456
1436
-1715
175
-209
-5109
6160
-175
211
-21629
26215
-665
806
18131
-22050
805
-979
-8329
10150
-805
981
-5284
6475
-315
386
-16589
20370
-1540
1891
-8854
10885
-1225
1506
-3009
3710
-455
561
-9309
11515
-595
736
-13159
16310
-735
911
-30484
37835
-875
1086
-14734
18305
-1015
1261
15016
-18865
1225
-1539
-30939
38920
-1225
1541
7316
-9205
945
-1189
7141
-8995
805
-1014
21666
-27335
665
-839
14141
-17885
525
-664
9066
-11515
385
-489
-6614
8435
-385
491
5216
-6685
245
-314
-3989
5145
-245
316
-13019
16870
-595
771
10851
-14140
805
-1049
5496
-7175
455
-594
-10394
13615
-455
596
-6369
8365
-1120
1471
11551
-15190
1330
-1749
2591
-3430
105
-139
6546
-8785
1225
-1644
37311
-50120
2240
-3009
20966
-28175
1015
-1364
-19739
26565
-1015
1366
21911
-29505
805
-1084
-2309
3115
-805
1086
4481
-6055
595
-804
-9379
12705
-595
806
5426
-7385
385
-524
-10324
14105
-385
526
-14384
19705
-665
911
-29539
40495
-1890
2591
-9029
12390
-1225
1681
25901
-35700
1015
-1399
-28349
39130
-1015
1401
10431
-14420
455
-629
-3079
4270
-455
631
5146
-7175
175
-244
-1469
2065
-175
246
-16764
23695
-595
841
21771
-30905
665
-944
2801
-3990
245
-349
-6474
9275
-245
351
6581
-9485
315
-454
18621
-26950
1015
-1469
-5144
7455
-1015
1471
9136
-13265
385
-559
15261
-22225
1225
-1784
-31184
45465
-1225
1786
4341
-6335
455
-664
-1889
2765
-455
666
4551
-6685
595
-874
-10674
15715
-595
876
-21804
32165
-665
981
18341
-27090
805
-1189
-19564
28945
-805
1191
-14769
21875
-875
1296
26006
-38535
1015
-1504
-14979
22225
-1015
1506
-11409
16940
-1085
1611
12846
-19075
1225
-1819
211
-315
140
-209
42701
-64680
2310
-3499
29821
-45185
1085
-1644
23591
-35770
1015
-1539
-12564
19075
-1015
1541
18481
-28070
875
-1329
11026
-16765
805
-1224
-12249
18655
-805
1226
3466
-5285
665
-1014
11936
-18235
595
-909
-18059
27650
-595
911
15401
-23660
455
-699
-12949
19950
-455
701
-7489
11550
-1680
2591
13441
-20755
770
-1189
-5494
8505
-385
596
33426
-51835
1015
-1574
-19949
30975
-1015
1576
-5389
8400
-315
491
2836
-4445
245
-384
-6509
10255
-245
386
-3499
5530
-665
1051
5846
-9275
595
-944
5181
-8260
175
-279
-1504
2415
-175
281
14211
-22925
455
-734
-6859
11095
-455
736
10221
-16555
1015
-1644
-12669
20545
-1015
1646
-5809
9450
-560
911
-9344
15225
-1225
1996
10886
-17745
665
-1084
4306
-7035
385
-629
-9204
15085
-385
631
13231
-21770
595
-979
-18129
29890
-595
981
-8679
14350
-805
1331
18831
-31150
1015
-1679
-17604
29155
-1015
1681
6931
-11480
1225
-2029
2801
-4655
210
-349
-1399
2345
-105
176
21666
-36505
1225
-2064
-25339
42735
-1225
2066
6896
-11655
455
-769
-11794
19985
-455
771
-19739
33495
-805
1366
9591
-16345
595
-1014
5321
-9100
245
-419
-4094
7035
-245
421
8016
-13825
385
-664
-5564
9625
-385
666
-5809
10080
-525
911
-3604
6265
-665
1156
-23449
40810
-805
1401
-28594
49805
-945
1646
-13579
23660
-2170
3781
5391
-9415
280
-489
23836
-41895
1015
-1784
2766
-4865
875
-1539
14771
-26005
735
-1294
13301
-23450
595
-1049
14281
-25235
455
-804
-13859
24535
-910
1611
-9519
16870
-1225
2171
6686
-11865
315
-559
22261
-39655
805
-1434
-12459
22225
-805
1436
3641
-6510
665
-1189
1541
-2765
175
-314
-5214
9415
-175
316
4376
-7945
385
-699
-6824
12425
-385
701
-17009
31045
-595
1086
-21069
38500
-805
1471
3466
-6335
1225
-2239
2836
-5215
875
-1609
8576
-15785
665
-1224
6966
-12845
455
-839
-2064
3815
-455
841
1681
-3115
245
-454
-7804
14525
-245
456
-23554
44065
-805
1506
18796
-35315
875
-1644
9696
-18235
595
-1119
-6019
11340
-595
1121
21911
-41300
1225
-2309
-25584
48265
-1225
2311
-5494
10395
-315
596
-17184
32585
-665
1261
14876
-28315
735
-1399
5636
-10745
385
-734
-1959
3745
-385
736
13371
-25585
1225
-2344
-34194
65485
-1225
2346
5776
-11095
455
-874
-6999
13475
-455
876
10536
-20335
1015
-1959
-5634
10885
-1015
1961
-5914
11445
-525
1016
12181
-23625
595
-1154
7281
-14140
1225
-2379
-40354
78435
-1225
2381
71
-140
35
-69
-11024
22715
-595
1226
14561
-30065
525
-1084
33951
-70210
1015
-2099
-29049
60130
-1015
2101
10746
-22295
455
-944
-11969
24885
-455
946
-6649
13860
-840
1751
40111
-83685
1610
-3359
13056
-27265
385
-804
-9379
19635
-385
806
-13789
28910
-735
1541
8751
-18410
665
-1399
6791
-14315
315
-664
-6229
13160
-630
1331
23451
-49595
1820
-3849
17186
-36365
595
-1259
-13509
28630
-595
1261
-15329
32515
-875
1856
7841
-16695
805
-1714
-2939
6265
-805
1716
1751
-3745
245
-524
-7874
16905
-245
526
15681
-33740
455
-979
-10779
23240
-455
981
-17359
37485
-665
1436
3886
-8435
1225
-2659
10326
-22435
805
-1749
6196
-13475
595
-1294
8191
-17850
385
-839
-10639
23240
-385
841
1611
-3535
175
-384
-5284
11655
-175
386
-22294
49315
-665
1471
18936
-41965
805
-1784
-9134
20265
-805
1786
-5599
12460
-315
701
-18129
40390
-1540
3431
-10079
22470
-1225
2731
-3464
7735
-455
1016
-9904
22155
-595
1331
-13894
31115
-735
1646
-15749
35315
-1015
2276
16241
-36645
1225
-2764
-32164
72625
-1225
2766
8261
-18655
945
-2134
7946
-17955
805
-1819
22331
-50505
665
-1504
14666
-33215
525
-1189
9451
-21455
385
-874
-6999
15925
-385
876
5461
-12460
245
-559
-4234
9695
-245
561
-13614
31255
-595
1366
11656
-26845
805
-1854
5951
-13720
455
-1049
-10849
25060
-455
1051
-7489
17325
-1120
2591
12881
-29820
1330
-3079
2696
-6265
105
-244
7771
-18200
1225
-2869
39551
-92680
2240
-5249
21981
-51520
1015
-2379
-20754
48685
-1015
2381
22716
-53305
805
-1889
-3114
7315
-805
1891
5076
-11935
595
-1399
-9974
23485
-595
1401
5811
-13720
385
-909
-10709
25340
-385
911
-15049
35665
-665
1576
-31429
74515
-1890
4481
-10254
24325
-1225
2906
26916
-64015
1015
-2414
-29364
69895
-1015
2416
10886
-25935
455
-1084
-3534
8435
-455
1086
5321
-12740
175
-419
-1644
3955
-175
421
-17359
41895
-595
1436
22436
-54285
665
-1609
3046
-7385
245
-594
-6719
16345
-245
596
6896
-16835
315
-769
19636
-48055
1015
-2484
-6159
15085
-1015
2486
9521
-23345
385
-944
16486
-40495
1225
-3009
-32409
79660
-1225
3011
4796
-11795
455
-1119
-2344
5775
-455
1121
5146
-12705
595
-1469
-11269
27860
-595
1471
-22469
55615
-665
1646
19146
-47425
805
-1994
-20369
50505
-805
1996
-15644
38815
-875
2171
27021
-67060
1015
-2519
-15994
39725
-1015
2521
-12494
31045
-1085
2696
14071
-34965
1225
-3044
351
-875
140
-349
45011
-113190
2310
-5809
30906
-77735
1085
-2729
24606
-61915
1015
-2554
-13579
34195
-1015
2556
19356
-48755
875
-2204
11831
-29820
805
-2029
-13054
32935
-805
2031
4131
-10430
665
-1679
12531
-31675
595
-1504
-18654
47215
-595
1506
15856
-40215
455
-1154
-13404
34055
-455
1156
-9169
23310
-1680
4271
14211
-36155
770
-1959
-5879
14980
-385
981
34441
-87850
1015
-2589
-20964
53515
-1015
2591
-5704
14595
-315
806
3081
-7910
245
-629
-6754
17395
-245
631
-4164
10745
-665
1716
6441
-16660
595
-1539
5356
-13895
175
-454
-1679
4375
-175
456
14666
-38325
455
-1189
-7314
19145
-455
1191
11236
-29435
1015
-2659
-13684
35875
-1015
2661
-6369
16730
-560
1471
-10569
27790
-1225
3221
11551
-30380
665
-1749
4691
-12355
385
-1014
-9589
25305
-385
1016
13826
-36575
595
-1574
-18724
49595
-595
1576
-9484
25165
-805
2136
19846
-52675
1015
-2694
-18619
49455
-1015
2696
8156
-21665
1225
-3254
3011
-8015
210
-559
-1504
4025
-105
281
22891
-61460
1225
-3289
-26564
71365
-1225
3291
7351
-19775
455
-1224
-12249
33005
-455
1226
-20544
55405
-805
2171
10186
-27545
595
-1609
5566
-15085
245
-664
-4339
11795
-245
666
8401
-22890
385
-1049
-5949
16240
-385
1051
-6334
17325
-525
1436
-4269
11690
-665
1821
-24254
66465
-805
2206
-29539
80990
-945
2591
-15749
43190
-2170
5951
5671
-15575
280
-769
24851
-68530
1015
-2799
3641
-10045
875
-2414
15506
-42805
735
-2029
13896
-38395
595
-1644
14736
-40775
455
-1259
-14769
40915
-910
2521
-10744
29785
-1225
3396
7001
-19425
315
-874
23066
-64155
805
-2239
-13264
36925
-805
2241
4306
-12005
665
-1854
1716
-4795
175
-489
-5389
15120
-175
491
4761
-13405
385
-1084
-7209
20335
-385
1086
-17604
49735
-595
1681
-21874
61845
-805
2276
4691
-13265
1225
-3464
3711
-10535
875
-2484
9241
-26250
665
-1889
7421
-21105
455
-1294
-2519
7175
-455
1296
1926
-5495
245
-699
-8049
23030
-245
701
-24359
69930
-805
2311
19671
-56630
875
-2519
10291
-29645
595
-1714
-6614
19075
-595
1716
23136
-66745
1225
-3534
-26809
77385
-1225
3536
-5809
16800
-315
911
-17849
51695
-665
1926
15611
-45325
735
-2134
6021
-17500
385
-1119
-2344
6825
-385
1121
14596
-42525
1225
-3569
-35419
103250
-1225
3571
6231
-18200
455
-1329
-7454
21805
-455
1331
11551
-33845
1015
-2974
-6649
19495
-1015
2976
-6439
18900
-525
1541
12776
-37555
595
-1749
8506
-25025
1225
-3604
-41579
122395
-1225
3606
106
-315
35
-104
-11619
35560
-595
1821
15086
-46235
525
-1609
34966
-107275
1015
-3114
-30064
92295
-1015
3116
11201
-34440
455
-1399
-12424
38255
-455
1401
-7489
23100
-840
2591
41721
-128765
1610
-4969
13441
-41510
385
-1189
-9764
30205
-385
1191
-14524
44975
-735
2276
9416
-29225
665
-2064
7106
-22085
315
-979
-6859
21350
-630
1961
25271
-78715
1820
-5669
17781
-55405
595
-1854
-14104
43995
-595
1856
-16204
50575
-875
2731
8646
-27055
805
-2519
-3744
11725
-805
2521
1996
-6265
245
-769
-8119
25550
-245
771
-11234
35455
-455
1436
-18024
56945
-665
2101
5111
-16205
1225
-3884
11131
-35315
805
-2554
6791
-21560
595
-1889
8576
-27265
385
-1224
-11024
35105
-385
1226
1786
-5705
175
-559
-5459
17500
-175
561
-22959
73745
-665
2136
19741
-63490
805
-2589
-9939
31990
-805
2591
-5914
19075
-315
1016
-19669
63490
-1540
4971
-11304
36505
-1225
3956
-3919
12670
-455
1471
-10499
33985
-595
1926
-14629
47390
-735
2381
-16764
54355
-1015
3291
17466
-56875
1225
-3989
-33389
108780
-1225
3991
9206
-29995
945
-3079
8751
-28525
805
-2624
22996
-75005
665
-2169
15191
-49595
525
-1714
9836
-32165
385
-1259
-7384
24185
-385
1261
5706
-18725
245
-804
-4479
14735
-245
806
-14209
46830
-595
1961
12461
-41160
805
-2659
6406
-21175
455
-1504
-11304
37415
-455
1506
-8609
28525
-1120
3711
14211
-47110
1330
-4409
2801
-9310
105
-349
8996
-30065
1225
-4094
41791
-139720
2240
-7489
22996
-76895
1015
-3394
-21769
72835
-1015
3396
23521
-78715
805
-2694
-3919
13125
-805
2696
5671
-19005
595
-1994
-10569
35455
-595
1996
6196
-20825
385
-1294
-11094
37345
-385
1296
-15714
52955
-665
2241
-33319
112315
-1890
6371
-11479
38710
-1225
4131
27931
-94360
1015
-3429
-30379
102690
-1015
3431
11341
-38360
455
-1539
-3989
13510
-455
1541
5496
-18655
175
-594
-1819
6195
-175
596
-17954
61285
-595
2031
23101
-78995
665
-2274
3291
-11270
245
-839
-6964
23905
-245
841
7211
-24815
315
-1084
20651
-71190
1015
-3499
-7174
24745
-1015
3501
9906
-34195
385
-1329
17711
-61215
1225
-4234
5251
-18165
455
-1574
-2799
9695
-455
1576
5741
-19915
595
-2064
-11864
41195
-595
2066
-23134
80395
-665
2311
19951
-69370
805
-2799
-21174
73675
-805
2801
-16519
57505
-875
3046
28036
-97615
1015
-3534
-17009
59255
-1015
3536
-13579
47320
-1085
3781
15296
-53305
1225
-4269
491
-1715
140
-489
47321
-166320
2310
-8119
31991
-112455
1085
-3814
25621
-90090
1015
-3569
-14594
51345
-1015
3571
20231
-71190
875
-3079
12636
-44485
805
-2834
-13859
48825
-805
2836
4796
-16905
665
-2344
13126
-46305
595
-2099
-19249
67970
-595
2101
-13859
49070
-455
1611
-10849
38430
-1680
5951
14981
-53095
770
-2729
-6264
22225
-385
1366
35456
-125895
1015
-3604
-21979
78085
-1015
3606
-6019
21420
-315
1121
3326
-11865
245
-874
-6999
25025
-245
876
-4829
17290
-665
2381
7036
-25235
595
-2134
5531
-19880
175
-629
-1854
6685
-175
631
15121
-54635
455
-1644
-7769
28105
-455
1646
12251
-44345
1015
-3674
-14699
53235
-1015
3676
-6929
25130
-560
2031
-11794
42805
-1225
4446
12216
-44345
665
-2414
5076
-18445
385
-1399
-9974
36295
-385
1401
14421
-52570
595
-2169
-19319
70490
-595
2171
-10289
37590
-805
2941
20861
-76230
1015
-3709
-19634
71785
-1015
3711
9381
-34300
1225
-4479
3221
-11795
210
-769
-1609
5915
-105
386
24116
-88865
1225
-4514
-27789
102445
-1225
4516
7806
-28805
455
-1679
-12704
46935
-455
1681
-21349
78925
-805
2976
10781
-39935
595
-2204
5811
-21560
245
-909
-4584
17045
-245
911
8786
-32725
385
-1434
-6334
23625
-385
1436
-6859
25620
-525
1961
-4934
18445
-665
2486
-25059
93730
-805
3011
-30484
114065
-945
3536
-17919
67060
-2170
8121
5951
-22295
280
-1049
25866
-97195
1015
-3814
4516
-16975
875
-3289
16241
-61075
735
-2764
14491
-54530
595
-2239
15191
-57225
455
-1714
-15679
59115
-910
3431
-11969
45150
-1225
4621
7316
-27615
315
-1189
23871
-90265
805
-3044
-14069
53235
-805
3046
4971
-18830
665
-2519
1891
-7175
175
-664
-5564
21175
-175
666
5146
-19635
385
-1469
-7594
29015
-385
1471
-18199
69615
-595
2276
-22679
86800
-805
3081
5916
-22645
1225
-4689
4586
-17605
875
-3359
9906
-38045
665
-2554
7876
-30275
455
-1749
-2974
11445
-455
1751
2171
-8365
245
-944
-8294
32025
-245
946
-25164
97405
-805
3116
20546
-79695
875
-3394
10886
-42245
595
-2309
-7209
28000
-595
2311
24361
-94640
1225
-4759
-28034
108955
-1225
4761
-6124
23835
-315
1226
-18514
72135
-665
2591
16346
-63805
735
-2869
6406
-25025
385
-1504
-2729
10675
-385
1506
15821
-61915
1225
-4794
-36644
143465
-1225
4796
6686
-26215
455
-1784
-7909
31045
-455
1786
12566
-49385
1015
-3989
-7664
30135
-1015
3991
-6964
27405
-525
2066
13371
-52675
595
-2344
9731
-38360
1225
-4829
141
-560
35
-139
-12214
49595
-595
2416
15611
-63455
525
-2134
-31079
126490
-1015
4131
11656
-47495
455
-1854
-12879
52535
-455
1856
-10149
41545
-385
1576
-15259
62510
-735
3011
10081
-41370
665
-2729
7421
-30485
315
-1294
-7489
30800
-630
2591
27091
-111475
1820
-7489
18376
-75635
595
-2449
-14699
60550
-595
2451
-17079
70385
-875
3606
9451
-39025
805
-3324
-4549
18795
-805
3326
2241
-9275
245
-1014
-8364
34685
-245
1016
-11689
48580
-455
1891
-18689
77735
-665
2766
6336
-26425
1225
-5109
11936
-49805
805
-3359
7386
-30835
595
-2484
8961
-37450
385
-1609
-11409
47740
-385
1611
1961
-8225
175
-734
-5634
23695
-175
736
20546
-86625
805
-3394
-10744
45325
-805
3396
-6229
26320
-315
1331
-21209
89670
-1540
6511
-12529
52990
-1225
5181
-4374
18515
-455
1926
-11094
47005
-595
2521
-15364
65135
-735
3116
-17779
75425
-1015
4306
18691
-79555
1225
-5214
-34614
147385
-1225
5216
10151
-43225
945
-4024
9556
-40705
805
-3429
15716
-67025
525
-2239
10221
-43645
385
-1644
-7769
33215
-385
1646
5951
-25480
245
-1049
-4724
20265
-245
1051
-14804
63595
-595
2556
13266
-57085
805
-3464
6861
-29540
455
-1959
-11759
50680
-455
1961
-9729
41965
-1120
4831
15541
-67060
1330
-5739
2906
-12565
105
-454
10221
-44380
1225
-5319
24011
-104300
1015
-4409
-22784
99015
-1015
4411
24326
-105735
805
-3499
-4724
20545
-805
3501
6266
-27265
595
-2589
-11164
48615
-595
2591
6581
-28700
385
-1679
-11479
50120
-385
1681
-16379
71575
-665
2906
-35209
153895
-1890
8261
-12704
55545
-1225
5356
28946
-126735
1015
-4444
-31394
137515
-1015
4446
11796
-51695
455
-1994
-4444
19495
-455
1996
5671
-24920
175
-769
-1994
8785
-175
771
-18549
81865
-595
2626
3536
-15645
245
-1084
-7209
31955
-245
1086
7526
-33425
315
-1399
21666
-96355
1015
-4514
-8189
36435
-1015
4516
10291
-45815
385
-1714
18936
-84385
1225
-5459
5706
-25445
455
-2029
-3254
14525
-455
2031
6336
-28315
595
-2659
-12459
55720
-595
2661
20756
-92925
805
-3604
-21979
98455
-805
3606
-17394
77945
-875
3921
29051
-130200
1015
-4549
-18024
80815
-1015
4551
-14664
65765
-1085
4866
16521
-74095
1225
-5494
631
-2835
140
-629
49631
-224070
2310
-10429
33076
-149345
1085
-4899
26636
-120295
1015
-4584
-15609
70525
-1015
4586
21106
-95375
875
-3954
13441
-60760
805
-3639
-14664
66325
-805
3641
5461
-24710
665
-3009
13721
-62125
595
-2694
-19844
89915
-595
2696
-14314
64995
-455
2066
-12529
56910
-1680
7631
15751
-71575
770
-3499
-6649
30240
-385
1751
-22994
104685
-1015
4621
-6334
28875
-315
1436
3571
-16310
245
-1119
-7244
33145
-245
1121
-5494
25165
-665
3046
7631
-35000
595
-2729
5706
-26215
175
-804
-2029
9345
-175
806
15576
-71855
455
-2099
-8224
37975
-455
2101
13266
-61285
1015
-4689
-15714
72625
-1015
4691
-7489
34650
-560
2591
-13019
60270
-1225
5671
12881
-59640
665
-3079
5461
-25305
385
-1784
-10359
48055
-385
1786
15016
-69755
595
-2764
-19914
92575
-595
2766
-11094
51625
-805
3746
21876
-101815
1015
-4724
-20649
96145
-1015
4726
10606
-49385
1225
-5704
-1714
8015
-105
491
25341
-118720
1225
-5739
8261
-38745
455
-2134
-13159
61775
-455
2136
-22154
104055
-805
3781
11376
-53515
595
-2799
6056
-28525
245
-1154
-4829
22785
-245
1156
9171
-43330
385
-1819
-6719
31780
-385
1821
-7384
34965
-525
2486
-5599
26530
-665
3151
-25864
122605
-805
3816
-31429
149030
-945
4481
-20089
95270
-2170
10291
6231
-29575
280
-1329
26881
-127890
1015
-4829
5391
-25655
875
-4164
16976
-80815
735
-3499
15086
-71855
595
-2834
15646
-74585
455
-2169
-16589
79135
-910
4341
-13194
62965
-1225
5846
7631
-36435
315
-1504
24676
-117985
805
-3849
-14874
71155
-805
3851
5636
-26985
665
-3184
2066
-9905
175
-839
-5739
27580
-175
841
5531
-26635
385
-1854
-7979
38465
-385
1856
-18794
90685
-595
2871
-23484
113365
-805
3886
7141
-34475
1225
-5914
5461
-26425
875
-4234
10571
-51170
665
-3219
8331
-40355
455
-2204
-3429
16625
-455
2206
2416
-11725
245
-1189
-8539
41510
-245
1191
-25969
126490
-805
3921
21421
-104510
875
-4269
11481
-56035
595
-2904
-7804
38115
-595
2906
25586
-124985
1225
-5984
-29259
142975
-1225
5986
-6439
31500
-315
1541
-19179
93905
-665
3256
17081
-83755
735
-3604
6791
-33320
385
-1889
-3114
15295
-385
1891
17046
-83755
1225
-6019
-37869
186130
-1225
6021
7141
-35140
455
-2239
-8364
41195
-455
2241
13581
-66955
1015
-5004
-8679
42805
-1015
5006
-7489
36960
-525
2591
13966
-68985
595
-2939
10956
-54145
1225
-6054
176
-875
35
-174
-12809
64820
-595
3011
16136
-81725
525
-2659
-32094
162715
-1015
5146
12111
-61460
455
-2309
-13334
67725
-455
2311
-10534
53655
-385
1961
-15994
81515
-735
3746
10746
-54845
665
-3394
7736
-39515
315
-1609
-8119
41510
-630
3221
28911
-147875
1820
-9309
18971
-97055
595
-3044
-15294
78295
-595
3046
-17954
91945
-875
4481
10256
-52605
805
-4129
-5354
27475
-805
4131
2486
-12775
245
-1259
-12144
62615
-455
2346
-19354
99855
-665
3431
7561
-39095
1225
-6334
12741
-65905
805
-4164
7981
-41300
595
-3079
9346
-48405
385
-1994
-11794
61145
-385
1996
2136
-11095
175
-909
-5809
30240
-175
911
21351
-111370
805
-4199
-11549
60270
-805
4201
-6544
34195
-315
1646
-22749
118930
-1540
8051
-13754
71925
-1225
6406
-4829
25270
-455
2381
-11689
61215
-595
3116
-16099
84350
-735
3851
-18794
98525
-1015
5321
19916
-104685
1225
-6439
11096
-58345
945
-4969
10361
-54495
805
-4234
16241
-85505
525
-2764
10606
-55895
385
-2029
-8154
43015
-385
2031
6196
-32725
245
-1294
-4969
26285
-245
1296
-15399
81550
-595
3151
14071
-74620
805
-4269
7316
-38815
455
-2414
-12214
64855
-455
2416
-10849
57645
-1120
5951
16871
-89670
1330
-7069
3011
-16030
105
-559
11446
-61145
1225
-6544
25026
-133735
1015
-5424
-23799
127225
-1015
5426
25131
-134365
805
-4304
-5529
29575
-805
4306
6861
-36715
595
-3184
-11759
62965
-595
3186
6966
-37345
385
-2064
-11864
63665
-385
2066
-17044
91525
-665
3571
-37099
199255
-1890
10151
-13929
74830
-1225
6581
29961
-161140
1015
-5459
-32409
174370
-1015
5461
12251
-65940
455
-2449
-4899
26390
-455
2451
5846
-31535
175
-944
-2169
11725
-175
946
-19144
103635
-595
3221
3781
-20510
245
-1329
-7454
40495
-245
1331
7841
-42665
315
-1714
22681
-123550
1015
-5529
-9204
50155
-1015
5531
10676
-58205
385
-2099
20161
-110005
1225
-6684
6161
-33635
455
-2484
-3709
20265
-455
2486
6931
-37905
595
-3254
-13054
71435
-595
3256
21561
-118090
805
-4409
-22784
124845
-805
4411
-18269
100135
-875
4796
30066
-164815
1015
-5564
-19039
104405
-1015
5566
-15749
86380
-1085
5951
17746
-97335
1225
-6719
771
-4235
140
-769
51941
-286440
2310
-12739
34161
-188405
1085
-5984
27651
-152530
1015
-5599
-16624
91735
-1015
5601
21981
-121310
875
-4829
14246
-78645
805
-4444
-15469
85435
-805
4446
6126
-33845
665
-3674
14316
-79135
595
-3289
-20439
113050
-595
3291
-14769
81830
-455
2521
-14209
78750
-1680
9311
16521
-91595
770
-4269
-7034
39025
-385
2136
-24009
133315
-1015
5636
-6649
36960
-315
1751
3816
-21245
245
-1364
-7489
41755
-245
1366
-6159
34370
-665
3711
8226
-45955
595
-3324
5881
-32900
175
-979
-2204
12355
-175
981
-8679
48755
-455
2556
14281
-80255
1015
-5704
-16729
94045
-1015
5706
-8049
45290
-560
3151
-14244
80185
-1225
6896
13546
-76265
665
-3744
5846
-32935
385
-2169
-10744
60585
-385
2171
15611
-88130
595
-3359
-20509
115850
-595
3361
-11899
67270
-805
4551
22891
-129430
1015
-5739
-21664
122535
-1015
5741
11831
-66920
1225
-6929
-1819
10325
-105
596
26566
-151025
1225
-6964
8716
-49595
455
-2589
-13614
77525
-455
2591
-22959
130795
-805
4586
11971
-68285
595
-3394
6301
-35980
245
-1399
-5074
29015
-245
1401
9556
-54705
385
-2204
-7104
40705
-385
2206
-7909
45360
-525
3011
-6264
35945
-665
3816
-26669
153090
-805
4621
-32374
185885
-945
5426
-22259
127820
-2170
12461
6511
-37415
280
-1609
27896
-160615
1015
-5844
6266
-36085
875
-5039
17711
-102025
735
-4234
15681
-90370
595
-3429
-17499
100975
-910
5251
-14419
83230
-1225
7071
7946
-45885
315
-1819
25481
-147315
805
-4654
-15679
90685
-805
4656
6301
-36470
665
-3849
2241
-12985
175
-1014
-5914
34335
-175
1016
5916
-34405
385
-2239
-8364
48685
-385
2241
-19389
112945
-595
3466
-24289
141540
-805
4691
8366
-48755
1225
-7139
6336
-36995
875
-5109
11236
-65625
665
-3884
8786
-51345
455
-2659
-3884
22715
-455
2661
2661
-15575
245
-1434
-26774
157185
-805
4726
22296
-131075
875
-5144
12076
-71015
595
-3499
-8399
49420
-595
3501
26811
-157780
1225
-7209
-30484
179445
-1225
7211
-6754
39795
-315
1856
-19844
117005
-665
3921
17816
-105175
735
-4339
7176
-42385
385
-2274
-3499
20685
-385
2276
18271
-108045
1225
-7244
7596
-44975
455
-2694
-8819
52255
-455
2696
14596
-86555
1015
-6019
-9694
57505
-1015
6021
-8014
47565
-525
3116
14561
-86485
595
-3534
12181
-72380
1225
-7279
211
-1260
35
-209
-13404
81235
-595
3606
16661
-101045
525
-3184
-33109
200970
-1015
6161
12566
-76335
455
-2764
-13789
83825
-455
2766
-10919
66535
-385
2346
-16729
101990
-735
4481
11411
-69650
665
-4059
8051
-49175
315
-1924
-8749
53480
-630
3851
30731
-187915
1820
-11129
19566
-119665
595
-3639
-15889
97230
-595
3641
-18829
115255
-875
5356
11061
-67795
805
-4934
-6159
37765
-805
4936
2731
-16765
245
-1504
-12599
77560
-455
2801
-20019
123305
-665
4096
8786
-54215
1225
-7559
13546
-83615
805
-4969
8576
-52955
595
-3674
9731
-60130
385
-2379
-12179
75320
-385
2381
2311
-14315
175
-1084
-5984
37135
-175
1086
22156
-137725
805
-5004
-12354
76825
-805
5006
-6859
42700
-315
1961
-14979
93310
-1225
7631
-5284
32935
-455
2836
-12284
76615
-595
3711
-16834
105035
-735
4586
-19809
123655
-1015
6336
21141
-132265
1225
-7664
12041
-75355
945
-5914
11166
-69895
805
-5039
16766
-105035
525
-3289
10991
-68915
385
-2414
-8539
53585
-385
2416
6441
-40460
245
-1539
-5214
32795
-245
1541
-15994
100695
-595
3746
14876
-93765
805
-5074
7771
-49000
455
-2869
-12669
79940
-455
2871
-11969
75565
-1120
7071
18201
-114940
1330
-8399
3116
-19705
105
-664
12671
-80360
1225
-7769
26041
-165200
1015
-6439
-24814
157465
-1015
6441
25936
-164605
805
-5109
-6334
40215
-805
5111
7456
-47355
595
-3779
-12354
78505
-595
3781
7351
-46760
385
-2449
-12249
77980
-385
2451
-17709
112805
-665
4236
-15154
96565
-1225
7806
30976
-197575
1015
-6474
-33424
213255
-1015
6476
12706
-81095
455
-2904
-5354
34195
-455
2906
6021
-38500
175
-1119
-2344
15015
-175
1121
-19739
126595
-595
3816
4026
-25865
245
-1574
-7699
49525
-245
1576
8156
-52535
315
-2029
23696
-152775
1015
-6544
-10219
65905
-1015
6546
11061
-71365
385
-2484
21386
-138075
1225
-7909
6616
-42735
455
-2939
-4164
26915
-455
2941
7526
-48685
595
-3849
-13649
88340
-595
3851
22366
-144865
805
-5214
-23589
152845
-805
5216
-19144
124075
-875
5671
31081
-201460
1015
-6579
-20054
130025
-1015
6581
-16834
109165
-1085
7036
18971
-123025
1225
-7944
911
-5915
140
-909
54251
-353430
2310
-15049
35246
-229635
1085
-7069
28666
-186795
1015
-6614
-17639
114975
-1015
6616
22856
-148995
875
-5704
15051
-98140
805
-5249
-16274
106155
-805
5251
6791
-44310
665
-4339
14911
-97335
595
-3884
-15224
99575
-455
2976
-15889
103950
-1680
10991
17291
-113155
770
-5039
-7419
48580
-385
2521
-25024
163975
-1015
6651
-6964
45675
-315
2066
4061
-26670
245
-1609
-7734
50855
-245
1611
-6824
44905
-665
4376
8821
-58100
595
-3919
6056
-39935
175
-1154
-2379
15715
-175
1156
-9134
60445
-455
3011
15296
-101255
1015
-6719
-17744
117495
-1015
6721
-15469
102550
-1225
8121
14211
-94220
665
-4409
6231
-41335
385
-2554
-11129
73885
-385
2556
16206
-107695
595
-3954
-12704
84525
-805
5356
23906
-159075
1015
-6754
-22679
150955
-1015
6756
13056
-86905
1225
-8154
-1924
12845
-105
701
27791
-185780
1225
-8189
9171
-61355
455
-3044
-14069
94185
-455
3046
-23764
159145
-805
5391
12566
-84245
595
-3989
6546
-43925
245
-1644
-5319
35735
-245
1646
9941
-66850
385
-2589
-7489
50400
-385
2591
-8434
56805
-525
3536
-6929
46690
-665
4481
-27474
185185
-805
5426
28911
-195370
1015
-6859
7141
-48265
875
-5914
18446
-124705
735
-4969
16276
-110075
595
-4024
-15644
105945
-1225
8296
8261
-55965
315
-2134
26286
-178255
805
-5459
-16484
111825
-805
5461
6966
-47285
665
-4514
2416
-16415
175
-1189
-6089
41440
-175
1191
6301
-42945
385
-2624
-8749
59675
-385
2626
-19984
136395
-595
4061
-25094
171325
-805
5496
9591
-65485
1225
-8364
7211
-49315
875
-5984
11901
-81410
665
-4549
9241
-63245
455
-3114
-4339
29715
-455
3116
2906
-19915
245
-1679
-27579
189490
-805
5531
23171
-159390
875
-6019
12671
-87185
595
-4094
-8994
61915
-595
4096
28036
-193025
1225
-8434
-31709
218365
-1225
8436
-7069
48720
-315
2171
-20509
141435
-665
4586
18551
-128065
735
-5074
7561
-52220
385
-2659
-3884
26845
-385
2661
19496
-134785
1225
-8469
8051
-55720
455
-3149
-9274
64225
-455
3151
15611
-108185
1015
-7034
-10709
74235
-1015
7036
-8539
59220
-525
3641
15156
-105175
595
-4129
13406
-93065
1225
-8504
246
-1715
35
-244
-13999
98840
-595
4201
17186
-121415
525
-3709
-34124
241255
-1015
7176
13021
-92120
455
-3219
-14244
100835
-455
3221
-11304
80185
-385
2731
-17464
123935
-735
5216
12076
-85785
665
-4724
8366
-59465
315
-2239
-9379
66710
-630
4481
32551
-231595
1820
-12949
20161
-143465
595
-4234
-16484
117355
-595
4236
-19704
140315
-875
6231
11866
-84595
805
-5739
-6964
49665
-805
5741
2976
-21245
245
-1749
-13054
93415
-455
3256
-20684
148085
-665
4761
10011
-71785
1225
-8784
14351
-102935
805
-5774
9171
-65800
595
-4269
10116
-72625
385
-2764
-12564
90265
-385
2766
2486
-17885
175
-1259
22961
-165690
805
-5809
-13159
94990
-805
5811
-7174
51835
-315
2276
-16204
117145
-1225
8856
-5739
41510
-455
3291
-12879
93205
-595
4306
-17569
127190
-735
5321
-20824
150815
-1015
7351
22366
-162295
1225
-8889
12986
-94255
945
-6859
11971
-86905
805
-5844
17291
-125615
525
-3814
11376
-82705
385
-2799
-8924
64925
-385
2801
6686
-48685
245
-1784
-5459
39795
-245
1786
-16589
121030
-595
4341
15681
-114520
805
-5879
8226
-60095
455
-3324
-13124
95935
-455
3326
-13089
95725
-1120
8191
19531
-142870
1330
-9729
3221
-23590
105
-769
13896
-102025
1225
-8994
27056
-198695
1015
-7454
-25829
189735
-1015
7456
26741
-196455
805
-5914
-7139
52465
-805
5916
8051
-59185
595
-4374
-12949
95235
-595
4376
7736
-56945
385
-2834
-12634
93065
-385
2836
-18374
135415
-665
4901
-16379
120750
-1225
9031
31991
-236040
1015
-7489
-34439
254170
-1015
7491
13161
-97160
455
-3359
-5809
42910
-455
3361
-2519
18655
-175
1296
-20334
150745
-595
4411
4271
-31710
245
-1819
-7944
59045
-245
1821
8471
-63035
315
-2344
24711
-184030
1015
-7559
-11234
83685
-1015
7561
11446
-85295
385
-2869
22611
-168595
1225
-9134
7071
-52745
455
-3394
-4619
34475
-455
3396
8121
-60655
595
-4444
-14244
106435
-595
4446
23171
-173250
805
-6019
-24394
182455
-805
6021
-20019
149765
-875
6546
32096
-240135
1015
-7594
-21069
157675
-1015
7596
-17919
134120
-1085
8121
20196
-151165
1225
-9169
1051
-7875
140
-1049
56561
-425040
2310
-17359
36331
-273035
1085
-8154
29681
-223090
1015
-7629
-18654
140245
-1015
7631
23731
-178430
875
-6579
15856
-119245
805
-6054
-17079
128485
-805
6056
7456
-56105
665
-5004
15506
-116725
595
-4479
-15679
118230
-455
3431
-17569
132510
-1680
12671
18061
-136255
770
-5809
-7804
58905
-385
2906
-26039
196665
-1015
7666
-7279
55020
-315
2381
4306
-32585
245
-1854
-7979
60445
-245
1856
-7489
56770
-665
5041
9416
-71435
595
-4514
-2554
19425
-175
1331
-9589
73045
-455
3466
16311
-124285
1015
-7734
-18759
142975
-1015
7736
-16694
127365
-1225
9346
14876
-113505
665
-5074
6616
-50505
385
-2939
-11514
87955
-385
2941
16801
-128450
595
-4549
-13509
103390
-805
6161
24921
-190750
1015
-7769
-23694
181405
-1015
7771
14281
-109340
1225
-9379
-2029
15575
-105
806
9626
-74025
455
-3499
-14524
111755
-455
3501
-24569
189105
-805
6196
13161
-101395
595
-4584
6791
-52360
245
-1889
-5564
42945
-245
1891
10326
-79765
385
-2974
-7874
60865
-385
2976
-8959
69300
-525
4061
-7594
58765
-665
5146
29926
-232155
1015
-7874
8016
-62195
875
-6789
19181
-148855
735
-5704
16871
-130970
595
-4619
-16869
131110
-1225
9521
8576
-66675
315
-2449
27091
-210805
805
-6264
-17289
134575
-805
6266
7631
-59430
665
-5179
2591
-20195
175
-1364
6686
-52255
385
-3009
-9134
71435
-385
3011
-20579
161035
-595
4656
-25899
202720
-805
6301
10816
-84665
1225
-9589
8086
-63385
875
-6859
12566
-98525
665
-5214
9696
-76055
455
-3569
-4794
37625
-455
3571
3151
-24745
245
-1924
24046
-189455
875
-6894
13266
-104545
595
-4689
-9589
75600
-595
4691
29261
-230720
1225
-9659
-7384
58275
-315
2486
-21174
167195
-665
5251
19286
-152425
735
-5809
7946
-62825
385
-3044
-4269
33775
-385
3046
20721
-163975
1225
-9694
8506
-67375
455
-3604
-9729
77105
-455
3606
16626
-131845
1015
-8049
-11724
92995
-1015
8051
-9064
71925
-525
4166
15751
-125055
595
-4724
14631
-116200
1225
-9729
281
-2240
35
-279
-14594
117635
-595
4796
17711
-142835
525
-4234
-35139
283570
-1015
8191
13476
-108815
455
-3674
-14699
118755
-455
3676
-11689
94605
-385
3116
-18199
147350
-735
5951
12741
-103250
665
-5389
8681
-70385
315
-2554
-10009
81200
-630
5111
34371
-278915
1820
-14769
20756
-168455
595
-4829
-17079
138670
-595
4831
-20579
167125
-875
7106
12671
-103005
805
-6544
-7769
63175
-805
6546
3221
-26215
245
-1994
-13509
110180
-455
3711
-21349
174195
-665
5426
11236
-91805
1225
-10009
15156
-123865
805
-6579
9766
-79835
595
-4864
10501
-85890
385
-3149
-12949
105980
-385
3151
2661
-21805
175
-1434
23766
-195265
805
-6614
-13964
114765
-805
6616
-7489
61600
-315
2591
-17429
143430
-1225
10081
-6194
50995
-455
3746
-13474
110985
-595
4901
-18304
150815
-735
6056
-21839
180005
-1015
8366
23591
-194775
1225
-10114
13931
-115045
945
-7804
12776
-105525
805
-6649
17816
-147245
525
-4339
11761
-97265
385
-3184
-9309
77035
-385
3186
6931
-57400
245
-2029
-5704
47285
-245
2031
-17184
142555
-595
4936
16486
-136885
805
-6684
8681
-72100
455
-3779
-13579
112840
-455
3781
-14209
118125
-1120
9311
20861
-173460
1330
-11059
3326
-27685
105
-874
15121
-126140
1225
-10219
28071
-234220
1015
-8469
-26844
224035
-1015
8471
27546
-229915
805
-6719
-7944
66325
-805
6721
8646
-72205
595
-4969
-13544
113155
-595
4971
8121
-67900
385
-3219
-13019
108920
-385
3221
-19039
159355
-665
5566
-17604
147385
-1225
10256
33006
-276535
1015
-8504
-35454
297115
-1015
8506
13616
-114135
455
-3814
-6264
52535
-455
3816
-2694
22645
-175
1471
4516
-38045
245
-2064
-8189
69055
-245
2066
8786
-74165
315
-2659
25726
-217315
1015
-8574
-12249
103495
-1015
8576
11831
-99995
385
-3254
23836
-201565
1225
-10359
7526
-63665
455
-3849
-5074
42945
-455
3851
8716
-73815
595
-5039
-14839
125720
-595
5041
23976
-203245
805
-6824
-25199
213675
-805
6826
-20894
177205
-875
7421
33111
-280840
1015
-8609
-22084
187355
-1015
8611
-19004
161245
-1085
9206
21421
-181755
1225
-10394
1191
-10115
140
-1189
58871
-501270
2310
-19669
37416
-318605
1085
-9239
30696
-261415
1015
-8644
-19669
167545
-1015
8646
24606
-209615
875
-7454
16661
-141960
805
-6859
-17884
152425
-805
6861
8121
-69230
665
-5669
16101
-137305
595
-5074
-8189
70000
-385
3291
-27054
231385
-1015
8681
-7594
64995
-315
2696
4551
-38990
245
-2099
-8224
70525
-245
2101
-8154
69965
-665
5706
10011
-85960
595
-5109
-2729
23485
-175
1506
-10044
86555
-455
3921
17326
-149345
1015
-8749
-19774
170485
-1015
8751
-17919
154630
-1225
10571
15541
-134120
665
-5739
7001
-60445
385
-3324
-11899
102795
-385
3326
17396
-150395
595
-5144
-14314
123865
-805
6966
25936
-224455
1015
-8784
-24709
213885
-1015
8786
15506
-134225
1225
-10604
-2134
18515
-105
911
10081
-87605
455
-3954
-14979
130235
-455
3956
-25374
220675
-805
7001
13756
-119735
595
-5179
7036
-61285
245
-2134
-5809
50645
-245
2136
10711
-93450
385
-3359
-8259
72100
-385
3361
-9484
82845
-525
4586
-8259
72170
-665
5811
30941
-270970
1015
-8889
8891
-77875
875
-7664
19916
-174475
735
-6439
17466
-153055
595
-5214
-18094
158725
-1225
10746
8891
-78015
315
-2764
27896
-244965
805
-7069
-18094
158935
-805
7071
8296
-72905
665
-5844
2766
-24325
175
-1539
7071
-62335
385
-3394
-9519
83965
-385
3396
-26704
235725
-805
7106
12041
-106295
1225
-10814
8961
-79205
875
-7734
13231
-116970
665
-5879
10151
-89775
455
-4024
-5249
46445
-455
4026
3396
-30065
245
-2169
24921
-221270
875
-7769
13861
-123095
595
-5284
-10184
90475
-595
5286
30486
-270865
1225
-10884
-7699
68460
-315
2801
-21839
194285
-665
5916
20021
-178255
735
-6544
8331
-74200
385
-3429
-4654
41475
-385
3431
21946
-195615
1225
-10919
8961
-79940
455
-4059
-10184
90895
-455
4061
17641
-157535
1015
-9064
-12739
113785
-1015
9066
-9589
85680
-525
4691
16346
-146125
595
-5319
15856
-141785
1225
-10954
316
-2835
35
-314
-15189
137620
-595
5391
18236
-165305
525
-4759
13931
-126420
455
-4129
-15154
137585
-455
4131
-12074
109795
-385
3501
-18934
172235
-735
6686
13406
-122045
665
-6054
8996
-81935
315
-2869
-17674
161175
-595
5426
-21454
195685
-875
7981
13476
-123025
805
-7349
-8574
78295
-805
7351
3466
-31675
245
-2239
-13964
127855
-455
4166
-22014
201635
-665
6091
12461
-114275
1225
-11234
15961
-146405
805
-7384
10361
-95060
595
-5459
10886
-99925
385
-3534
-13334
122465
-385
3536
2836
-26075
175
-1609
24571
-226450
805
-7419
-14769
136150
-805
7421
-7804
71995
-315
2906
-18654
172165
-1225
11306
-6649
61390
-455
4201
-14069
129955
-595
5496
-19039
175910
-735
6791
-22854
211225
-1015
9381
24816
-229705
1225
-11339
14876
-137725
945
-8749
13581
-125755
805
-7454
18341
-169925
525
-4864
12146
-112595
385
-3569
-9694
89915
-385
3571
7176
-66605
245
-2274
-5949
55265
-245
2276
-17779
165270
-595
5531
17291
-160860
805
-7489
9136
-85015
455
-4234
-14034
130655
-455
4236
-15329
142765
-1120
10431
22191
-206710
1330
-12389
3431
-31990
105
-979
16346
-152705
1225
-11444
29086
-271775
1015
-9484
-27859
260365
-1015
9486
-8749
81795
-805
7526
9241
-86415
595
-5564
-14139
132265
-595
5566
8506
-79625
385
-3604
-13404
125545
-385
3606
-19704
184625
-665
6231
34021
-319060
1015
-9519
14071
-132020
455
-4269
-6719
63070
-455
4271
-2869
26985
-175
1646
4761
-44870
245
-2309
-8434
79555
-245
2311
9101
-85925
315
-2974
26741
-252630
1015
-9589
-13264
125335
-1015
9591
12216
-115465
385
-3639
25061
-236985
1225
-11584
7981
-75495
455
-4304
-5529
52325
-455
4306
9311
-88165
595
-5634
-15434
146195
-595
5636
24781
-234850
805
-7629
-26004
246505
-805
7631
-21769
206395
-875
8296
34126
-323575
1015
-9624
-23099
219065
-1015
9626
-20089
190540
-1085
10291
22646
-214795
1225
-11619
31711
-301770
1015
-9659
-20684
196875
-1015
9661
25481
-242550
875
-8329
17466
-166285
805
-7664
-18689
177975
-805
7666
8786
-83685
665
-6334
16696
-159075
595
-5669
-8574
81865
-385
3676
-28069
268135
-1015
9696
-7909
75600
-315
3011
4796
-45885
245
-2344
-8469
81095
-245
2346
-8819
84490
-665
6371
10606
-101675
595
-5704
-2904
27895
-175
1681
-10499
100975
-455
4376
18341
-176435
1015
-9764
-20789
200025
-1015
9766
-19144
184345
-1225
11796
16206
-156065
665
-6404
7386
-71155
385
-3709
-12284
118405
-385
3711
17991
-173530
595
-5739
-15119
145950
-805
7771
26951
-260190
1015
-9799
-25724
248395
-1015
9801
16731
-161560
1225
-11829
-2239
21665
-105
1016
10536
-102095
455
-4409
-15434
149625
-455
4411
-26179
253855
-805
7806
14351
-139265
595
-5774
7281
-70700
245
-2379
-6054
58835
-245
2381
11096
-107905
385
-3744
-8644
84105
-385
3746
-10009
97440
-525
5111
-8924
86905
-665
6476
31956
-311815
1015
-9904
9766
-95305
875
-8539
20651
-201565
735
-7174
18061
-176330
595
-5809
9206
-89985
315
-3079
-18899
184905
-805
7876
8961
-87710
665
-6509
2941
-28805
175
-1714
7456
-73185
385
-3779
-9904
97265
-385
3781
-27509
270340
-805
7911
9836
-96775
875
-8609
13896
-136745
665
-6544
10606
-104405
455
-4479
-5704
56175
-455
4481
3641
-35875
245
-2414
25796
-254835
875
-8644
14456
-142835
595
-5879
-10779
106540
-595
5881
31711
-313460
1225
-12109
-8014
79275
-315
3116
-22504
222705
-665
6581
20756
-205555
735
-7279
8716
-86345
385
-3814
-5039
49945
-385
3816
23171
-229705
1225
-12144
9416
-93415
455
-4514
-10639
105595
-455
4516
18656
-185255
1015
-10079
-13754
136605
-1015
10081
-10114
100485
-525
5216
16941
-168385
595
-5914
17081
-169820
1225
-12179
351
-3500
35
-349
-15784
158795
-595
5986
14386
-144935
455
-4584
-15609
157325
-455
4586
-12459
125755
-385
3886
-19669
198590
-735
7421
14071
-142170
665
-6719
9311
-94115
315
-3184
-18269
184870
-595
6021
-22329
225995
-875
8856
14281
-144655
805
-8154
-9379
95025
-805
8156
3711
-37625
245
-2484
-14419
146440
-455
4621
-22679
230405
-665
6756
13686
-139195
1225
-12459
16766
-170555
805
-8189
10956
-111475
595
-6054
11271
-114730
385
-3919
3011
-30695
175
-1784
25376
-259245
805
-8224
-15574
159145
-805
8226
-8119
83020
-315
3221
-19879
203350
-1225
12531
-7104
72695
-455
4656
-14664
150115
-595
6091
-19774
202475
-735
7526
-23869
244475
-1015
10396
26041
-267085
1225
-12564
15821
-162295
945
-9694
14386
-147595
805
-8259
12531
-128695
385
-3954
-10079
103565
-385
3956
7421
-76300
245
-2519
-6194
63735
-245
2521
-18374
189175
-595
6126
18096
-186445
805
-8294
9591
-98840
455
-4689
-14489
149380
-455
4691
-16449
169645
-1120
11551
23521
-242620
1330
-13719
3536
-36505
105
-1084
17571
-181720
1225
-12669
30101
-311360
1015
-10499
-28874
298725
-1015
10501
-9554
98875
-805
8331
9836
-101815
595
-6159
-14734
152565
-595
6161
8891
-92120
385
-3989
-20369
211225
-665
6896
35036
-363615
1015
-10534
14526
-150815
455
-4724
-7174
74515
-455
4726
-3044
31675
-175
1821
5006
-52185
245
-2554
9416
-98315
315
-3289
27756
-289975
1015
-10604
-14279
149205
-1015
10606
12601
-131705
385
-4024
26286
-274855
1225
-12809
8436
-88235
455
-4759
-5984
62615
-455
4761
9906
-103705
595
-6229
-16029
167860
-595
6231
25586
-268065
805
-8434
-26809
280945
-805
8436
-22644
237335
-875
9171
35141
-368340
1015
-10639
-24114
252805
-1015
10641
-21174
222005
-1085
11376
23871
-250285
1225
-12844
32726
-344155
1015
-10674
-21699
228235
-1015
10676
26356
-277235
875
-9204
18271
-192220
805
-8469
-19494
205135
-805
8471
9451
-99470
665
-6999
17291
-182035
595
-6264
-8959
94500
-385
4061
-29084
306915
-1015
10711
-8224
86835
-315
3326
5041
-53270
245
-2589
-9484
100345
-665
7036
11201
-118580
595
-6299
-3079
32655
-175
1856
-10954
116305
-455
4831
19356
-205555
1015
-10779
-21804
231595
-1015
10781
-20369
216510
-1225
13021
16871
-179340
665
-7069
7771
-82635
385
-4094
-12669
134785
-385
4096
18586
-197855
595
-6334
-15924
169645
-805
8576
27966
-297955
1015
-10814
-26739
284935
-1015
10816
17956
-191345
1225
-13054
-2344
25025
-105
1121
10991
-117495
455
-4864
-15889
169925
-455
4866
-26984
288645
-805
8611
14946
-159985
595
-6369
7526
-80605
245
-2624
-6299
67515
-245
2626
11481
-123130
385
-4129
-9029
96880
-385
4131
-10534
113085
-525
5636
-9589
102970
-665
7141
32971
-354690
1015
-10919
10641
-114485
875
-9414
21386
-230125
735
-7909
18656
-200795
595
-6404
9521
-102585
315
-3394
-19704
212485
-805
8681
9626
-103845
665
-7174
3116
-33635
175
-1889
7841
-84805
385
-4164
-10289
111335
-385
4166
10711
-116095
875
-9484
14561
-157850
665
-7209
11061
-119945
455
-4934
-6159
66815
-455
4936
3886
-42175
245
-2659
26671
-290150
875
-9519
15051
-163765
595
-6474
-11374
123795
-595
6476
-8329
90720
-315
3431
-23169
252455
-665
7246
21491
-234325
735
-8014
9101
-99260
385
-4199
-5424
59185
-385
4201
24396
-266245
1225
-13369
9871
-107800
455
-4969
-11094
121205
-455
4971
19671
-215005
1015
-11094
-14769
161455
-1015
11096
-10639
116340
-525
5741
17536
-191835
595
-6509
18306
-200305
1225
-13404
386
-4235
35
-384
-16379
181160
-595
6581
14841
-164360
455
-5039
-12844
142485
-385
4271
-20404
226415
-735
8156
14736
-163625
665
-7384
9626
-106925
315
-3499
-18864
209755
-595
6616
-23204
258055
-875
9731
15086
-167895
805
-8959
-10184
113365
-805
8961
3956
-44065
245
-2729
-14874
165935
-455
5076
14911
-166565
1225
-13684
17571
-196315
805
-8994
11551
-129080
595
-6649
11656
-130305
385
-4304
3186
-35665
175
-1959
26181
-293650
805
-9029
-16379
183750
-805
9031
-8434
94675
-315
3536
-21104
236985
-1225
13756
-7559
84910
-455
5111
-15259
171465
-595
6686
-20509
230510
-735
8261
-24884
279755
-1015
11411
27266
-306915
1225
-13789
16766
-188755
945
-10639
15191
-171045
805
-9064
12916
-145565
385
-4339
-10464
117985
-385
4341
7666
-86485
245
-2764
-6439
72695
-245
2766
-18969
214270
-595
6721
18901
-213640
805
-9099
10046
-113575
455
-5144
-14944
169015
-455
5146
-17569
198765
-1120
12671
24851
-281190
1330
-15049
3641
-41230
105
-1189
18796
-213185
1225
-13894
31116
-352975
1015
-11514
-29889
339115
-1015
11516
-10359
117565
-805
9136
10431
-118405
595
-6754
-15329
174055
-595
6756
9276
-105385
385
-4374
-21034
239155
-665
7561
14981
-170520
455
-5179
-7629
86870
-455
5181
-3219
36715
-175
1996
5251
-59990
245
-2799
9731
-111335
315
-3604
28771
-329350
1015
-11619
-15294
175105
-1015
11621
12986
-148715
385
-4409
27511
-315175
1225
-14034
8891
-101885
455
-5214
-6439
73815
-455
5216
10501
-120435
595
-6824
-16624
190715
-595
6826
26391
-302890
805
-9239
-27614
316995
-805
9241
-23519
270025
-875
10046
-25129
288575
-1015
11656
-22259
255640
-1085
12461
25096
-288225
1225
-14069
33741
-388570
1015
-11689
-22714
261625
-1015
11691
27231
-313670
875
-10079
19076
-219765
805
-9274
-20299
233905
-805
9276
10116
-116585
665
-7664
17886
-206185
595
-6859
-9344
107905
-385
4446
-30099
347725
-1015
11726
-8539
98700
-315
3641
5286
-61145
245
-2834
-10149
117530
-665
7701
11796
-136675
595
-6894
-3254
37765
-175
2031
-11409
132545
-455
5286
20371
-236705
1015
-11794
-22819
265195
-1015
11796
-21594
251125
-1225
14246
17536
-203945
665
-7734
8156
-94885
385
-4479
-13054
151935
-385
4481
19181
-223370
595
-6929
-16729
194950
-805
9381
28981
-337750
1015
-11829
-27754
323505
-1015
11831
19181
-223580
1225
-14279
-2449
28595
-105
1226
11446
-133805
455
-5319
-27789
325045
-805
9416
15541
-181895
595
-6964
7771
-91000
245
-2869
-6544
76685
-245
2871
11866
-139125
385
-4514
-9414
110425
-385
4516
-11059
129780
-525
6161
-10254
120365
-665
7806
33986
-399595
1015
-11934
11516
-135415
875
-10289
22121
-260155
735
-8644
19251
-226450
595
-6999
9836
-115815
315
-3709
-20509
241675
-805
9486
10291
-121310
665
-7839
3291
-38815
175
-2064
8226
-97195
385
-4549
-10674
126175
-385
4551
11586
-137165
875
-10359
15226
-180285
665
-7874
11516
-136395
455
-5389
-6614
78365
-455
5391
4131
-48965
245
-2904
27546
-327215
875
-10394
15646
-185885
595
-7069
-11969
142240
-595
7071
-8644
102795
-315
3746
22226
-264565
735
-8749
9486
-112945
385
-4584
-5809
69195
-385
4586
25621
-305235
1225
-14594
10326
-123095
455
-5424
-11549
137725
-455
5426
20686
-246785
1015
-12109
-15784
188335
-1015
12111
-11164
133245
-525
6266
18131
-216475
595
-7104
19531
-233240
1225
-14629
421
-5040
35
-419
-16974
204715
-595
7176
15296
-184695
455
-5494
-13229
159985
-385
4656
-21139
255710
-735
8891
15401
-186410
665
-8049
9941
-120365
315
-3814
-19459
235830
-595
7211
-24079
291865
-875
10606
15891
-192745
805
-9764
-10989
133315
-805
9766
4201
-50995
245
-2974
-15329
186340
-455
5531
16136
-196385
1225
-14909
18376
-223685
805
-9799
12146
-147875
595
-7244
12041
-146650
385
-4689
3361
-40985
175
-2134
26986
-329665
805
-9834
-17184
209965
-805
9836
-8749
106960
-315
3851
-22329
273070
-1225
14981
-8014
98035
-455
5566
-15854
194005
-595
7281
-21244
260015
-735
8996
-25899
317065
-1015
12426
28491
-349195
1225
-15014
17711
-217105
945
-11584
15996
-196105
805
-9869
13301
-163205
385
-4724
-10849
133175
-385
4726
7911
-97160
245
-3009
-6684
82145
-245
3011
-19564
240555
-595
7316
19706
-242445
805
-9904
10501
-129220
455
-5599
-15399
189560
-455
5601
32131
-396620
1015
-12529
-30904
381535
-1015
12531
-11164
137865
-805
9941
11026
-136185
595
-7349
-15924
196735
-595
7351
9661
-119420
385
-4759
-21699
268415
-665
8226
15436
-191135
455
-5634
-8084
100135
-455
5636
-3394
42105
-175
2171
5496
-68285
245
-3044
10046
-124985
315
-3919
29786
-370755
1015
-12634
-16309
203035
-1015
12636
13371
-166495
385
-4794
28736
-357945
1225
-15259
9346
-116445
455
-5669
-6894
85925
-455
5671
11096
-138355
595
-7419
-17219
214760
-595
7421
27196
-339325
805
-10044
-24394
304465
-875
10921
-26144
326375
-1015
12671
-23344
291445
-1085
13546
26321
-328615
1225
-15294
34756
-435015
1015
-12704
-23729
297045
-1015
12706
28106
-351855
875
-10954
19881
-248920
805
-10079
-21104
264285
-805
10081
10781
-135030
665
-8329
18481
-231525
595
-7454
-9729
122080
-385
4831
-31114
390565
-1015
12741
-8854
111195
-315
3956
5531
-69510
245
-3079
-10814
136045
-665
8366
12391
-155960
595
-7489
-3429
43225
-175
2206
-11864
149695
-455
5741
21386
-269885
1015
-12809
-23834
300825
-1015
12811
-22819
288190
-1225
15471
18201
-229880
665
-8399
8541
-107905
385
-4864
-13439
169855
-385
4866
19776
-250075
595
-7524
-17534
221865
-805
10186
29996
-379575
1015
-12844
-28769
364105
-1015
12846
20406
-258265
1225
-15504
-2554
32375
-105
1331
11901
-151025
455
-5774
16136
-204995
595
-7559
8016
-101885
245
-3114
-6789
86345
-245
3116
12251
-155890
385
-4899
-9799
124740
-385
4901
-11584
147525
-525
6686
-10919
139090
-665
8471
35001
-446530
1015
-12949
12391
-158095
875
-11164
22856
-291655
735
-9379
19846
-253295
595
-7594
10151
-129675
315
-4024
-21314
272475
-805
10291
10956
-140105
665
-8504
3466
-44345
175
-2239
8611
-110355
385
-4934
-11059
141785
-385
4936
12461
-159985
875
-11234
15891
-204050
665
-8539
11971
-153755
455
-5844
-7069
90825
-455
5846
4376
-56245
245
-3149
28421
-366030
875
-11269
16241
-209195
595
-7664
-12564
161875
-595
7666
-8959
115500
-315
4061
22961
-296275
735
-9484
9871
-127400
385
-4969
-6194
79975
-385
4971
26846
-346675
1225
-15819
10781
-139300
455
-5879
-12004
155155
-455
5881
21701
-280595
1015
-13124
-16799
217245
-1015
13126
-11689
151200
-525
6791
18726
-242305
595
-7699
20756
-268625
1225
-15854
456
-5915
35
-454
-17569
229460
-595
7771
15751
-205940
455
-5949
-21874
286475
-735
9626
16066
-210525
665
-8714
10256
-134435
315
-4129
-20054
263095
-595
7806
-24954
327425
-875
11481
16696
-219205
805
-10569
-11794
154875
-805
10571
4446
-58415
245
-3219
-15784
207655
-455
5986
17361
-228655
1225
-16134
19181
-252665
805
-10604
12741
-167860
595
-7839
12426
-163765
385
-5074
3536
-46655
175
-2309
27791
-367290
805
-10639
-17989
237790
-805
10641
-9064
119875
-315
4166
-23554
311605
-1225
16206
-8469
112070
-455
6021
-16449
217735
-595
7876
-21979
290990
-735
9731
-26914
356405
-1015
13441
29716
-393925
1225
-16239
18656
-247345
945
-12529
16801
-222775
805
-10674
-11234
149135
-385
5111
8156
-108325
245
-3254
-6929
92085
-245
3256
-20159
268030
-595
7911
20511
-272860
805
-10709
10956
-145775
455
-6054
-15854
211015
-455
6056
33146
-442295
1015
-13544
-31919
425985
-1015
13546
-11969
159775
-805
10746
11621
-155155
595
-7944
-16519
220605
-595
7946
10046
-134225
385
-5144
-22364
299005
-665
8891
15891
-212660
455
-6089
-8539
114310
-455
6091
-3569
47845
-175
2346
5741
-77070
245
-3289
10361
-139265
315
-4234
30801
-414190
1015
-13649
-17324
232995
-1015
13651
29961
-403165
1225
-16484
9801
-131915
455
-6124
-7349
98945
-455
6126
11691
-157465
595
-8014
-17814
239995
-595
8016
28001
-377370
805
-10849
-25269
340655
-875
11796
-27159
366205
-1015
13686
-24429
329420
-1085
14631
27546
-371455
1225
-16519
-24744
334495
-1015
13721
28981
-391790
875
-11829
20686
-279685
805
-10884
-21909
296275
-805
10886
11446
-154805
665
-8994
19076
-258055
595
-8049
-10114
137025
-385
5216
-32129
435435
-1015
13756
-9169
124320
-315
4271
5776
-78365
245
-3324
-11479
155890
-665
9031
12986
-176435
595
-8084
-3604
49035
-175
2381
-12319
167755
-455
6196
22401
-305095
1015
-13824
-24849
338485
-1015
13826
-24044
327705
-1225
16696
18866
-257145
665
-9064
8926
-121695
385
-5249
20371
-277970
595
-8119
-18339
250390
-805
10991
31011
-423430
1015
-13859
-29784
406735
-1015
13861
21631
-295400
1225
-16729
-2659
36365
-105
1436
12356
-169155
455
-6229
16731
-229285
595
-8154
8261
-113260
245
-3359
-7034
96495
-245
3361
12636
-173425
385
-5284
-10184
139825
-385
5286
-12109
166320
-525
7211
-11584
159145
-665
9136
13266
-182525
875
-12039
23591
-324625
735
-10114
20441
-281330
595
-8189
10466
-144165
315
-4339
-22119
304885
-805
11096
11621
-160230
665
-9169
3641
-50225
175
-2414
8996
-124285
385
-5319
-11444
158165
-385
5321
13336
-184555
875
-12109
16556
-229145
665
-9204
12426
-172025
455
-6299
-7524
104195
-455
6301
4621
-64015
245
-3394
29296
-406595
875
-12144
16836
-233695
595
-8259
-13159
182700
-595
8261
-9274
128835
-315
4376
23696
-329455
735
-10219
10256
-142625
385
-5354
-6579
91525
-385
5356
28071
-390565
1225
-17044
11236
-156415
455
-6334
-12459
173495
-455
6336
22716
-316435
1015
-14139
-17814
248185
-1015
14141
-12214
170205
-525
7316
19321
-269325
595
-8294
21981
-306460
1225
-17079
491
-6860
35
-489
-18164
255395
-595
8366
-22609
318710
-735
10361
16731
-235970
665
-9379
10571
-149135
315
-4444
-20649
291550
-595
8401
-25829
364735
-875
12356
17501
-247275
805
-11374
-12599
178045
-805
11376
4691
-66325
245
-3464
18586
-263375
1225
-17359
19986
-283255
805
-11409
13336
-189035
595
-8434
12811
-181650
385
-5459
3711
-52675
175
-2484
-18794
267225
-805
11446
-9379
133420
-315
4481
-8924
127015
-455
6476
-17044
242655
-595
8471
-22714
323435
-735
10466
-27929
397775
-1015
14456
30941
-441105
1225
-17464
19601
-279475
945
-13474
17606
-251055
805
-11479
-11619
165865
-385
5496
8401
-119980
245
-3499
-7174
102515
-245
3501
-20754
296695
-595
8506
21316
-304885
805
-11514
11411
-163240
455
-6509
34161
-490000
1015
-14559
-32934
472465
-1015
14561
-12774
183295
-805
11551
12216
-175315
595
-8539
-17114
245665
-595
8541
10431
-149800
385
-5529
-23029
330925
-665
9556
-8994
129395
-455
6546
-3744
53935
-175
2521
5986
-86345
245
-3534
10676
-154175
315
-4549
31816
-459655
1015
-14664
-18339
264985
-1015
14666
31186
-450835
1225
-17709
10256
-148295
455
-6579
-7804
112875
-455
6581
12286
-177765
595
-8609
-18409
266420
-595
8611
-26144
378595
-875
12671
-28174
408065
-1015
14701
-25514
369565
-1085
15716
28771
-416745
1225
-17744
-25759
373975
-1015
14736
29856
-433475
875
-12704
21491
-312060
805
-11689
-22714
329875
-805
11691
12111
-175910
665
-9659
19671
-285775
595
-8644
-10499
152740
-385
5601
-33144
482335
-1015
14771
-9484
138075
-315
4586
6021
-87710
245
-3569
-12144
177065
-665
9696
13581
-198100
595
-8679
-3779
55195
-175
2556
-12774
186725
-455
6651
23416
-342335
1015
-14839
-25864
378175
-1015
14841
19531
-285740
665
-9729
9311
-136255
385
-5634
-19144
280525
-805
11796
32026
-469315
1015
-14874
-30799
451395
-1015
14876
22856
-334985
1225
-17954
-2764
40565
-105
1541
12811
-188195
455
-6684
17326
-254765
595
-8749
8506
-125125
245
-3604
-7279
107135
-245
3606
13021
-191730
385
-5669
-10569
155680
-385
5671
-12634
186165
-525
7736
-12249
180530
-665
9801
14141
-208705
875
-12914
24326
-359065
735
-10849
10781
-159285
315
-4654
-22924
338905
-805
11901
12286
-181685
665
-9834
3816
-56455
175
-2589
9381
-138985
385
-5704
-11829
175315
-385
5706
14211
-210875
875
-12984
17221
-255570
665
-9869
12881
-191205
455
-6754
-7979
118475
-455
6756
4866
-72275
245
-3639
30171
-448910
875
-13019
17431
-259385
595
-8854
-13754
204715
-595
8856
-9589
142800
-315
4691
24431
-364105
735
-10954
10641
-158620
385
-5739
-6964
103845
-385
5741
29296
-436905
1225
-18269
11691
-174440
455
-6789
-12914
192745
-455
6791
23731
-354305
1015
-15154
-18829
281155
-1015
15156
-12739
190260
-525
7841
19916
-297535
595
-8889
23206
-346745
1225
-18304
526
-7875
35
-524
-18759
282520
-595
8961
-23344
352415
-735
11096
17396
-262745
665
-10044
10886
-164465
315
-4759
-26704
403795
-875
13231
18306
-276955
805
-12179
-13404
202825
-805
12181
4936
-74725
245
-3709
19811
-300545
1225
-18584
20791
-315455
805
-12214
13931
-211400
595
-9029
13196
-200305
385
-5844
3886
-59045
175
-2659
-19599
298270
-805
12251
-9694
147595
-315
4796
-9379
142870
-455
6931
-17639
268765
-595
9066
-23449
357350
-735
11201
-28944
441175
-1015
15471
32166
-490735
1225
-18689
20546
-313495
945
-14419
18411
-280945
805
-12284
-12004
183365
-385
5881
-7419
113435
-245
3746
22121
-338520
805
-12319
11866
-181615
455
-6964
35176
-539735
1015
-15574
-33949
520975
-1015
15576
-13579
208425
-805
12356
12811
-196665
595
-9134
-17709
271915
-595
9136
10816
-166145
385
-5914
-9449
145390
-455
7001
-3919
60375
-175
2696
6231
-96110
245
-3779
10991
-169715
315
-4864
32831
-507150
1015
-15679
-19354
299005
-1015
15681
32411
-500955
1225
-18934
10711
-165585
455
-7034
-8259
127715
-455
7036
12881
-199255
595
-9204
-19004
294035
-595
9206
-27019
418285
-875
13546
-29189
451955
-1015
15716
-26599
411880
-1085
16801
29996
-464485
1225
-18969
-26774
415485
-1015
15751
22296
-346045
805
-12494
-23519
365085
-805
12496
12776
-198345
665
-10324
20266
-314685
595
-9239
-10884
169225
-385
5986
-34159
531265
-1015
15786
-9799
152460
-315
4901
6266
-97545
245
-3814
-12809
199570
-665
10361
14176
-220955
595
-9274
-3954
61705
-175
2731
-13229
206605
-455
7106
24431
-381605
1015
-15854
-26879
419895
-1015
15856
20196
-315665
665
-10394
9696
-151585
385
-6019
-19949
312270
-805
12601
33041
-517230
1015
-15889
-31814
498085
-1015
15891
-2869
44975
-105
1646
13266
-208145
455
-7139
17921
-281435
595
-9344
-7524
118265
-245
3851
13406
-210805
385
-6054
-10954
172305
-385
6056
-13159
207060
-525
8261
-12914
203245
-665
10466
15016
-236635
875
-13789
25061
-394975
735
-11584
-23729
374535
-805
12706
12951
-204470
665
-10499
3991
-63035
175
-2764
9766
-154455
385
-6089
-12214
193235
-385
6091
15086
-238945
875
-13859
17886
-283325
665
-10534
13336
-211295
455
-7209
-8434
133665
-455
7211
5111
-81025
245
-3884
18026
-286265
595
-9449
-14349
227920
-595
9451
-9904
157395
-315
5006
25166
-400225
735
-11689
11026
-175385
385
-6124
-7349
116935
-385
6126
30521
-485695
1225
-19494
12146
-193375
455
-7244
-13369
212905
-455
7246
24746
-394205
1015
-16169
-19844
316155
-1015
16171
-13264
211365
-525
8366
20511
-326935
595
-9484
24431
-389480
1225
-19529
561
-8960
35
-559
-19354
310835
-595
9556
-24079
387590
-735
11831
18061
-290850
665
-10709
-27579
444605
-875
14106
19111
-308245
805
-12984
-14209
229215
-805
12986
5181
-83615
245
-3954
21036
-340165
1225
-19809
21596
-349265
805
-13019
14526
-234955
595
-9624
4061
-65765
175
-2834
-20404
330925
-805
13056
-10009
162400
-315
5111
-9834
159635
-455
7386
-18234
296065
-595
9661
-24184
392735
-735
11936
-29959
486605
-1015
16486
33391
-542815
1225
-19914
21491
-349405
945
-15364
19216
-312445
805
-13089
-12389
201635
-385
6266
-7664
124845
-245
3991
22926
-373765
805
-13124
12321
-200900
455
-7419
-34964
571515
-1015
16591
-14384
235165
-805
13161
13406
-219205
595
-9729
-18304
299355
-595
9731
11201
-183260
385
-6299
-9904
162295
-455
7456
-4094
67165
-175
2871
6476
-106365
245
-4024
33846
-556675
1015
-16694
-20369
335055
-1015
16696
11166
-183785
455
-7489
-8714
143465
-455
7491
13476
-221935
595
-9799
-19599
322840
-595
9801
-27894
459725
-875
14421
-30204
497875
-1015
16731
-27684
456365
-1085
17886
31221
-514675
1225
-20194
-27789
459025
-1015
16766
23101
-381640
805
-13299
-24324
401905
-805
13301
13441
-222110
665
-10989
-11269
186480
-385
6371
-35174
582225
-1015
16801
-10114
167475
-315
5216
6511
-107870
245
-4059
-13474
223405
-665
11026
14771
-245000
595
-9869
-4129
68565
-175
2906
-13684
227395
-455
7561
25446
-422905
1015
-16869
-27894
463645
-1015
16871
20861
-346920
665
-11059
10081
-167685
385
-6404
-20754
345625
-805
13406
34056
-567175
1015
-16904
-32829
546805
-1015
16906
-2974
49595
-105
1751
13721
-229005
455
-7594
18516
-309295
595
-9939
-7769
129885
-245
4096
-11339
189700
-385
6441
-13684
229005
-525
8786
-13579
227290
-665
11131
15891
-266315
875
-14664
-24534
411775
-805
13511
13616
-228585
665
-11164
4166
-69965
175
-2939
10151
-170695
385
-6474
-12599
211925
-385
6476
15961
-268765
875
-14734
18551
-312410
665
-11199
13791
-232295
455
-7664
-8889
149765
-455
7666
5356
-90265
245
-4129
18621
-314335
595
-10044
-14944
252315
-595
10046
-10219
172620
-315
5321
11411
-192920
385
-6509
-7734
130795
-385
6511
31746
-536935
1225
-20719
12601
-213220
455
-7699
-13824
233975
-455
7701
25761
-436135
1015
-17184
-20859
353185
-1015
17186
-13789
233520
-525
8891
25656
-434665
1225
-20754
596
-10115
35
-594
-19949
340340
-595
10151
-24814
424235
-735
12566
18726
-320285
665
-11374
-28454
487165
-875
14981
19916
-341145
805
-13789
-15014
257215
-805
13791
5426
-92995
245
-4199
22261
-382235
1225
-21034
22401
-384685
805
-13824
15121
-259700
595
-10219
4236
-72835
175
-3009
-21209
365190
-805
13861
-10324
177835
-315
5426
-10289
177310
-455
7841
-18829
324555
-595
10256
-24919
429590
-735
12671
-30974
534065
-1015
17501
34616
-597345
1225
-21139
22436
-387205
945
-16309
20021
-345555
805
-13894
-12774
220675
-385
6651
-7909
136745
-245
4236
23731
-410620
805
-13929
12776
-221095
455
-7874
-15189
263515
-805
13966
14001
-242935
595
-10324
-18899
327985
-595
10326
11586
-201145
385
-6684
-10359
180110
-455
7911
-4269
74305
-175
3046
6721
-117110
245
-4269
34861
-608230
1015
-17709
-21384
373135
-1015
17711
11621
-202895
455
-7944
-9169
160125
-455
7946
14071
-245805
595
-10394
-20194
352835
-595
10396
-28769
502915
-875
15296
-31219
545825
-1015
17746
-28769
503020
-1085
18971
-28804
504595
-1015
17781
23906
-418845
805
-14104
-25129
440335
-805
14106
14106
-247205
665
-11654
-11654
204505
-385
6756
-10429
183120
-315
5531
6756
-118685
245
-4304
-14139
248570
-665
11691
15366
-270235
595
-10464
-4304
75775
-175
3081
-14139
249095
-455
8016
26461
-466235
1015
-17884
-28909
509425
-1015
17886
21526
-379505
665
-11724
10466
-184555
385
-6789
-21559
380590
-805
14211
35071
-619150
1015
-17919
-33844
597555
-1015
17921
-3079
54425
-105
1856
14176
-250775
455
-8049
19111
-338345
595
-10534
-8014
141995
-245
4341
-11724
207865
-385
6826
-14209
252000
-525
9311
-14244
252665
-665
11796
16766
-297745
875
-15539
-25339
450625
-805
14316
14281
-254030
665
-11829
4341
-77245
175
-3114
10536
-187705
385
-6859
-12984
231385
-385
6861
16836
-300335
875
-15609
19216
-342825
665
-11864
14246
-254205
455
-8119
-9344
166775
-455
8121
5601
-99995
245
-4374
19216
-343595
595
-10639
-15539
277900
-595
10641
-10534
188475
-315
5636
11796
-211225
385
-6894
-8119
145425
-385
6896
32971
-590625
1225
-21944
13056
-233975
455
-8154
-14279
255955
-455
8156
26776
-480095
1015
-18199
-21874
392245
-1015
18201
-14314
256725
-525
9416
26881
-482300
1225
-21979
631
-11340
35
-629
-20544
371035
-595
10746
-25549
462350
-735
13301
19391
-351050
665
-12039
-29329
531475
-875
15856
20721
-375655
805
-14594
-15819
286825
-805
14596
5671
-102865
245
-4444
23486
-426755
1225
-22259
23206
-421715
805
-14629
15716
-285635
595
-10814
4411
-80255
175
-3184
-22014
401065
-805
14666
-10639
193900
-315
5741
-10744
195895
-455
8296
-19424
354235
-595
10851
-25654
467915
-735
13406
-31989
583555
-1015
18516
23381
-426895
945
-17254
20826
-380275
805
-14699
-13159
240485
-385
7036
-8154
149135
-245
4481
24536
-449085
805
-14734
13231
-242200
455
-8329
-15994
293475
-805
14771
14596
-267855
595
-10919
-19494
357805
-595
10921
11971
-219800
385
-7069
-10814
198835
-455
8366
-4444
81795
-175
3221
6966
-128345
245
-4514
-22399
413245
-1015
18726
12076
-222915
455
-8399
-9624
177695
-455
8401
14666
-270865
595
-10989
-20789
384020
-595
10991
-29644
547855
-875
16171
-32234
595805
-1015
18761
-29854
551845
-1085
20056
-29819
552195
-1015
18796
24711
-457660
805
-14909
-25934
480375
-805
14911
14771
-273630
665
-12319
-12039
223300
-385
7141
-10744
199395
-315
5846
7001
-129990
245
-4549
-14804
275065
-665
12356
15961
-296660
595
-11059
-4479
83335
-175
3256
-14594
271705
-455
8471
27476
-511595
1015
-18899
-29924
557235
-1015
18901
22191
-413420
665
-12389
10851
-202195
385
-7174
-22364
417165
-805
15016
-34859
650335
-1015
18936
-3184
59465
-105
1961
14631
-273455
455
-8504
19706
-368585
595
-11129
-8259
154595
-245
4586
-12109
226800
-385
7211
-14734
276045
-525
9836
-14909
279370
-665
12461
17641
-330925
875
-16414
-26144
491085
-805
15121
14946
-280805
665
-12494
4516
-84875
175
-3289
10921
-205485
385
-7244
-13369
251615
-385
7246
17711
-333655
875
-16484
19881
-374570
665
-12529
14701
-277025
455
-8574
-9799
184695
-455
8576
5846
-110215
245
-4619
19811
-374045
595
-11234
-16134
304675
-595
11236
-10849
204960
-315
5951
12181
-230300
385
-7279
-8504
160825
-385
7281
34196
-646765
1225
-23169
13511
-255640
455
-8609
-14734
278845
-455
8611
27791
-526085
1015
-19214
-22889
433335
-1015
19216
-14839
280980
-525
9941
28106
-532385
1225
-23204
666
-12635
35
-664
20056
-383145
665
-12704
-30204
577535
-875
16731
21526
-411775
805
-15399
-16624
318045
-805
15401
5916
-113225
245
-4689
24711
-473725
1225
-23484
24011
-460355
805
-15434
16311
-312760
595
-11409
4586
-88025
175
-3359
-22819
438550
-805
15471
-10954
210595
-315
6056
-11199
215390
-455
8751
-20019
385105
-595
11446
-33004
635075
-1015
19531
24326
-468475
945
-18199
21631
-416605
805
-15504
-8399
162015
-245
4726
25341
-489160
805
-15539
13686
-264215
455
-8784
-16799
325045
-805
15576
15191
-293965
595
-11514
-20089
388815
-595
11516
12356
-239225
385
-7454
-11269
218470
-455
8821
-4619
89635
-175
3396
7211
-140070
245
-4759
-23414
455385
-1015
19741
12531
-243845
455
-8854
-10079
196175
-455
8856
15261
-297115
595
-11584
-30519
594545
-875
17046
-33249
647815
-1015
19776
-30939
602840
-1085
21141
-30834
601825
-1015
19811
25516
-498085
805
-15714
-26739
522025
-805
15716
15436
-301385
665
-12984
-12424
242865
-385
7526
7246
-141785
245
-4794
-15469
302890
-665
13021
16556
-324275
595
-11654
-4654
91245
-175
3431
-15049
295225
-455
8926
28491
-558985
1015
-19914
-30939
607075
-1015
19916
22856
-448665
665
-13054
11236
-220605
385
-7559
-23169
455350
-805
15821
-3289
64715
-105
2066
15086
-297045
455
-8959
20301
-400015
595
-11724
-8504
167685
-245
4831
-12494
246505
-385
7596
-15259
301140
-525
10361
-15574
307405
-665
13126
18516
-365855
875
-17289
-26949
533155
-805
15926
15611
-308910
665
-13159
4691
-92855
175
-3464
11306
-224035
385
-7629
18586
-368725
875
-17359
20546
-407645
665
-13194
15156
-300755
455
-9029
-10254
203525
-455
9031
6091
-120925
245
-4864
20406
-405685
595
-11829
-16729
332640
-595
11831
12566
-250145
385
-7664
-8889
176995
-385
7666
35421
-705355
1225
-24394
13966
-278215
455
-9064
-15189
302645
-455
9066
28806
-574105
1015
-20229
-23904
476455
-1015
20231
-15364
306285
-525
10466
29331
-584920
1225
-24429
701
-14000
35
-699
20721
-416570
665
-13369
22331
-449505
805
-16204
-17429
350875
-805
16206
6161
-124075
245
-4934
25936
-523145
1225
-24709
24816
-500605
805
-16239
16906
-341075
595
-12004
4761
-96145
175
-3534
-23624
477645
-805
16276
-11654
235795
-455
9206
-20614
417165
-595
12041
-34019
688625
-1015
20546
25271
-511945
945
-19144
22436
-454545
805
-16309
26146
-530845
805
-16344
14141
-287140
455
-9239
-17604
358225
-805
16381
15786
-321265
595
-12109
-20684
421015
-595
12111
12741
-259420
385
-7839
-11724
239015
-455
9276
-4794
97825
-175
3571
7456
-152285
245
-5004
-24429
499555
-1015
20756
12986
-265685
455
-9309
-10534
215565
-455
9311
15856
-324555
595
-12179
-34264
701855
-1015
20791
-32024
656005
-1085
22226
-31849
653485
-1015
20826
26321
-540120
805
-16519
-27544
565285
-805
16521
16101
-330470
665
-13649
-12809
263200
-385
7911
7491
-154070
245
-5039
-16134
332045
-665
13686
17151
-353080
595
-12249
-4829
99505
-175
3606
-15504
319655
-455
9381
29506
-608405
1015
-20929
-31954
658945
-1015
20931
11621
-239785
385
-7944
-23974
495145
-805
16626
-3394
70175
-105
2171
15541
-321545
455
-9414
-12879
266980
-385
7981
-15784
327285
-525
10886
-16239
336770
-665
13791
19391
-402535
875
-18164
-27754
576835
-805
16731
16276
-338345
665
-13824
4866
-101185
175
-3639
11691
-243355
385
-8014
19461
-405545
875
-18234
21211
-442050
665
-13859
15611
-325395
455
-9484
-10709
223265
-455
9486
6336
-132125
245
-5109
-17324
361795
-595
12426
12951
-270760
385
-8049
-9274
193935
-385
8051
36646
-766395
1225
-25619
14421
-301700
455
-9519
-15644
327355
-455
9521
29821
-624155
1015
-21244
-24919
521605
-1015
21246
-15889
332640
-525
10991
30556
-639905
1225
-25654
736
-15435
35
-734
21386
-451325
665
-14034
23136
-488845
805
-17009
-18234
385315
-805
17011
6406
-135415
245
-5179
27161
-575015
1225
-25934
25621
-542465
805
-17044
17501
-370580
595
-12599
4936
-104615
175
-3709
-24429
518350
-805
17081
-12109
257110
-455
9661
-35034
744205
-1015
21561
26216
-557305
945
-20089
23241
-494095
805
-17114
26951
-574140
805
-17149
14596
-310975
455
-9694
-18409
393015
-805
17186
16381
-349755
595
-12704
13126
-280385
385
-8224
-12179
260470
-455
9731
-4969
106365
-175
3746
7701
-164990
245
-5249
-25444
545755
-1015
21771
13441
-288435
455
-9764
-10989
235865
-455
9766
16451
-353185
595
-12774
-35279
757925
-1015
21806
-33109
711340
-1085
23311
-32864
707175
-1015
21841
27126
-583765
805
-17324
16766
-360885
665
-14314
-13194
284305
-385
8296
7736
-166845
245
-5284
-16799
362530
-665
14351
17746
-383075
595
-12844
-5004
108115
-175
3781
30521
-659855
1015
-21944
-32969
712845
-1015
21946
12006
-259735
385
-8329
-24779
536550
-805
17431
-3499
75845
-105
2276
-13264
288225
-385
8366
-16309
354480
-525
11411
-16904
367465
-665
14456
20266
-440965
875
-19039
16941
-369110
665
-14489
5041
-109865
175
-3814
12076
-263445
385
-8399
20336
-444115
875
-19109
21876
-477785
665
-14524
-11164
243915
-455
9941
6581
-143815
245
-5354
-17919
392140
-595
13021
13336
-292145
385
-8434
-9659
211645
-385
8436
37871
-829885
1225
-26844
14876
-326095
455
-9974
30836
-676235
1015
-22259
-25934
568785
-1015
22261
-16414
360045
-525
11516
31781
-697340
1225
-26879
771
-16940
35
-769
22051
-487410
665
-14699
23941
-529795
805
-17814
-19039
421365
-805
17816
6651
-147245
245
-5424
28386
-629335
1225
-27159
26426
-585935
805
-17849
18096
-401275
595
-13194
5111
-113435
175
-3884
-25234
560665
-805
17886
-12564
279335
-455
10116
27161
-604555
945
-21034
24046
-535255
805
-17919
27756
-619045
805
-17954
15051
-335720
455
-10149
-19214
429415
-805
17991
16976
-379435
595
-13299
-12634
282835
-455
10186
-5144
115255
-175
3921
7946
-178185
245
-5494
-26459
593985
-1015
22786
13896
-312095
455
-10219
-11444
257075
-455
10221
17046
-383005
595
-13369
-34194
768845
-1085
24396
-33879
762895
-1015
22856
27931
-629020
805
-18129
17431
-392630
665
-14979
7981
-180110
245
-5529
-17464
394345
-665
15016
18341
-414260
595
-13439
-5179
117075
-175
3956
31536
-713335
1015
-22959
-33984
768775
-1015
22961
12391
-280455
385
-8714
-25584
579565
-805
18236
-3604
81725
-105
2381
-16834
382725
-525
11936
-17569
399490
-665
15121
21141
-481145
875
-19914
17606
-401205
665
-15154
5216
-118895
175
-3989
12461
-284305
385
-8784
21211
-484435
875
-19984
22541
-514850
665
-15189
-11619
265475
-455
10396
6826
-155995
245
-5599
-18514
423675
-595
13616
-10044
230125
-385
8821
15331
-351400
455
-10429
31851
-730345
1015
-23274
-26949
617995
-1015
23276
-16939
388500
-525
12041
33006
-757225
1225
-28104
806
-18515
35
-804
22716
-524825
665
-15364
24746
-572355
805
-18619
-19844
459025
-805
18621
6896
-159565
245
-5669
29611
-686105
1225
-28384
27231
-631015
805
-18654
18691
-433160
595
-13789
5286
-122605
175
-4059
-26039
604590
-805
18691
-13019
302470
-455
10571
28106
-653695
945
-21979
24851
-578025
805
-18724
15506
-361375
455
-10604
-20019
467425
-805
18796
17571
-410305
595
-13894
-13089
306110
-455
10641
-5319
124495
-175
4096
8191
-191870
245
-5739
-27474
644245
-1015
23801
14351
-336665
455
-10674
-11899
279195
-455
10676
17641
-414015
595
-13964
-35279
828520
-1085
25481
-34894
820645
-1015
23871
18096
-425705
665
-15644
8226
-193865
245
-5774
-18129
427490
-665
15681
18936
-446635
595
-14034
-5354
126385
-175
4131
32551
-768845
1015
-23974
-34999
826735
-1015
23976
12776
-301945
385
-9099
-26389
624190
-805
19041
-17359
412020
-525
12461
-18234
432845
-665
15786
22016
-523075
875
-20789
18271
-434630
665
-15819
5391
-128275
175
-4164
12846
-305935
385
-9169
22086
-526505
875
-20859
23206
-553245
665
-15854
-12074
287945
-455
10851
7071
-168665
245
-5844
-19109
456400
-595
14211
-10429
249375
-385
9206
15786
-377615
455
-10884
32866
-786485
1015
-24289
-27964
669235
-1015
24291
-17464
418005
-525
12566
34231
-819560
1225
-29329
841
-20160
35
-839
25551
-616525
805
-19424
-20649
498295
-805
19426
7141
-172375
245
-5914
28036
-677705
805
-19459
19286
-466235
595
-14384
5461
-132125
175
-4234
-26844
650125
-805
19496
-13474
326515
-455
11026
29051
-704725
945
-22924
25656
-622405
805
-19529
-20824
507045
-805
19601
18166
-442365
595
-14489
-13544
330295
-455
11096
-5494
134085
-175
4271
8436
-206045
245
-5984
-28489
696535
-1015
24816
14806
-362145
455
-11129
-12354
302225
-455
11131
18236
-446215
595
-14559
-36364
890365
-1085
26566
18761
-460110
665
-16309
8471
-208110
245
-6019
-18794
461965
-665
16346
19531
-480200
595
-14629
-5529
136045
-175
4306
33566
-826385
1015
-24989
13161
-324205
385
-9484
-27194
670425
-805
19846
-17884
442365
-525
12986
-18899
467530
-665
16451
22891
-566755
875
-21664
18936
-469385
665
-16484
5566
-138005
175
-4339
13231
-328335
385
-9554
22961
-570325
875
-21734
-12529
311325
-455
11306
7316
-181825
245
-6089
-19704
490315
-595
14806
-10814
269395
-385
9591
33881
-844655
1015
-25304
-28979
722505
-1015
25306
-17989
448560
-525
13091
35456
-884345
1225
-30554
876
-21875
35
-874
26356
-662305
805
-20229
-21454
539175
-805
20231
7386
-185675
245
-6159
19881
-500500
595
-14979
5636
-141995
175
-4409
-27649
697270
-805
20301
-13929
351470
-455
11481
29996
-757645
945
-23869
26461
-668395
805
-20334
-21629
548275
-805
20406
18761
-475615
595
-15084
-13999
355390
-455
11551
-5669
144025
-175
4446
-29504
750855
-1015
25831
15261
-388535
455
-11584
-12809
326165
-455
11586
18831
-479605
595
-15154
-37449
954380
-1085
27651
19426
-495845
665
-16974
-19459
497770
-665
17011
20126
-514955
595
-15224
-5704
146055
-175
4481
34581
-885955
1015
-26004
-27999
718270
-805
20651
-19564
503545
-665
17116
23766
-612185
875
-22539
19601
-505470
665
-17149
5741
-148085
175
-4514
23836
-615895
875
-22609
-12984
335615
-455
11761
7561
-195475
245
-6334
-20299
525420
-595
15401
-11199
290185
-385
9976
34896
-904855
1015
-26319
-29994
777805
-1015
26321
36681
-951580
1225
-31779
911
-23660
35
-909
27161
-709695
805
-21034
-22259
581665
-805
21036
7631
-199465
245
-6404
20476
-535955
595
-15574
5811
-152215
175
-4584
-14384
377335
-455
11936
30941
-812455
945
-24814
27266
-715995
805
-21139
-22434
591115
-805
21211
19356
-510055
595
-15679
-14454
381395
-455
12006
-5844
154315
-175
4621
-30519
807205
-1015
26846
15716
-415835
455
-12039
-13264
351015
-455
12041
19426
-514185
595
-15749
20091
-532910
665
-17639
-20124
534905
-665
17676
20721
-550900
595
-15819
-5879
156415
-175
4656
-20229
540890
-665
17781
24641
-659365
875
-23414
20266
-542885
665
-17814
5916
-158515
175
-4689
24711
-663215
875
-23484
-13439
360815
-455
12216
7806
-209615
245
-6579
-11584
311745
-385
10361
-31009
835135
-1015
27336
37906
-1021265
1225
-33004
946
-25515
35
-944
27966
-758695
805
-21839
-23064
625765
-805
21841
7876
-213745
245
-6649
5986
-162785
175
-4759
-14839
404110
-455
12391
31886
-869155
945
-25759
28071
-765205
805
-21944
-23239
635565
-805
22016
19951
-545685
595
-16274
-14909
408310
-455
12461
-6019
164955
-175
4796
-31534
865585
-1015
27861
-13719
376775
-455
12496
20021
-549955
595
-16344
20756
-571305
665
-18304
-20789
573370
-665
18341
-6054
167125
-175
4831
-20894
579565
-665
18446
25516
-708295
875
-24289
20931
-581630
665
-18479
6091
-169295
175
-4864
25586
-712285
875
-24359
-13894
386925
-455
12671
8051
-224245
245
-6824
-11969
334075
-385
10746
-32024
894495
-1015
28351
39131
-1093400
1225
-34229
981
-27440
35
-979
-23869
671475
-805
22646
8121
-228515
245
-6894
-15294
431795
-455
12846
32831
-927745
945
-26704
-24044
681625
-805
22821
20546
-582505
595
-16869
-15364
436135
-455
12916
-32549
925995
-1015
28876
-14174
403445
-455
12951
20616
-586915
595
-16939
21421
-611030
665
-18969
-21454
613165
-665
19006
-21559
619570
-665
19111
26391
-758975
875
-25164
21596
-621705
665
-19144
26461
-763105
875
-25234
-14349
413945
-455
13126
8296
-239365
245
-7069
-12354
357175
-385
11131
-33039
955885
-1015
29366
40356
-1167985
1225
-35454
1016
-29435
35
-1014
-24674
718795
-805
23451
8366
-243775
245
-7139
-15749
460390
-455
13301
-24849
729295
-805
23626
-15819
464870
-455
13371
-33564
988435
-1015
29891
-14629
431025
-455
13406
22086
-652085
665
-19634
-22119
654290
-665
19671
-22224
660905
-665
19776
27266
-811405
875
-26039
22261
-663110
665
-19809
27336
-815675
875
-26109
-14804
441875
-455
13581
8541
-254975
245
-7314
-12739
381045
-385
11516
-34054
1019305
-1015
30381
41581
-1245020
1225
-36679
1051
-31500
35
-1049
-25479
767725
-805
24256
-25654
778575
-805
24431
-34579
1052905
-1015
30906
-15084
459515
-455
13861
22751
-694470
665
-20299
-22784
696745
-665
20336
-22889
703570
-665
20441
28141
-865585
875
-26914
22926
-705845
665
-20474
28211
-869995
875
-26984
-15259
470715
-455
14036
-13124
405685
-385
11901
-35069
1084755
-1015
31396
1086
-33635
35
-1084
-26284
818265
-805
25061
-26459
829465
-805
25236
-15539
488915
-455
14316
29016
-921515
875
-27789
29086
-926065
875
-27859
-15714
500465
-455
14491
1121
-35840
35
-1119
-27089
870415
-805
25866
-27264
881965
-805
26041
29891
-979195
875
-28664
29961
-983885
875
-28734
1156
-38115
35
-1154
-27894
924175
-805
26671
-28069
936075
-805
26846
1191
-40460
35
-1189
