1
24
0
1
-575
24
-24
1
5785
-504
264
-23
1753
-168
240
-23
4057
-432
216
-23
601
-72
192
-23
-4055
528
-192
25
1753
-240
168
-23
-2903
432
-168
25
601
-96
144
-23
-2903
504
-144
25
1753
-336
120
-23
697
-144
576
-119
7105
-1488
912
-191
2953
-624
336
-71
4081
-888
216
-47
-4655
1056
-216
49
601
-144
96
-23
-1751
456
-96
25
1201
-336
168
-47
745
-216
576
-167
1393
-408
816
-239
649
-192
240
-71
-4103
1248
-240
73
601
-192
72
-23
-1175
408
-72
25
649
-240
192
-71
-4103
1560
-192
73
1777
-696
120
-47
-2351
960
-120
49
2953
-1248
168
-71
-2375
1032
-168
73
-4703
2112
-216
97
841
-384
576
-263
7201
-3312
624
-287
601
-288
48
-23
-599
312
-48
25
889
-480
576
-311
6049
-3288
528
-287
697
-384
216
-119
1825
-1032
168
-95
-1247
720
-168
97
649
-384
120
-71
-1223
744
-120
73
697
-432
192
-119
-4151
2616
-192
121
625
-408
72
-47
-1199
816
-72
49
1897
-1320
240
-167
-5351
3768
-240
169
985
-696
576
-407
7153
-5088
336
-239
-2999
2160
-168
121
649
-480
96
-71
-1799
1368
-96
73
745
-576
216
-167
-1319
1032
-216
169
-5447
4296
-336
265
1033
-816
576
-455
3649
-2904
240
-191
-1247
1008
-120
97
697
-576
144
-119
-2999
2520
-144
121
1297
-1104
168
-143
-2447
2112
-168
145
745
-648
192
-167
-4199
3696
-192
169
-1343
1200
-216
193
-4247
3840
-240
217
-815
744
-264
241
25
-24
24
-23
6049
-6576
264
-287
1993
-2184
240
-263
4273
-4728
216
-239
793
-888
192
-215
-4247
4800
-192
217
1921
-2184
168
-191
-3071
3528
-168
193
745
-864
144
-167
-3047
3576
-144
169
1873
-2232
120
-143
1273
-1536
576
-695
3289
-3984
336
-407
4297
-5232
216
-263
-4871
5976
-216
265
697
-864
96
-119
-1847
2328
-96
121
1369
-1752
168
-215
1321
-1704
576
-743
889
-1152
240
-311
-4343
5664
-240
313
673
-888
72
-95
-1247
1680
-72
97
841
-1152
192
-263
-4295
5928
-192
265
1897
-2640
120
-167
-2471
3480
-120
169
3121
-4440
168
-239
-2543
3648
-168
241
-4919
7128
-216
313
1417
-2064
576
-839
649
-960
48
-71
-647
984
-48
73
1465
-2256
576
-887
913
-1416
216
-335
1993
-3120
168
-263
-1415
2232
-168
265
769
-1224
120
-191
-1343
2160
-120
193
889
-1440
192
-311
-4343
7080
-192
313
697
-1152
72
-119
-1271
2136
-72
121
2137
-3624
240
-407
-5591
9528
-240
409
-3167
5448
-168
289
745
-1296
96
-167
-1895
3336
-96
169
961
-1704
216
-383
-1535
2736
-216
385
-5783
10344
-336
601
1609
-2880
576
-1031
-1367
2472
-120
217
841
-1536
144
-263
-3143
5784
-144
265
1465
-2712
168
-311
-2615
4872
-168
313
937
-1752
192
-359
-4391
8256
-192
361
-1559
2952
-216
409
-4487
8544
-240
457
-1079
2064
-264
505
49
-96
24
-47
6313
-13176
264
-551
2233
-4680
240
-503
4489
-9456
216
-455
985
-2088
192
-407
-4439
9456
-192
409
2089
-4464
168
-359
-3239
6960
-168
361
889
-1920
144
-311
-3191
6936
-144
313
1993
-4368
120
-263
1849
-4080
576
-1271
3625
-8016
336
-743
4513
-10008
216
-479
-5087
11328
-216
481
793
-1776
96
-215
-1943
4392
-96
217
1537
-3504
168
-383
1897
-4344
576
-1319
1129
-2592
240
-551
-4583
10560
-240
553
745
-1728
72
-167
-1319
3096
-72
169
1033
-2448
192
-455
-4487
10680
-192
457
2017
-4824
120
-287
-2591
6240
-120
289
3289
-7968
168
-407
-2711
6600
-168
409
-5135
12576
-216
529
1993
-4896
576
-1415
697
-1728
48
-119
-695
1752
-48
121
2041
-5184
576
-1463
1129
-2880
216
-551
2161
-5544
168
-431
-1583
4080
-168
433
889
-2304
120
-311
-1463
3816
-120
313
1081
-2832
192
-503
-4535
11928
-192
505
769
-2040
72
-191
-1343
3600
-72
193
2377
-6408
240
-647
-3335
9072
-168
457
841
-2304
96
-263
-1991
5496
-96
265
1177
-3264
216
-599
-1751
4872
-216
601
-6119
17064
-336
937
2185
-6096
576
-1607
-1487
4176
-120
337
985
-2784
144
-407
-3287
9336
-144
409
1633
-4656
168
-479
-2783
7968
-168
481
1129
-3240
192
-551
-4583
13200
-192
553
-1775
5136
-216
625
-4727
13728
-240
697
-1343
3912
-264
769
73
-216
24
-71
2473
-7656
240
-743
4705
-14616
216
-671
1177
-3672
192
-599
2257
-7080
168
-527
-3407
10728
-168
529
1033
-3264
144
-455
-3335
10584
-144
457
2113
-6744
120
-383
2425
-7776
576
-1847
3961
-12720
336
-1079
4729
-15216
216
-695
889
-2880
96
-311
-2039
6648
-96
313
1705
-5592
168
-551
2473
-8136
576
-1895
1369
-4512
240
-791
-4823
15936
-240
793
817
-2712
72
-239
-1391
4656
-72
241
1225
-4128
192
-647
2137
-7248
120
-407
-2711
9240
-120
409
3457
-11832
168
-575
-2879
9888
-168
577
2569
-8880
576
-1991
745
-2592
48
-167
-743
2616
-48
169
2617
-9264
576
-2039
1345
-4776
216
-767
2329
-8304
168
-599
-1751
6264
-168
601
1009
-3624
120
-431
-1583
5712
-120
433
1273
-4608
192
-695
841
-3072
72
-263
-1415
5208
-72
265
2617
-9672
240
-887
-3503
13032
-168
625
937
-3504
96
-359
-2087
7848
-96
361
1393
-5256
216
-815
-1967
7440
-216
817
-6455
24456
-336
1273
2761
-10464
576
-2183
-1607
6120
-120
457
1129
-4320
144
-551
-3431
13176
-144
553
1801
-6936
168
-647
-2951
11400
-168
649
1321
-5112
192
-743
-1991
7752
-216
841
-4967
19392
-240
937
-1607
6288
-264
1033
97
-384
24
-95
2713
-11112
240
-983
4921
-20208
216
-887
1369
-5640
192
-791
2425
-10032
168
-695
-3575
14832
-168
697
1177
-4896
144
-599
2233
-9360
120
-503
3001
-12624
576
-2423
4297
-18096
336
-1415
4945
-20856
216
-911
985
-4176
96
-407
-2135
9096
-96
409
1873
-8016
168
-719
3049
-13080
576
-2471
1609
-6912
240
-1031
-5063
21792
-240
1033
889
-3840
72
-311
-1463
6360
-72
313
1417
-6192
192
-839
2257
-9912
120
-527
-2831
12480
-120
529
3625
-16032
168
-743
-3047
13512
-168
745
3145
-14016
576
-2567
793
-3552
48
-215
-791
3576
-48
217
3193
-14496
576
-2615
1561
-7104
216
-983
2497
-11400
168
-767
-1919
8784
-168
769
1129
-5184
120
-551
-1703
7848
-120
553
1465
-6768
192
-887
913
-4248
72
-335
-1487
6960
-72
337
2857
-13416
240
-1127
-3671
17328
-168
793
1033
-4896
96
-455
-2183
10392
-96
457
1609
-7680
216
-1031
-2183
10440
-216
1033
-6791
32520
-336
1609
3337
-15984
576
-2759
-1727
8304
-120
577
1273
-6144
144
-695
1969
-9552
168
-815
-3119
15168
-168
817
1513
-7368
192
-935
-2207
10800
-216
1057
-5207
25536
-240
1177
-1871
9192
-264
1297
121
-600
24
-119
2953
-15048
240
-1223
5137
-26232
216
-1103
1561
-7992
192
-983
2593
-13320
168
-863
-3743
19272
-168
865
1321
-6816
144
-743
2353
-12216
120
-623
3577
-18624
576
-2999
4633
-24144
336
-1751
5161
-26928
216
-1127
1081
-5664
96
-503
-2231
11736
-96
505
2041
-10776
168
-887
3625
-19176
576
-3047
1849
-9792
240
-1271
-5303
28128
-240
1273
961
-5112
72
-383
-1535
8208
-72
385
1609
-8640
192
-1031
2377
-12816
120
-647
3793
-20568
168
-911
-3215
17472
-168
913
3721
-20304
576
-3143
841
-4608
48
-263
-839
4632
-48
265
3769
-20880
576
-3191
1777
-9864
216
-1199
2665
-14832
168
-935
-2087
11640
-168
937
1249
-6984
120
-671
-1823
10224
-120
673
1657
-9312
192
-1079
985
-5568
72
-407
-1559
8856
-72
409
3097
-17640
240
-1367
-3839
21960
-168
961
1129
-6480
96
-551
-2279
13128
-96
553
1825
-10536
216
-1247
-2399
13872
-216
1249
-7127
41256
-336
1945
3913
-22656
576
-3335
-1847
10728
-120
697
1417
-8256
144
-839
2137
-12504
168
-983
-3287
19272
-168
985
1705
-10008
192
-1127
-2423
14280
-216
1273
-5447
32160
-240
1417
-2135
12624
-264
1561
145
-864
24
-143
3193
-19464
240
-1463
1753
-10728
192
-1175
2761
-16944
168
-1031
-3911
24048
-168
1033
1465
-9024
144
-887
2473
-15312
120
-743
4153
-25776
576
-3575
4969
-30864
336
-2087
1177
-7344
96
-599
2209
-13872
168
-1055
4201
-26424
576
-3623
2089
-13152
240
-1511
-5543
34944
-240
1513
1033
-6528
72
-455
-1607
10200
-72
457
1801
-11472
192
-1223
2497
-15960
120
-767
3961
-25440
168
-1079
-3383
21768
-168
1081
4297
-27744
576
-3719
889
-5760
48
-311
-887
5784
-48
313
4345
-28416
576
-3767
1993
-13056
216
-1415
2833
-18600
168
-1103
-2255
14832
-168
1105
1369
-9024
120
-791
-1943
12840
-120
793
1849
-12240
192
-1271
1057
-7032
72
-479
-1631
10896
-72
481
3337
-22344
240
-1607
-4007
26928
-168
1129
1225
-8256
96
-647
2041
-13824
216
-1463
-2615
17736
-216
1465
-7463
50664
-336
2281
4489
-30480
576
-3911
-1967
13392
-120
817
1561
-10656
144
-983
2305
-15792
168
-1151
-3455
23712
-168
1153
1897
-13032
192
-1319
-2639
18192
-216
1489
-5687
39264
-240
1657
-2399
16584
-264
1825
169
-1176
24
-167
3433
-24360
240
-1703
1945
-13848
192
-1367
2929
-20904
168
-1199
1609
-11520
144
-1031
2593
-18648
120
-863
4729
-34080
576
-4151
5305
-38256
336
-2423
1273
-9216
96
-695
2377
-17304
168
-1223
4777
-34824
576
-4199
2329
-16992
240
-1751
1105
-8088
72
-527
-1679
12336
-72
529
1993
-14688
192
-1415
2617
-19344
120
-887
-3551
26400
-168
1249
4873
-36336
576
-4295
937
-7008
48
-359
-935
7032
-48
361
4921
-37104
576
-4343
2209
-16680
216
-1631
3001
-22704
168
-1271
-2423
18360
-168
1273
1489
-11304
120
-911
-2063
15696
-120
913
2041
-15552
192
-1463
1129
-8640
72
-551
-1703
13080
-72
553
3577
-27528
240
-1847
1321
-10224
96
-743
2257
-17544
216
-1679
-2831
22032
-216
1681
-7799
60744
-336
2617
-2087
16296
-120
937
1705
-13344
144
-1127
2473
-19416
168
-1319
-3623
28488
-168
1321
2089
-16440
192
-1511
-2855
22536
-216
1705
-2663
21072
-264
2089
193
-1536
24
-191
3673
-29736
240
-1943
2137
-17352
192
-1559
3097
-25200
168
-1367
1753
-14304
144
-1175
2713
-22224
120
-983
5305
-43536
576
-4727
5641
-46320
336
-2759
1369
-11280
96
-791
2545
-21072
168
-1391
5353
-44376
576
-4775
2569
-21312
240
-1991
1177
-9792
72
-599
2185
-18288
192
-1607
2737
-22968
120
-1007
-3719
31368
-168
1417
5449
-46080
576
-4871
985
-8352
48
-407
-983
8376
-48
409
5497
-46944
576
-4919
2425
-20736
216
-1847
3169
-27144
168
-1439
-2591
22224
-168
1441
1609
-13824
120
-1031
-2183
18792
-120
1033
2233
-19248
192
-1655
1201
-10392
72
-623
3817
-33192
240
-2087
1417
-12384
96
-839
2473
-21696
216
-1895
-3047
26760
-216
1897
-2207
19440
-120
1057
1849
-16320
144
-1271
2641
-23376
168
-1487
-3791
33600
-168
1489
2281
-20232
192
-1703
-3071
27312
-216
1921
-2927
26088
-264
2353
217
-1944
24
-215
3913
-35592
240
-2183
2329
-21240
192
-1751
3265
-29832
168
-1535
1897
-17376
144
-1319
2833
-26040
120
-1103
5881
-54144
576
-5303
5977
-55056
336
-3095
1465
-13536
96
-887
2713
-25176
168
-1559
5929
-55080
576
-5351
2809
-26112
240
-2231
1249
-11640
72
-671
2377
-22272
192
-1799
2857
-26832
120
-1127
-3887
36672
-168
1585
6025
-56976
576
-5447
1033
-9792
48
-455
-1031
9816
-48
457
6073
-57936
576
-5495
2641
-25224
216
-2063
3337
-31920
168
-1607
-2759
26424
-168
1609
1729
-16584
120
-1151
-2303
22128
-120
1153
2425
-23328
192
-1847
1273
-12288
72
-695
4057
-39336
240
-2327
1513
-14736
96
-935
2689
-26280
216
-2111
-3263
31920
-216
2113
-2327
22824
-120
1177
1993
-19584
144
-1415
2809
-27672
168
-1655
-3959
39048
-168
1657
2473
-24408
192
-1895
-3287
32520
-216
2137
-3191
31632
-264
2617
241
-2400
24
-239
4153
-41928
240
-2423
2521
-25512
192
-1943
3433
-34800
168
-1703
2041
-20736
144
-1463
6457
-65904
576
-5879
6313
-64464
336
-3431
1561
-15984
96
-983
2881
-29616
168
-1727
6505
-66936
576
-5927
3049
-31392
240
-2471
1321
-13632
72
-743
2569
-26640
192
-1991
6601
-69024
576
-6023
1081
-11328
48
-503
-1079
11352
-48
505
6649
-70080
576
-6071
2857
-30144
216
-2279
3505
-37032
168
-1775
-2927
30960
-168
1777
1849
-19584
120
-1271
-2423
25704
-120
1273
2617
-27792
192
-2039
1345
-14328
72
-767
4297
-45960
240
-2567
1609
-17280
96
-1031
2905
-31296
216
-2327
-3479
37512
-216
2329
-2447
26448
-120
1297
2137
-23136
144
-1559
2977
-32304
168
-1823
2665
-28968
192
-2087
-3503
38160
-216
2353
-3455
37704
-264
2881
265
-2904
24
-263
4393
-48744
240
-2663
2713
-30168
192
-2135
3601
-40104
168
-1871
2185
-24384
144
-1607
7033
-78816
576
-6455
6649
-74544
336
-3767
1657
-18624
96
-1079
3049
-34392
168
-1895
7081
-79944
576
-6503
3289
-37152
240
-2711
1393
-15768
72
-815
2761
-31392
192
-2183
1129
-12960
48
-551
-1127
12984
-48
553
3073
-35496
216
-2495
3673
-42480
168
-1943
-3095
35832
-168
1945
1969
-22824
120
-1391
-2543
29520
-120
1393
2809
-32640
192
-2231
1417
-16512
72
-839
4537
-53064
240
-2807
1705
-20016
96
-1127
3121
-36744
216
-2543
-3695
43536
-216
2545
-2567
30312
-120
1417
2281
-26976
144
-1703
3145
-37272
168
-1991
2857
-33912
192
-2279
-3719
44232
-216
2569
-3719
44304
-264
3145
289
-3456
24
-287
4633
-56040
240
-2903
2905
-35208
192
-2327
3769
-45744
168
-2039
2329
-28320
144
-1751
7609
-92880
576
-7031
6985
-85296
336
-4103
1753
-21456
96
-1175
3217
-39504
168
-2063
7657
-94104
576
-7079
3529
-43392
240
-2951
1465
-18048
72
-887
2953
-36528
192
-2375
3289
-41280
216
-2711
3841
-48264
168
-2111
-3263
41040
-168
2113
2089
-26304
120
-1511
-2663
33576
-120
1513
3001
-37872
192
-2423
1489
-18840
72
-911
4777
-60648
240
-3047
1801
-22944
96
-1223
3337
-42624
216
-2759
-3911
49992
-216
2761
-2687
34416
-120
1537
2425
-31104
144
-1847
3313
-42576
168
-2159
3049
-39240
192
-2471
-3935
50736
-216
2785
-3983
51432
-264
3409
313
-4056
24
-311
4873
-63816
240
-3143
3097
-40632
192
-2519
3937
-51720
168
-2207
2473
-32544
144
-1895
8185
-108096
576
-7607
7321
-96720
336
-4439
1849
-24480
96
-1271
3385
-44952
168
-2231
8233
-109416
576
-7655
3769
-50112
240
-3191
1537
-20472
72
-959
3145
-42048
192
-2567
3505
-47496
216
-2927
4009
-54384
168
-2279
-3431
46584
-168
2281
2209
-30024
120
-1631
-2783
37872
-120
1633
3193
-43488
192
-2615
1561
-21312
72
-983
5017
-68712
240
-3287
1897
-26064
96
-1319
3553
-48936
216
-2975
-4127
56880
-216
2977
-2807
38760
-120
1657
2569
-35520
144
-1991
3481
-48216
168
-2327
3241
-44952
192
-2663
-4151
57672
-216
3001
-4247
59088
-264
3673
337
-4704
24
-335
5113
-72072
240
-3383
3289
-46440
192
-2711
2617
-37056
144
-2039
8761
-124464
576
-8183
7657
-108816
336
-4775
1945
-27696
96
-1367
3553
-50736
168
-2399
8809
-125880
576
-8231
4009
-57312
240
-3431
1609
-23040
72
-1031
3337
-47952
192
-2759
3721
-54144
216
-3143
-3599
52464
-168
2449
2329
-33984
120
-1751
3385
-49488
192
-2807
1633
-23928
72
-1055
5257
-77256
240
-3527
1993
-29376
96
-1415
3769
-55680
216
-3191
-4343
64200
-216
3193
2713
-40224
144
-2135
3649
-54192
168
-2495
3433
-51048
192
-2855
-4367
65040
-216
3217
-4511
67272
-264
3937
361
-5400
24
-359
5353
-80808
240
-3623
3481
-52632
192
-2903
2761
-41856
144
-2183
7993
-121584
336
-5111
2041
-31104
96
-1463
3721
-56856
168
-2567
9385
-143496
576
-8807
4249
-64992
240
-3671
1681
-25752
72
-1103
3529
-54240
192
-2951
3937
-61224
216
-3359
-3767
58680
-168
2617
2449
-38184
120
-1871
3577
-55872
192
-2999
1705
-26688
72
-1127
5497
-86280
240
-3767
2089
-32880
96
-1511
3985
-62856
216
-3407
-4559
71952
-216
3409
2857
-45216
144
-2279
3817
-60504
168
-2663
3625
-57528
192
-3047
-4583
72840
-216
3433
-4775
75984
-264
4201
385
-6144
24
-383
5593
-90024
240
-3863
3673
-59208
192
-3095
2905
-46944
144
-2327
2137
-34704
96
-1559
3889
-63312
168
-2735
9961
-162264
576
-9383
4489
-73152
240
-3911
3721
-60912
192
-3143
4153
-68736
216
-3575
-3935
65232
-168
2785
2569
-42624
120
-1991
3769
-62640
192
-3191
5737
-95784
240
-4007
2185
-36576
96
-1607
4201
-70464
216
-3623
-4775
80136
-216
3625
3001
-50496
144
-2423
3985
-67152
168
-2831
3817
-64392
192
-3239
-4799
81072
-216
3649
-5039
85224
-264
4465
409
-6936
24
-407
3865
-66168
192
-3287
3049
-52320
144
-2471
2233
-38496
96
-1655
10537
-182184
576
-9959
4729
-81792
240
-4151
3913
-67968
192
-3335
4369
-76680
216
-3791
2689
-47304
120
-2111
3961
-69792
192
-3383
2281
-40464
96
-1703
4417
-78504
216
-3839
-4991
88752
-216
3841
3145
-56064
144
-2567
4009
-71640
192
-3431
-5015
89736
-216
3865
-5303
94992
-264
4729
433
-7776
24
-431
4057
-73512
192
-3479
3193
-57984
144
-2615
11113
-203256
576
-10535
4969
-90912
240
-4391
4105
-75408
192
-3527
4585
-85056
216
-4007
2809
-52224
120
-2231
4153
-77328
192
-3575
4633
-86976
216
-4055
3289
-61920
144
-2711
4201
-79272
192
-3623
-5567
105288
-264
4993
457
-8664
24
-455
4249
-81240
192
-3671
3337
-63936
144
-2759
11689
-225480
576
-11111
5209
-100512
240
-4631
4297
-83232
192
-3719
4801
-93864
216
-4223
4345
-85248
192
-3767
4849
-95880
216
-4271
3433
-68064
144
-2855
4393
-87288
192
-3815
-5831
116112
-264
5257
481
-9600
24
-479
4441
-89352
192
-3863
12265
-248856
576
-11687
5449
-110592
240
-4871
4489
-91440
192
-3911
5017
-103104
216
-4439
4537
-93552
192
-3959
5065
-105216
216
-4487
4585
-95688
192
-4007
-6095
127464
-264
5521
505
-10584
24
-503
5689
-121152
240
-5111
529
-11616
24
-527
553
-12696
24
-551
