               0,                1,                0,                0
             -20,                1,               -1,                0
             161,              -17,                9,               -1
             101,              -12,                8,               -1
              81,              -11,                7,               -1
             -82,               12,              -14,                2
             204,              -31,               26,               -4
             101,              -16,                6,               -1
              62,              -11,               11,               -2
              21,               -4,                5,               -1
             -81,               17,               -5,                1
              21,               -5,                4,               -1
             -61,               16,               -4,                1
             122,              -34,                7,               -2
             -82,               24,               -7,                2
              41,              -13,                3,               -1
             187,              -65,               20,               -7
            -227,               80,              -20,                7
              65,              -23,               14,               -5
              64,              -23,               11,               -4
             103,              -38,                8,               -3
              82,              -32,                5,               -2
             -22,                9,               -5,                2
              83,              -35,                7,               -3
             -23,               10,               -7,                3
              29,              -13,               20,               -9
             210,              -95,               22,              -10
              21,              -10,                2,               -1
             -21,               11,               -2,                1
              31,              -17,               20,              -11
             170,              -94,               18,              -10
             124,              -70,                7,               -4
             -64,               37,               -7,                4
              83,              -49,                5,               -3
             -23,               14,               -5,                3
             -65,               41,               -8,                5
            -167,              107,              -11,                7
            -229,              148,              -14,                9
            -182,              118,              -34,               22
              44,              -29,                6,               -4
             -22,               15,               -3,                2
              65,              -46,                7,               -5
             -25,               18,               -7,                5
              23,              -17,                4,               -3
             -63,               48,               -4,                3
              24,              -19,                5,               -4
             -84,               68,               -5,                4
            -169,              139,              -11,                9
             -25,               21,               -6,                5
             197,             -167,               20,              -17
            -237,              202,              -20,               17
             -66,               57,               -7,                6
             -67,               59,               -8,                7
             -28,               25,               -9,                8
               1,               -1,                1,               -1
             170,             -188,                9,              -10
             109,             -122,                8,               -9
              88,             -100,                7,               -8
             -96,              110,              -14,               16
             230,             -265,               26,              -30
             107,             -124,                6,               -7
              73,              -86,               11,              -13
              26,              -31,                5,               -6
             -86,              104,               -5,                6
              25,              -31,                4,               -5
             -65,               82,               -4,                5
             129,             -165,                7,               -9
             -89,              115,               -7,                9
              44,              -58,                3,               -4
             207,             -279,               20,              -27
            -247,              334,              -20,               27
              79,             -107,               14,              -19
              75,             -102,               11,              -15
             111,             -152,                8,              -11
              87,             -121,                5,               -7
             -27,               38,               -5,                7
              90,             -128,                7,              -10
             -30,               43,               -7,               10
              49,              -71,               20,              -29
              23,              -34,                2,               -3
             -23,               35,               -2,                3
              51,              -79,               20,              -31
             131,             -205,                7,              -11
             -71,              112,               -7,               11
              88,             -140,                5,               -8
             -28,               45,               -5,                8
             -73,              119,               -8,               13
            -178,              292,              -11,               18
            -243,              400,              -14,               23
            -216,              356,              -34,               56
              50,              -83,                6,              -10
             -25,               42,               -3,                5
              72,             -123,                7,              -12
             -32,               55,               -7,               12
              27,              -47,                4,               -7
             -67,              118,               -4,                7
              29,              -52,                5,               -9
             -89,              161,               -5,                9
            -180,              328,              -11,               20
             -31,               57,               -6,               11
             217,             -401,               20,              -37
            -257,              476,              -20,               37
             -73,              136,               -7,               13
             -75,              141,               -8,               15
             -37,               70,               -9,               17
               2,               -4,                1,               -2
             179,             -377,                9,              -19
             117,             -248,                8,              -17
              95,             -203,                7,              -15
            -110,              236,              -14,               30
             256,             -551,               26,              -56
             113,             -244,                6,              -13
              84,             -183,               11,              -24
              31,              -68,                5,              -11
             -91,              201,               -5,               11
              29,              -65,                4,               -9
             -69,              156,               -4,                9
             136,             -310,                7,              -16
             -96,              220,               -7,               16
              47,             -109,                3,               -7
             227,             -533,               20,              -47
            -267,              628,              -20,               47
              93,             -219,               14,              -33
              86,             -203,               11,              -26
             119,             -282,                8,              -19
              92,             -220,                5,              -12
             -32,               77,               -5,               12
              97,             -235,                7,              -17
             -37,               90,               -7,               17
              69,             -169,               20,              -49
              25,              -62,                2,               -5
             -25,               63,               -2,                5
              71,             -181,               20,              -51
             138,             -354,                7,              -18
             -78,              201,               -7,               18
              93,             -241,                5,              -13
             -33,               86,               -5,               13
             -81,              213,               -8,               21
            -189,              499,              -11,               29
            -257,              680,              -14,               37
            -250,              662,              -34,               90
              56,             -149,                6,              -16
             -28,               75,               -3,                8
              79,             -214,                7,              -19
             -39,              106,               -7,               19
              31,              -85,                4,              -11
             -71,              196,               -4,               11
              34,              -95,                5,              -14
             -94,              264,               -5,               14
            -191,              539,              -11,               31
             -37,              105,               -6,               17
             237,             -675,               20,              -57
            -277,              790,              -20,               57
             -80,              229,               -7,               20
             -83,              239,               -8,               23
             -46,              133,               -9,               26
               3,               -9,                1,               -3
             125,             -390,                8,              -25
             102,             -320,                7,              -22
            -124,              390,              -14,               44
             282,             -889,               26,              -82
             119,             -376,                6,              -19
              95,             -302,               11,              -35
              36,             -115,                5,              -16
             -96,              308,               -5,               16
              33,             -107,                4,              -13
             -73,              238,               -4,               13
            -103,              339,               -7,               23
              50,             -166,                3,              -10
             247,             -827,               20,              -67
            -287,              962,              -20,               67
             107,             -359,               14,              -47
              97,             -326,               11,              -37
             127,             -428,                8,              -27
              97,             -329,                5,              -17
             -37,              126,               -5,               17
             104,             -356,                7,              -24
             -44,              151,               -7,               24
              89,             -307,               20,              -69
              27,              -94,                2,               -7
             -27,               95,               -2,                7
              91,             -323,               20,              -71
             -85,              304,               -7,               25
              98,             -352,                5,              -18
             -38,              137,               -5,               18
             -89,              323,               -8,               29
            -200,              728,              -11,               40
            -271,              988,              -14,               51
            -284,             1036,              -34,              124
              62,             -227,                6,              -22
             -31,              114,               -3,               11
              86,             -319,                7,              -26
             -46,              171,               -7,               26
              35,             -131,                4,              -15
             -75,              282,               -4,               15
              39,             -148,                5,              -19
             -99,              377,               -5,               19
            -202,              772,              -11,               42
             -43,              165,               -6,               23
             257,             -989,               20,              -77
            -297,             1144,              -20,               77
             -87,              336,               -7,               27
             -91,              353,               -8,               31
             -55,              214,               -9,               35
               4,              -16,                1,               -4
             133,             -548,                8,              -33
             109,             -451,                7,              -29
             106,             -443,               11,              -46
              41,             -172,                5,              -21
              37,             -157,                4,              -17
             -77,              328,               -4,               17
            -110,              472,               -7,               30
              53,             -229,                3,              -13
             267,            -1161,               20,              -87
            -307,             1336,              -20,               87
             121,             -527,               14,              -61
             108,             -471,               11,              -48
             135,             -590,                8,              -35
             -42,              185,               -5,               22
             111,             -491,                7,              -31
             -51,              226,               -7,               31
             109,             -485,               20,              -89
              29,             -130,                2,               -9
             -29,              131,               -2,                9
             111,             -505,               20,              -91
             -92,              421,               -7,               32
             -43,              198,               -5,               23
             -97,              449,               -8,               37
            -211,              979,              -11,               51
             -34,              159,               -3,               14
              93,             -438,                7,              -33
             -53,              250,               -7,               33
              39,             -185,                4,              -19
             -79,              376,               -4,               19
              44,             -211,                5,              -24
            -213,             1027,              -11,               53
             -49,              237,               -6,               29
             277,            -1343,               20,              -97
            -317,             1538,              -20,               97
             -94,              457,               -7,               34
             -99,              483,               -8,               39
             -64,              313,               -9,               44
               5,              -25,                1,               -5
             141,             -722,                8,              -41
             116,             -596,                7,              -36
             117,             -606,               11,              -57
              46,             -239,                5,              -26
              41,             -215,                4,              -21
            -117,              619,               -7,               37
              56,             -298,                3,              -16
             287,            -1535,               20,             -107
             135,             -723,               14,              -75
             119,             -638,               11,              -59
             143,             -768,                8,              -43
             -47,              254,               -5,               27
             118,             -640,                7,              -38
             -58,              315,               -7,               38
             129,             -703,               20,             -109
              31,             -170,                2,              -11
             -31,              171,               -2,               11
             131,             -727,               20,             -111
             -99,              552,               -7,               39
             -48,              269,               -5,               28
            -105,              591,               -8,               45
             -37,              210,               -3,               17
             100,             -571,                7,              -40
             -60,              343,               -7,               40
              43,             -247,                4,              -23
              49,             -284,                5,              -29
             -55,              321,               -6,               35
             297,            -1737,               20,             -117
            -101,              592,               -7,               41
            -107,              629,               -8,               47
             -73,              430,               -9,               53
               6,              -36,                1,               -6
             149,             -912,                8,              -49
             123,             -755,                7,              -43
             128,             -791,               11,              -68
              51,             -316,                5,              -31
              45,             -281,                4,              -25
            -124,              780,               -7,               44
              59,             -373,                3,              -19
             307,            -1949,               20,             -127
             149,             -947,               14,              -89
             130,             -827,               11,              -70
             151,             -962,                8,              -51
             -52,              333,               -5,               32
             125,             -803,                7,              -45
             -65,              418,               -7,               45
             149,             -961,               20,             -129
              33,             -214,                2,              -13
             -33,              215,               -2,               13
             151,             -989,               20,             -131
            -106,              697,               -7,               46
             -53,              350,               -5,               33
            -113,              749,               -8,               53
             -40,              267,               -3,               20
             107,             -718,                7,              -47
             -67,              450,               -7,               47
              47,             -317,                4,              -27
              54,             -367,                5,              -34
             -61,              417,               -6,               41
             317,            -2171,               20,             -137
            -108,              741,               -7,               48
            -115,              791,               -8,               55
             -82,              565,               -9,               62
               7,              -49,                1,               -7
             157,            -1118,                8,              -57
             130,             -928,                7,              -50
             139,             -998,               11,              -79
              56,             -403,                5,              -36
              49,             -355,                4,              -29
            -131,              955,               -7,               51
             163,            -1199,               14,             -103
             141,            -1038,               11,              -81
             159,            -1172,                8,              -59
             -57,              422,               -5,               37
             132,             -980,                7,              -52
             -72,              535,               -7,               52
             169,            -1259,               20,             -149
              35,             -262,                2,              -15
             -35,              263,               -2,               15
             171,            -1291,               20,             -151
            -113,              856,               -7,               53
             -58,              441,               -5,               38
            -121,              923,               -8,               61
             -43,              330,               -3,               23
             114,             -879,                7,              -54
             -74,              571,               -7,               54
              51,             -395,                4,              -31
              59,             -460,                5,              -39
             -67,              525,               -6,               47
            -115,              904,               -7,               55
            -123,              969,               -8,               63
             -91,              718,               -9,               71
               8,              -64,                1,               -8
             137,            -1115,                7,              -57
             150,            -1227,               11,              -90
              61,             -500,                5,              -41
              53,             -437,                4,              -33
            -138,             1144,               -7,               58
             177,            -1479,               14,             -117
             152,            -1271,               11,              -92
             -62,              521,               -5,               42
             139,            -1171,                7,              -59
             -79,              666,               -7,               59
             189,            -1597,               20,             -169
              37,             -314,                2,              -17
             -37,              315,               -2,               17
             191,            -1633,               20,             -171
            -120,             1029,               -7,               60
             -63,              542,               -5,               43
            -129,             1113,               -8,               69
             -46,              399,               -3,               26
             121,            -1054,                7,              -61
             -81,              706,               -7,               61
              55,             -481,                4,              -35
              64,             -563,                5,              -44
             -73,              645,               -6,               53
            -122,             1081,               -7,               62
            -131,             1163,               -8,               71
            -100,              889,               -9,               80
               9,              -81,                1,               -9
             161,            -1478,               11,             -101
              66,             -607,                5,              -46
              57,             -527,                4,              -37
             191,            -1787,               14,             -131
             163,            -1526,               11,             -103
             -67,              630,               -5,               47
             -86,              811,               -7,               66
              39,             -370,                2,              -19
             -39,              371,               -2,               19
            -127,             1216,               -7,               67
             -68,              653,               -5,               48
            -137,             1319,               -8,               77
             -49,              474,               -3,               29
             128,            -1243,                7,              -68
             -88,              855,               -7,               68
              59,             -575,                4,              -39
              69,             -676,                5,              -49
             -79,              777,               -6,               59
            -129,             1272,               -7,               69
            -139,             1373,               -8,               79
            -109,             1078,               -9,               89
              10,             -100,                1,              -10
             172,            -1751,               11,             -112
              71,             -724,                5,              -51
              61,             -625,                4,              -41
             205,            -2123,               14,             -145
             174,            -1803,               11,             -114
             -72,              749,               -5,               52
             -93,              970,               -7,               73
            -134,             1417,               -7,               74
             -73,              774,               -5,               53
            -145,             1541,               -8,               85
             -52,              555,               -3,               32
             135,            -1446,                7,              -75
             -95,             1018,               -7,               75
              63,             -677,                4,              -43
              74,             -799,                5,              -54
             -85,              921,               -6,               65
            -136,             1477,               -7,               76
            -147,             1599,               -8,               87
            -118,             1285,               -9,               98
              11,             -121,                1,              -11
             183,            -2046,               11,             -123
              76,             -851,                5,              -56
              65,             -731,                4,              -45
             219,            -2487,               14,             -159
             185,            -2102,               11,             -125
             -77,              878,               -5,               57
            -100,             1143,               -7,               80
             -78,              905,               -5,               58
            -153,             1779,               -8,               93
             -55,              642,               -3,               35
            -102,             1195,               -7,               82
              67,             -787,                4,              -47
              79,             -932,                5,              -59
             -91,             1077,               -6,               71
            -155,             1841,               -8,               95
            -127,             1510,               -9,              107
              12,             -144,                1,              -12
             194,            -2363,               11,             -134
              81,             -988,                5,              -61
              69,             -845,                4,              -49
             233,            -2879,               14,             -173
             196,            -2423,               11,             -136
             -82,             1017,               -5,               62
            -107,             1330,               -7,               87
             -83,             1046,               -5,               63
             -58,              735,               -3,               38
            -109,             1386,               -7,               89
              71,             -905,                4,              -51
              84,            -1075,                5,              -64
             -97,             1245,               -6,               77
            -136,             1753,               -9,              116
              13,             -169,                1,              -13
             205,            -2702,               11,             -145
              86,            -1135,                5,              -66
              73,             -967,                4,              -53
             247,            -3299,               14,             -187
             207,            -2766,               11,             -147
             -87,             1166,               -5,               67
            -114,             1531,               -7,               94
             -88,             1197,               -5,               68
            -116,             1591,               -7,               96
              75,            -1031,                4,              -55
              89,            -1228,                5,              -69
            -103,             1425,               -6,               83
            -145,             2014,               -9,              125
              14,             -196,                1,              -14
             216,            -3063,               11,             -156
              91,            -1292,                5,              -71
              77,            -1097,                4,              -57
             261,            -3747,               14,             -201
             218,            -3131,               11,             -158
             -92,             1325,               -5,               72
            -121,             1746,               -7,              101
             -93,             1358,               -5,               73
            -123,             1810,               -7,              103
              79,            -1165,                4,              -59
              94,            -1391,                5,              -74
            -109,             1617,               -6,               89
            -154,             2293,               -9,              134
              15,             -225,                1,              -15
              96,            -1459,                5,              -76
             275,            -4223,               14,             -215
             -97,             1494,               -5,               77
            -128,             1975,               -7,              108
             -98,             1529,               -5,               78
            -130,             2043,               -7,              110
              99,            -1564,                5,              -79
            -115,             1821,               -6,               95
            -163,             2590,               -9,              143
              16,             -256,                1,              -16
            -135,             2218,               -7,              115
            -137,             2290,               -7,              117
            -172,             2905,               -9,              152
              17,             -289,                1,              -17
              18,             -324,                1,              -18
              19,             -361,                1,              -19
