1
25
0
1
-624
25
-25
1
-2549
200
-650
51
12551
-1025
600
-49
3151
-275
275
-24
-5024
475
-275
26
6301
-650
475
-49
-4424
475
-475
51
-649
75
-225
26
5701
-675
625
-74
-10074
1225
-625
76
8801
-1150
375
-49
1276
-175
175
-24
-2524
375
-175
26
-2549
400
-325
51
10101
-1600
625
-99
-5724
925
-625
101
4451
-775
425
-74
5051
-900
275
-49
651
-125
125
-24
-2524
525
-125
26
5051
-1100
225
-49
7576
-1725
325
-74
-6949
1625
-325
76
-10099
2400
-425
101
-10249
2450
-1050
251
2551
-625
200
-49
4501
-1175
475
-124
-5749
1525
-475
126
1951
-525
275
-74
-5699
1575
-275
76
-17749
4950
-900
251
-799
225
-625
176
-3174
925
-175
51
6976
-2125
325
-99
-724
225
-325
101
7651
-2400
475
-149
-10774
3425
-475
151
-12849
4100
-1100
351
1301
-425
150
-49
-649
225
-75
26
3976
-1425
625
-224
1451
-525
550
-199
-1974
725
-275
101
1376
-525
325
-124
2551
-1000
125
-49
-674
275
-125
51
1951
-825
175
-74
-1324
575
-175
76
-2849
1250
-800
351
-2774
1225
-625
276
-724
325
-225
101
-3874
1775
-275
126
-1399
650
-325
151
-799
375
-375
176
-6449
3050
-425
201
-7724
3675
-475
226
-10249
4900
-525
251
-15549
7450
-1150
551
51
-25
100
-49
-4074
2125
-625
326
3401
-1775
525
-274
4626
-2425
475
-249
4601
-2425
425
-224
8951
-4750
375
-199
7051
-3775
325
-174
3276
-1775
275
-149
5126
-2825
225
-124
-6499
3625
-450
251
-2849
1600
-625
351
3226
-1825
175
-99
-2599
1500
-175
101
2576
-1525
125
-74
-699
425
-125
76
-7074
4375
-325
201
5176
-3275
275
-174
4151
-2650
625
-399
7951
-5100
700
-449
1301
-850
75
-49
9176
-6225
625
-424
-7299
4975
-625
426
1576
-1075
475
-324
-4699
3225
-475
326
7726
-5325
325
-224
-1474
1025
-325
226
1376
-975
175
-124
-1499
1075
-350
251
-1074
775
-625
451
1451
-1050
275
-199
-5199
3800
-275
201
6601
-4850
475
-349
-7849
5800
-475
351
7351
-5575
625
-474
-9224
7025
-625
476
951
-725
425
-324
1501
-1150
325
-249
-874
675
-325
251
-799
625
-225
176
726
-575
125
-99
-2599
2100
-125
101
-2099
1725
-275
226
-6599
5450
-425
351
-2749
2300
-300
251
2051
-1725
950
-799
5901
-4975
325
-274
2026
-1725
175
-149
-3274
2825
-175
151
-949
825
-375
326
-2849
2500
-400
351
12001
-10575
850
-749
5201
-4600
225
-199
7926
-7075
475
-424
-6049
5425
-475
426
2126
-1925
275
-249
-3999
3650
-275
251
3076
-2825
625
-574
-13699
12625
-625
576
26
-25
25
-24
3426
-3725
275
-299
-5299
5800
-275
301
6776
-7475
475
-524
-4899
5425
-475
526
-874
975
-225
251
6326
-7075
625
-699
-10699
12000
-625
701
9176
-10375
375
-424
1451
-1650
175
-199
-2699
3100
-175
201
-2874
3325
-325
376
10726
-12425
625
-724
-6349
7375
-625
726
4876
-5725
425
-499
5326
-6275
275
-324
776
-925
125
-149
-2649
3200
-125
151
5276
-6425
225
-274
7901
-9700
325
-399
-7274
8975
-325
401
-10524
13025
-425
526
-11299
14000
-1050
1301
2751
-3425
200
-249
4976
-6275
475
-599
-6224
7875
-475
601
2226
-2825
275
-349
-5974
7625
-275
351
-1424
1825
-625
801
-3349
4325
-175
226
7301
-9525
325
-424
-1049
1375
-325
426
8126
-10675
475
-624
-11249
14825
-475
626
-13949
18400
-1100
1451
1451
-1925
150
-199
-724
975
-75
101
4601
-6250
625
-849
2001
-2725
550
-749
-2249
3075
-275
376
1701
-2350
325
-449
2676
-3725
125
-174
-799
1125
-125
176
2126
-3025
175
-249
-1499
2150
-175
251
-3649
5250
-800
1151
-3399
4900
-625
901
-949
1375
-225
326
-4149
6050
-275
401
-1724
2525
-325
476
-1174
1725
-375
551
-6874
10125
-425
626
-8199
12100
-475
701
-10774
15925
-525
776
-16699
24700
-1150
1701
151
-225
100
-149
-4699
7150
-625
951
3926
-5975
525
-799
5101
-7775
475
-724
5026
-7675
425
-649
9326
-14275
375
-574
7376
-11325
325
-499
3551
-5475
275
-424
5351
-8300
225
-349
-6949
10825
-450
701
-3474
5425
-625
976
3401
-5325
175
-274
-2774
4375
-175
276
2701
-4300
125
-199
-824
1325
-125
201
-7399
11975
-325
526
5451
-8900
275
-449
4776
-7825
625
-1024
8651
-14200
700
-1149
1376
-2275
75
-124
9801
-16450
625
-1049
-7924
13325
-625
1051
2051
-3450
475
-799
-5174
8725
-475
801
8051
-13600
325
-549
-1799
3050
-325
551
1551
-2650
175
-299
-1699
2925
-625
1076
1726
-2975
275
-474
-5474
9475
-275
476
7076
-12275
475
-824
-8324
14475
-475
826
7976
-14025
625
-1099
-9849
17350
-625
1101
1376
-2425
425
-749
1826
-3225
325
-574
-1199
2125
-325
576
-1024
1825
-225
401
851
-1525
125
-224
-2724
4925
-125
226
-2374
4325
-275
501
-7024
12825
-425
776
-3049
5600
-300
551
3001
-5525
950
-1749
6226
-11475
325
-599
2201
-4075
175
-324
-3449
6425
-175
326
-1324
2475
-375
701
-3249
6100
-400
751
12851
-24175
850
-1599
5426
-10225
225
-424
8401
-15900
475
-899
-6524
12375
-475
901
2401
-4575
275
-524
-4274
8175
-275
526
3701
-7100
625
-1199
-14324
27525
-625
1201
51
-100
25
-49
3701
-7725
275
-574
-5574
11675
-275
576
7251
-15250
475
-999
-5374
11325
-475
1001
-1099
2325
-225
476
6951
-14725
625
-1324
-11324
24025
-625
1326
1626
-3475
175
-374
-2874
6175
-175
376
-3199
6900
-325
701
-6974
15075
-625
1351
5301
-11525
425
-924
5601
-12200
275
-599
901
-1975
125
-274
-2774
6125
-125
276
5501
-12200
225
-499
-7599
16975
-325
726
5451
-12325
475
-1074
-6699
15175
-475
1076
2501
-5675
275
-624
-6249
14225
-275
626
-2049
4675
-625
1426
-3524
8075
-175
401
7626
-17575
325
-749
-1374
3175
-325
751
8601
-19900
475
-1099
-11724
27175
-475
1101
-15049
34900
-1100
2551
1601
-3725
150
-349
-799
1875
-75
176
5226
-12325
625
-1474
2551
-6025
550
-1299
-2524
5975
-275
651
2026
-4825
325
-774
2801
-6700
125
-299
-924
2225
-125
301
2301
-5575
175
-424
-1674
4075
-175
426
-4449
10850
-800
1951
-4024
9825
-625
1526
-1174
2875
-225
551
-4424
10875
-275
676
-2049
5050
-325
801
-1549
3825
-375
926
-7299
18050
-425
1051
-8674
21475
-475
1176
-11299
28000
-525
1301
-17849
44250
-1150
2851
251
-625
100
-249
-5324
13425
-625
1576
4451
-11225
525
-1324
5576
-14075
475
-1199
5451
-13775
425
-1074
7701
-19525
325
-824
3826
-9725
275
-699
5576
-14225
225
-574
-7399
18925
-450
1151
-4099
10500
-625
1601
3576
-9175
175
-449
-2949
7600
-175
451
2826
-7325
125
-324
-949
2475
-125
326
-7724
20225
-325
851
5726
-15075
275
-724
9351
-24700
700
-1849
1451
-3850
75
-199
10426
-27925
625
-1674
-8549
22925
-625
1676
2526
-6775
475
-1274
-5649
15175
-475
1276
-2124
5725
-325
876
1726
-4675
175
-474
-2324
6325
-625
1701
2001
-5450
275
-749
-5749
15700
-275
751
7551
-20650
475
-1299
-8799
24100
-475
1301
8601
-23725
625
-1724
-10474
28925
-625
1726
1801
-4975
425
-1174
2151
-5950
325
-899
-1524
4225
-325
901
-1249
3475
-225
626
976
-2725
125
-349
-2849
8000
-125
351
-2649
7475
-275
776
-7449
21050
-425
1201
-3349
9500
-300
851
3951
-11225
950
-2699
6551
-18625
325
-924
2376
-6775
175
-499
-3624
10375
-175
501
-1699
4875
-375
1076
8876
-25675
475
-1374
-6999
20275
-475
1376
2676
-7775
275
-799
-4549
13250
-275
801
4326
-12625
625
-1824
-14949
43675
-625
1826
76
-225
25
-74
3976
-12275
275
-849
-5849
18100
-275
851
7726
-23975
475
-1474
-5849
18175
-475
1476
-1324
4125
-225
701
7576
-23625
625
-1949
-11949
37300
-625
1951
1801
-5650
175
-549
-3049
9600
-175
551
-3524
11125
-325
1026
-7599
24025
-625
1976
5726
-18175
425
-1349
5876
-18675
275
-874
1026
-3275
125
-399
-2899
9300
-125
401
-7924
25625
-325
1051
5926
-19325
475
-1549
-7174
23425
-475
1551
2776
-9075
275
-899
-6524
21375
-275
901
-2674
8775
-625
2051
-3699
12175
-175
576
7951
-26275
325
-1074
-1699
5625
-325
1076
9076
-30075
475
-1574
-874
2925
-75
251
5851
-19650
625
-2099
3101
-10425
550
-1849
-2799
9425
-275
926
2351
-7950
325
-1099
2926
-9925
125
-424
-1049
3575
-125
426
2476
-8475
175
-599
-1849
6350
-175
601
-5249
18050
-800
2751
-4649
16000
-625
2151
-1399
4825
-225
776
-4699
16250
-275
951
-2374
8225
-325
1126
-1924
6675
-375
1301
-7724
26825
-425
1476
-9149
31800
-475
1651
-11824
41125
-525
1826
-18999
66100
-1150
4001
351
-1225
100
-349
-5949
20950
-625
2201
4976
-17525
525
-1849
6051
-21325
475
-1674
5876
-20725
425
-1499
8026
-28375
325
-1149
4101
-14525
275
-974
-7849
27925
-450
1601
3751
-13375
175
-624
-3124
11175
-175
626
2951
-10600
125
-449
-1074
3875
-125
451
-8049
29125
-325
1176
6001
-21800
275
-999
10051
-36600
700
-2549
1526
-5575
75
-274
11051
-40650
625
-2299
-9174
33775
-625
2301
3001
-11050
475
-1749
-6124
22575
-475
1751
-2449
9050
-325
1201
1901
-7050
175
-649
-2949
10975
-625
2326
2276
-8475
275
-1024
-6024
22475
-275
1026
8026
-29975
475
-1774
-9274
34675
-475
1776
9226
-34675
625
-2349
-11099
41750
-625
2351
2226
-8375
425
-1599
2476
-9325
325
-1224
-1849
6975
-325
1226
-1474
5575
-225
851
1101
-4175
125
-474
-2974
11325
-125
476
-2924
11175
-275
1051
-7874
30125
-425
1626
-3649
14000
-300
1151
4901
-18825
950
-3649
6876
-26425
325
-1249
2551
-9825
175
-674
-3799
14675
-175
676
-2074
8025
-375
1451
9351
-36400
475
-1849
-7474
29125
-475
1851
2951
-11525
275
-1074
-4824
18875
-275
1076
4951
-19400
625
-2449
101
-400
25
-99
4251
-17375
275
-1124
-6124
25075
-275
1126
8201
-33650
475
-1949
-6324
25975
-475
1951
-1549
6375
-225
926
8201
-33775
625
-2574
-12574
51825
-625
2576
1976
-8175
175
-724
-3224
13375
-175
726
-3849
16000
-325
1351
-8224
34225
-625
2601
6151
-25675
425
-1774
6151
-25700
275
-1149
1151
-4825
125
-524
-3024
12725
-125
526
6401
-27275
475
-2024
-7649
32625
-475
2026
3051
-13025
275
-1174
-6799
29075
-275
1176
-3874
16625
-175
751
-2024
8725
-325
1401
9551
-41200
475
-2049
-949
4125
-75
326
6476
-28225
625
-2724
3651
-15925
550
-2399
-3074
13425
-275
1201
2676
-11725
325
-1424
3051
-13400
125
-549
-1174
5175
-125
551
2651
-11725
175
-774
-2024
8975
-175
776
-5274
23425
-625
2776
-1624
7225
-225
1001
-4974
22175
-275
1226
-2699
12050
-325
1451
-2299
10275
-375
1676
-8149
36450
-425
1901
-9624
43075
-475
2126
-12349
55300
-525
2351
-20149
90250
-1150
5151
451
-2025
100
-449
-6574
29725
-625
2826
5501
-24875
525
-2374
6526
-29525
475
-2149
6301
-28525
425
-1924
4376
-19875
275
-1249
3926
-17925
175
-799
-3299
15100
-175
801
3076
-14125
125
-574
-1199
5525
-125
576
6276
-29075
275
-1274
10751
-49900
700
-3249
1601
-7450
75
-349
11676
-54625
625
-2924
-9799
45875
-625
2926
3476
-16275
475
-2224
-6599
30925
-475
2226
-2774
13025
-325
1526
2076
-9775
175
-824
-3574
16875
-625
2951
2551
-12050
275
-1299
-6299
29800
-275
1301
8501
-40250
475
-2249
-9749
46200
-475
2251
9851
-46875
625
-2974
-11724
55825
-625
2976
2651
-12625
425
-2024
2801
-13350
325
-1549
-2174
10375
-325
1551
-1699
8125
-225
1076
1226
-5875
125
-599
-3099
14900
-125
601
-3199
15425
-275
1326
-8299
40050
-425
2051
-3949
19100
-300
1451
5851
-28325
950
-4599
7201
-34875
325
-1574
2726
-13225
175
-849
-3974
19325
-175
851
-2449
11925
-375
1826
9826
-48075
475
-2324
-7949
38925
-475
2326
3226
-15825
275
-1349
-5099
25050
-275
1351
5576
-27425
625
-3074
126
-625
25
-124
4526
-23025
275
-1399
-6399
32600
-275
1401
8676
-44275
475
-2424
-6799
34725
-475
2426
-1774
9075
-225
1151
8826
-45175
625
-3199
-13199
67600
-625
3201
2151
-11050
175
-899
-3399
17500
-175
901
-4174
21525
-325
1676
-8849
45675
-625
3226
6576
-34025
425
-2199
6426
-33275
275
-1424
1276
-6625
125
-649
6876
-36175
475
-2499
-8124
42775
-475
2501
3326
-17525
275
-1449
-4049
21425
-175
926
-2349
12475
-325
1726
10026
-53275
475
-2524
-1024
5475
-75
401
7101
-38050
625
-3349
4201
-22525
550
-2949
-3349
17975
-275
1476
3001
-16150
325
-1749
-1299
7025
-125
676
2826
-15325
175
-949
-2199
11950
-175
951
-5899
32100
-625
3401
-1849
10075
-225
1226
-5249
28650
-275
1501
-3024
16525
-325
1776
-2674
14625
-375
2051
-8574
46925
-425
2326
-10099
55300
-475
2601
-12874
70525
-525
2876
-21299
116700
-1150
6301
551
-3025
100
-549
-7199
39750
-625
3451
6026
-33275
525
-2899
7001
-38675
475
-2624
6726
-37175
425
-2349
4651
-25775
275
-1524
4101
-22825
175
-974
-3474
19375
-175
976
-1324
7425
-125
701
6551
-36900
275
-1549
11451
-64600
700
-3949
1676
-9475
75
-424
12301
-69850
625
-3549
-10424
59225
-625
3551
3951
-22450
475
-2699
-7074
40225
-475
2701
-3099
17650
-325
1851
2251
-12850
175
-999
-4199
24025
-625
3576
2826
-16175
275
-1574
-6574
37675
-275
1576
8976
-51475
475
-2724
-10224
58675
-475
2726
10476
-60325
625
-3599
-12349
71150
-625
3601
3076
-17725
425
-2449
3126
-18025
325
-1874
-2499
14425
-325
1876
-1924
11125
-225
1301
1351
-7825
125
-724
-3474
20225
-275
1601
-8724
50825
-425
2476
-4249
24800
-300
1751
6801
-39725
950
-5549
7526
-43975
325
-1899
2901
-16975
175
-1024
-4149
24325
-175
1026
-2824
16575
-375
2201
10301
-60700
475
-2799
-8424
49675
-475
2801
3501
-20675
275
-1624
-5374
31775
-275
1626
6201
-36700
625
-3699
151
-900
25
-149
4801
-29225
275
-1674
-6674
40675
-275
1676
9151
-55850
475
-2899
-7274
44425
-475
2901
-1999
12225
-225
1376
9451
-57825
625
-3824
-13824
84625
-625
3826
2326
-14275
175
-1074
-3574
21975
-175
1076
-4499
27700
-325
2001
-9474
58375
-625
3851
7001
-43225
425
-2624
6701
-41400
275
-1699
1401
-8675
125
-774
7351
-46025
475
-2974
-8599
53875
-475
2976
3601
-22575
275
-1724
-4224
26575
-175
1101
-2674
16875
-325
2051
10501
-66300
475
-2999
-1099
6975
-75
476
7726
-49125
625
-3974
-3624
23075
-275
1751
3326
-21225
325
-2074
-1424
9125
-125
801
3001
-19275
175
-1124
-2374
15275
-175
1126
-6524
42025
-625
4026
-2074
13375
-225
1451
-5524
35675
-275
1776
-3349
21650
-325
2101
-3049
19725
-375
2426
-8999
58250
-425
2751
-10574
68475
-475
3076
-7824
51025
-625
4076
6551
-42725
525
-3424
7476
-48775
475
-3099
7151
-46675
425
-2774
4926
-32225
275
-1799
4276
-28075
175
-1149
-3649
24000
-175
1151
-1449
9575
-125
826
6826
-45275
275
-1824
1751
-11650
75
-499
12926
-86325
625
-4174
-11049
73825
-625
4176
4426
-29575
475
-3174
-7549
50475
-475
3176
-3424
22925
-325
2176
2426
-16275
175
-1174
-4824
32425
-625
4201
3101
-20850
275
-1849
-6849
46100
-275
1851
9451
-63650
475
-3199
-10699
72100
-475
3201
11101
-75025
625
-4224
-12974
87725
-625
4226
3501
-23675
425
-2874
3451
-23350
325
-2199
-2824
19125
-325
2201
-2149
14575
-225
1526
1476
-10025
125
-849
-3749
25575
-275
1876
-9149
62450
-425
2901
-4549
31100
-300
2051
7751
-53025
950
-6499
7851
-53725
325
-2224
3076
-21075
175
-1199
-4324
29675
-175
1201
-3199
21975
-375
2576
10776
-74275
475
-3274
-8899
61375
-475
3276
3776
-26075
275
-1899
-5649
39050
-275
1901
6826
-47225
625
-4324
176
-1225
25
-174
5076
-35975
275
-1949
9626
-68375
475
-3374
-7749
55075
-475
3376
-2224
15825
-225
1601
10076
-71725
625
-4449
2501
-17850
175
-1249
-3749
26800
-175
1251
-4824
34525
-325
2326
-10099
72325
-625
4476
7426
-53275
425
-3049
1526
-10975
125
-899
7826
-56825
475
-3449
-9074
65925
-475
3451
3876
-28175
275
-1999
-2999
21925
-325
2376
10976
-80275
475
-3474
-1174
8625
-75
551
8351
-61450
625
-4599
-3899
28725
-275
2026
3651
-26950
325
-2399
-1549
11475
-125
926
3176
-23575
175
-1299
-2549
18950
-175
1301
-7149
53200
-625
4651
-2299
17125
-225
1676
-5799
43250
-275
2051
-3674
27425
-325
2426
-3424
25575
-375
2801
-9424
70425
-425
3176
-11049
82600
-475
3551
-8449
63550
-625
4701
7076
-53225
525
-3949
7951
-59825
475
-3574
7576
-57025
425
-3199
5201
-39225
275
-2074
-3824
28975
-175
1326
-1574
11975
-125
951
1826
-13975
75
-574
13551
-104050
625
-4799
-11674
89675
-625
4801
4901
-37650
475
-3649
-8024
61675
-475
3651
-3749
28850
-325
2501
2601
-20050
175
-1349
-5449
42075
-625
4826
3376
-26075
275
-2124
9926
-76775
475
-3674
-11174
86475
-475
3676
11726
-90975
625
-4849
-13599
105550
-625
4851
3926
-30475
425
-3299
3776
-29325
325
-2524
-3149
24475
-325
2526
-2374
18475
-225
1751
1601
-12475
125
-974
-4024
31475
-275
2151
-9574
74925
-425
3326
3251
-25525
175
-1374
-3574
28125
-375
2951
11251
-88800
475
-3749
-9374
74025
-475
3751
4051
-32025
275
-2174
-5924
46875
-275
2176
7451
-59000
625
-4949
201
-1600
25
-199
5351
-43275
275
-2224
10101
-81850
475
-3849
-8224
66675
-475
3851
-2449
19875
-225
1826
10701
-86875
625
-5074
2676
-21775
175
-1424
-3924
31975
-175
1426
-5149
42000
-325
2651
-10724
87525
-625
5101
7851
-64175
425
-3474
1651
-13525
125
-1024
8301
-68575
475
-3924
-9549
78925
-475
3926
4151
-34325
275
-2274
-3324
27625
-325
2701
11451
-95200
475
-3949
-1249
10425
-75
626
8976
-75025
625
-5224
-4174
34925
-275
2301
3976
-33325
325
-2724
-1674
14075
-125
1051
3351
-28225
175
-1474
-2724
22975
-175
1476
-7774
65625
-625
5276
-2524
21325
-225
1901
-6074
51375
-275
2326
-3999
33850
-325
2751
-3799
32175
-375
3176
-9849
83450
-425
3601
-11524
97675
-475
4026
-9074
77325
-625
5326
7601
-64775
525
-4474
8426
-71825
475
-4049
8001
-68225
425
-3624
5476
-46775
275
-2349
-3999
34300
-175
1501
-1699
14625
-125
1076
-12299
106775
-625
5426
5376
-46675
475
-4124
-8499
73825
-475
4126
-4074
35425
-325
2826
2776
-24175
175
-1524
-6074
52975
-625
5451
3651
-31850
275
-2399
10401
-90850
475
-4149
-11649
101800
-475
4151
12351
-108175
625
-5474
-14224
124625
-625
5476
4351
-38125
425
-3724
4101
-35950
325
-2849
-3474
30475
-325
2851
-2599
22825
-225
1976
1726
-15175
125
-1099
-4299
37925
-275
2426
-9999
88250
-425
3751
3426
-30325
175
-1549
-3949
35025
-375
3326
11726
-104275
475
-4224
-9849
87625
-475
4226
4326
-38525
275
-2449
-6199
55250
-275
2451
8076
-72025
625
-5574
226
-2025
25
-224
5626
-51125
275
-2499
10576
-96275
475
-4324
-8699
79225
-475
4326
-2674
24375
-225
2051
11326
-103275
625
-5699
2851
-26050
175
-1599
-4099
37500
-175
1601
-5474
50125
-325
2976
8276
-75925
425
-3899
1776
-16325
125
-1149
8776
-81275
475
-4399
-10024
92875
-475
4401
4426
-41025
275
-2549
-3649
33975
-325
3026
-1324
12375
-75
701
9601
-89850
625
-5849
-4449
41675
-275
2576
4301
-40350
325
-3049
-1799
16925
-125
1176
3526
-33225
175
-1649
-2899
27350
-175
1651
-8399
79300
-625
5901
-2749
25975
-225
2126
-6349
60050
-275
2601
-4324
40925
-325
3076
-4174
39525
-375
3551
-10274
97325
-425
4026
-9699
92350
-625
5951
8126
-77375
525
-4999
8901
-84775
475
-4524
8426
-80275
425
-4049
5751
-54875
275
-2624
-4174
39975
-175
1676
-1824
17525
-125
1201
-12924
125125
-625
6051
5851
-56650
475
-4599
-8974
86925
-475
4601
-4399
42650
-325
3151
2951
-28650
175
-1699
-6699
65125
-625
6076
3926
-38175
275
-2674
10876
-105875
475
-4624
12976
-126625
625
-6099
4776
-46625
425
-4149
4426
-43225
325
-3174
-3799
37125
-325
3176
-2824
27625
-225
2201
1851
-18125
125
-1224
-4574
44925
-275
2701
-10424
102425
-425
4176
3601
-35475
175
-1724
-4324
42675
-375
3701
-10324
102175
-475
4701
4601
-45575
275
-2724
-6474
64175
-275
2726
8701
-86300
625
-6199
251
-2500
25
-249
5901
-59525
275
-2774
11051
-111650
475
-4799
-9174
92725
-475
4801
-2899
29325
-225
2276
11951
-120925
625
-6324
3026
-30675
175
-1774
-4274
43375
-175
1776
-5799
58900
-325
3301
8701
-88525
425
-4324
1901
-19375
125
-1274
9251
-94925
475
-4874
-10499
107775
-475
4876
4701
-48275
275
-2824
-3974
40975
-325
3351
-1399
14475
-75
776
10226
-105925
625
-6474
-4724
48975
-275
2851
4626
-48025
325
-3374
-1924
20025
-125
1301
3701
-38575
175
-1824
-3074
32075
-175
1826
-9024
94225
-625
6526
-2974
31075
-225
2351
-6624
69275
-275
2876
-4649
48650
-325
3401
-4549
47625
-375
3926
-10324
108625
-625
6576
8651
-91025
525
-5524
9376
-98675
475
-4999
8851
-93175
425
-4474
6026
-63525
275
-2899
-4349
46000
-175
1851
-1949
20675
-125
1326
-13549
144725
-625
6676
6326
-67575
475
-5074
-9449
100975
-475
5076
-4724
50525
-325
3476
3126
-33475
175
-1874
-7324
78525
-625
6701
4201
-45050
275
-2949
11351
-121850
475
-5099
13601
-146325
625
-6724
5201
-55975
425
-4574
4751
-51150
325
-3499
-4124
44425
-325
3501
-3049
32875
-225
2426
1976
-21325
125
-1349
-4849
52475
-275
2976
3776
-40975
175
-1899
-4699
51075
-375
4076
-10799
117675
-475
5176
4876
-53175
275
-2999
-6749
73650
-275
3001
9326
-101825
625
-6824
276
-3025
25
-274
6176
-68475
275
-3049
11526
-127975
475
-5274
-9649
107175
-475
5276
-3124
34725
-225
2501
12576
-139825
625
-6949
3201
-35650
175
-1949
-6124
68325
-325
3626
9126
-101975
425
-4749
2026
-22675
125
-1399
9726
-109525
475
-5349
-10974
123625
-475
5351
4976
-56075
275
-3099
-4299
48625
-325
3676
-1474
16725
-75
851
-4999
56825
-275
3126
4951
-56350
325
-3699
-2049
23375
-125
1426
3876
-44275
175
-1999
-3249
37150
-175
2001
-9649
110400
-625
7151
-3199
36625
-225
2576
-4974
57025
-325
3726
-4924
56475
-375
4301
-10949
126150
-625
7201
9176
-105725
525
-6049
9851
-113525
475
-5474
9276
-106925
425
-4899
6301
-72725
275
-3174
-2074
24075
-125
1451
6801
-79450
475
-5549
-9924
115975
-475
5551
-5049
59050
-325
3801
3301
-38650
175
-2049
-7949
93175
-625
7326
4476
-52475
275
-3224
11826
-138775
475
-5574
14226
-167275
625
-7349
5626
-66175
425
-4999
5076
-59725
325
-3824
-4449
52375
-325
3826
-3274
38575
-225
2651
2101
-24775
125
-1474
-5124
60575
-275
3251
3951
-46825
175
-2074
-5074
60225
-375
4451
-11274
134125
-475
5651
5151
-61325
275
-3274
9951
-118600
625
-7449
301
-3600
25
-299
6451
-77975
275
-3324
-10124
122575
-475
5751
-3349
40575
-225
2726
13201
-159975
625
-7574
3376
-40975
175
-2124
-6449
78400
-325
3951
9551
-116275
425
-5174
2151
-26225
125
-1524
10201
-125075
475
-5824
-11449
140425
-475
5826
5251
-64425
275
-3374
-4624
56925
-325
4001
-1549
19125
-75
926
-5274
65225
-275
3401
5276
-65325
325
-4024
-2174
26975
-125
1551
4051
-50325
175
-2174
-3424
42575
-175
2176
-10274
127825
-625
7776
-3424
42625
-225
2801
-5299
66050
-325
4051
-5299
66075
-375
4676
-11574
144925
-625
7826
9701
-121475
525
-6574
10326
-129325
475
-5949
9701
-121525
425
-5324
6576
-82475
275
-3449
-2199
27725
-125
1576
7276
-92275
475
-6024
-10399
131925
-475
6026
-5374
68225
-325
4126
3476
-44175
175
-2224
-8574
109075
-625
7951
4751
-60450
275
-3499
6051
-77225
425
-5424
5401
-68950
325
-4149
-4774
60975
-325
4151
-3499
44725
-225
2876
2226
-28475
125
-1599
-5399
69225
-275
3526
4126
-53025
175
-2249
-5449
70125
-375
4826
-11749
151525
-475
6126
5426
-70025
275
-3549
10576
-136625
625
-8074
326
-4225
25
-324
6726
-88025
275
-3599
-10599
138925
-475
6226
-3574
46875
-225
2951
13826
-181375
625
-8199
3551
-46650
175
-2299
-6774
89125
-325
4276
9976
-131425
425
-5599
2276
-30025
125
-1649
10676
-141575
475
-6299
5526
-73325
275
-3649
-4949
65875
-325
4326
-1624
21675
-75
1001
-5549
74175
-275
3676
5601
-74950
325
-4349
-2299
30825
-125
1676
4226
-56725
175
-2349
-3599
48350
-175
2351
-10899
146500
-625
8401
-3649
49075
-225
3026
-5624
75725
-325
4376
-5674
76425
-375
5051
10226
-138275
525
-7099
10801
-146075
475
-6424
10126
-136975
425
-5749
6851
-92775
275
-3724
-2324
31625
-125
1701
7751
-106050
475
-6499
-10874
148825
-475
6501
-5699
78050
-325
4451
3651
-50050
175
-2399
-9199
126225
-625
8576
5026
-68975
275
-3774
6476
-89125
425
-5849
5726
-78825
325
-4474
-5099
70225
-325
4476
-3724
51325
-225
3101
2351
-32425
125
-1724
-5674
78425
-275
3801
4301
-59575
175
-2424
-5824
80775
-375
5201
5701
-79275
275
-3824
11201
-155900
625
-8699
351
-4900
25
-349
-11074
156225
-475
6701
-3799
53625
-225
3176
3726
-52675
175
-2474
-7099
100500
-325
4601
10401
-147425
425
-6024
2401
-34075
125
-1774
11151
-159025
475
-6774
5801
-82775
275
-3924
-5274
75475
-325
4651
-1699
24375
-75
1076
-5824
83675
-275
3951
5926
-85225
325
-4674
-2424
34925
-125
1801
-3774
54475
-175
2526
-3874
55975
-225
3251
-5949
86050
-325
4701
-6049
87525
-375
5426
10751
-156125
525
-7624
11276
-163775
475
-6899
10551
-153275
425
-6174
-2449
35775
-125
1826
8226
-120775
475
-6974
-11349
166675
-475
6976
-6024
88525
-325
4776
3826
-56275
175
-2574
-9824
144625
-625
9201
5301
-78050
275
-4049
6901
-101875
425
-6274
6051
-89350
325
-4799
-5424
80125
-325
4801
-3949
58375
-225
3326
2476
-36625
125
-1849
-5949
88175
-275
4076
-6199
92175
-375
5576
5976
-89075
275
-4099
11826
-176425
625
-9324
376
-5625
25
-374
-11549
174475
-475
7176
-4024
60825
-225
3401
3901
-59050
175
-2649
-7424
112525
-325
4926
2526
-38375
125
-1899
11626
-177425
475
-7249
6076
-92775
275
-4199
-5599
85725
-325
4976
-1774
27225
-75
1151
-6099
93725
-275
4226
6251
-96150
325
-4999
-2549
39275
-125
1926
-3949
60950
-175
2701
-4099
63325
-225
3476
-6274
97025
-325
5026
-6424
99375
-375
5801
11276
-175025
525
-8149
11751
-182425
475
-7374
-2574
40175
-125
1951
8701
-136450
475
-7449
-11824
185475
-475
7451
-6349
99650
-325
5101
4001
-62850
175
-2749
-10449
164275
-625
9826
5576
-87675
275
-4324
7326
-115475
425
-6699
6376
-100525
325
-5124
-5749
90675
-325
5126
-4174
65875
-225
3551
2601
-41075
125
-1974
-6224
98475
-275
4351
-6574
104325
-375
5951
6251
-99425
275
-4374
12451
-198200
625
-9949
401
-6400
25
-399
-4249
68475
-225
3626
4076
-65775
175
-2824
-7749
125200
-325
5251
2651
-42925
125
-2024
6351
-103325
275
-4474
-5924
96625
-325
5301
-1849
30225
-75
1226
-6374
104325
-275
4501
6576
-107725
325
-5324
-2674
43875
-125
2051
-4124
67775
-175
2876
-4324
71125
-225
3701
-6599
108650
-325
5351
-6799
111975
-375
6176
11801
-194975
525
-8674
-2699
44825
-125
2076
9176
-153075
475
-7924
-6674
111425
-325
5426
4176
-69775
175
-2924
-11074
185175
-625
10451
5851
-97850
275
-4599
7751
-129925
425
-7124
6701
-112350
325
-5449
-6074
101875
-325
5451
-4399
73825
-225
3776
2726
-45775
125
-2099
-6499
109325
-275
4626
-6949
117225
-375
6326
6526
-110325
275
-4649
13076
-221225
625
-10574
426
-7225
25
-424
-4474
76575
-225
3851
4251
-72850
175
-2999
-8074
138525
-325
5576
2776
-47725
125
-2149
6626
-114425
275
-4749
-6249
108175
-325
5626
-6649
115475
-275
4776
6901
-119950
325
-5649
-2799
48725
-125
2176
-4299
74950
-175
3051
-4549
79375
-225
3926
-6924
120925
-325
5676
-7174
125325
-375
6551
12326
-215975
525
-9199
-2824
49725
-125
2201
9651
-170650
475
-8399
-6999
123850
-325
5751
4351
-77050
175
-3099
-11699
207325
-625
11076
6126
-108575
275
-4874
8176
-145225
425
-7549
7026
-124825
325
-5774
-6399
113725
-325
5776
-4624
82225
-225
4001
2851
-50725
125
-2224
-6774
120725
-275
4901
-7324
130875
-375
6701
6801
-121775
275
-4924
13701
-245500
625
-11199
451
-8100
25
-449
-4699
85125
-225
4076
2901
-52775
125
-2274
-6574
120375
-325
5951
7226
-132825
325
-5974
-2924
53825
-125
2301
-4774
88075
-225
4151
-7249
133850
-325
6001
-7549
139425
-375
6926
12851
-238025
525
-9724
-2949
54875
-125
2326
10126
-189175
475
-8874
-7324
136925
-325
6076
-12324
230725
-625
11701
6401
-119850
275
-5149
8601
-161375
425
-7974
7351
-137950
325
-6099
-6724
126225
-325
6101
-4849
91075
-225
4226
2976
-55925
125
-2349
-7699
145275
-375
7076
14326
-271025
625
-11824
476
-9025
25
-474
-4924
94125
-225
4301
3026
-58075
125
-2399
-6899
133225
-325
6276
7551
-146350
325
-6299
-3049
59175
-125
2426
-4999
97225
-225
4376
-7574
147425
-325
6326
-7924
154275
-375
7301
-3074
60275
-125
2451
10601
-208650
475
-9349
-7649
150650
-325
6401
6676
-131675
275
-5424
9026
-178375
425
-8399
7676
-151725
325
-6424
-7049
139375
-325
6426
-5074
100375
-225
4451
3101
-61375
125
-2474
-8074
160425
-375
7451
14951
-297800
625
-12449
501
-10000
25
-499
-5149
103575
-225
4526
-7224
146725
-325
6601
7876
-160525
325
-6624
-5224
106825
-225
4601
-7899
161650
-325
6651
-8299
169875
-375
7676
11076
-229075
475
-9824
-7974
165025
-325
6726
9451
-196225
425
-8824
8001
-166150
325
-6749
-7374
153175
-325
6751
-5299
110125
-225
4676
-8449
176325
-375
7826
526
-11025
25
-524
-5374
113475
-225
4751
-7549
160875
-325
6926
-5449
116875
-225
4826
-8674
186225
-375
8051
11551
-250450
475
-10299
9876
-214925
425
-9249
-7699
167625
-325
7076
-5524
120325
-225
4901
-8824
192975
-375
8201
551
-12100
25
-549
-5599
123825
-225
4976
-7874
175675
-325
7251
-9049
203325
-375
8426
10301
-234475
425
-9674
-8024
182725
-325
7401
-9199
210375
-375
8576
576
-13225
25
-574
601
-14400
25
-599
