1
10
0
1
-99
10
-10
1
311
-70
40
-9
-109
30
-40
11
-239
70
-140
41
-129
40
-100
31
-109
40
-30
11
111
-50
20
-9
-109
60
-20
11
221
-140
30
-19
-439
300
-60
41
-169
120
-100
71
331
-240
40
-29
-129
100
-40
31
11
-10
10
-9
351
-430
40
-49
-149
190
-40
51
-229
300
-100
131
-139
190
-30
41
131
-190
20
-29
-129
200
-20
31
251
-410
30
-49
371
-640
40
-69
-169
300
-40
71
21
-40
10
-19
391
-870
40
-89
-189
430
-40
91
-329
760
-100
231
-169
400
-30
71
151
-370
20
-49
-149
380
-20
51
281
-740
30
-79
-209
580
-40
111
31
-90
10
-29
-229
750
-40
131
-429
1420
-100
331
-199
670
-30
101
171
-590
20
-69
-169
600
-20
71
-249
940
-40
151
41
-160
10
-39
-269
1150
-40
171
-529
2280
-100
431
-229
1000
-30
131
191
-850
20
-89
-189
860
-20
91
-289
1380
-40
191
51
-250
10
-49
-309
1630
-40
211
-629
3340
-100
531
-259
1390
-30
161
-329
1900
-40
231
61
-360
10
-59
-349
2190
-40
251
-729
4600
-100
631
-289
1840
-30
191
-369
2500
-40
271
71
-490
10
-69
-389
2830
-40
291
81
-640
10
-79
91
-810
10
-89
