1
29
0
1
-840
29
-29
1
-3421
232
-870
59
20243
-1421
812
-57
5076
-377
377
-28
-2551
203
-377
30
7599
-667
319
-28
-3392
319
-319
30
-3421
348
-580
59
18619
-1943
1102
-115
6758
-725
261
-28
4264
-493
493
-57
-6785
812
-493
59
11021
-1421
667
-86
-6814
899
-667
88
-3421
464
-435
59
13573
-1856
841
-115
-11048
1537
-841
117
-2551
377
-203
30
-4262
667
-377
59
-3450
551
-551
88
-3421
580
-348
59
-3508
609
-841
146
6816
-1189
493
-86
7628
-1363
319
-57
-8467
1566
-319
59
2553
-493
145
-28
6062
-1247
841
-173
-18675
3886
-841
175
2640
-551
551
-115
-956
203
-551
117
12761
-2755
667
-144
-14441
3161
-667
146
-898
203
-261
59
-2609
609
-377
88
-6843
1624
-493
117
-3508
841
-609
146
17024
-4089
841
-202
-7771
1885
-841
204
16995
-4408
667
-173
12761
-3335
551
-144
-985
261
-551
146
8498
-2291
319
-86
5279
-1450
841
-231
7019
-1943
1044
-289
2582
-725
203
-57
-898
261
-203
59
-5190
1537
-493
146
6845
-2088
377
-115
-10323
3190
-754
233
-5306
1653
-841
262
1712
-551
87
-28
11224
-3857
841
-289
-13745
4756
-841
291
4438
-1537
667
-231
-14528
5075
-667
233
4380
-1537
493
-173
-2696
957
-493
175
8527
-3074
319
-115
-3479
1276
-319
117
-5248
1943
-551
204
4525
-1711
841
-318
-20502
7801
-841
320
987
-377
377
-144
2582
-1015
145
-57
-3421
1392
-145
59
-22271
9193
-986
407
-1188
493
-841
349
5134
-2175
203
-86
-2609
1131
-203
88
6845
-3016
261
-115
-8641
3857
-522
233
-4581
2059
-841
378
6874
-3103
319
-144
-8554
3915
-319
146
-6060
2813
-377
175
12007
-5626
493
-231
-5277
2494
-493
233
-5306
2523
-551
262
11253
-5365
667
-318
-2841
1363
-667
320
-16326
7859
-725
349
-24301
11716
-1566
755
59
-29
116
-57
-6321
3277
-841
436
5424
-2813
725
-376
17169
-8932
667
-347
-8757
4582
-667
349
11224
-5887
551
-289
9513
-5017
493
-260
-2783
1479
-493
262
5250
-2813
377
-202
1016
-551
319
-173
-2696
1479
-319
175
-4001
2204
-1160
639
-4668
2581
-841
465
-985
551
-261
146
3481
-1972
203
-115
-956
551
-203
117
-3769
2204
-696
407
-1333
783
-841
494
929
-551
145
-86
-1768
1073
-145
88
-10323
6380
-377
233
-4117
2552
-1218
755
10383
-6467
464
-289
11282
-7105
551
-347
6091
-3857
319
-202
-1043
667
-319
204
12094
-7801
493
-318
-10410
6757
-493
320
5482
-3567
667
-434
-15572
10179
-667
436
-11077
7250
-1508
987
1799
-1189
174
-115
-898
609
-87
59
-4001
2755
-928
639
-5625
3886
-841
581
-4465
3103
-377
262
9600
-6757
493
-347
5192
-3683
203
-144
-3508
2523
-203
146
5656
-4089
841
-608
7193
-5220
638
-463
-1072
783
-319
233
15545
-11426
551
-405
-3769
2784
-551
407
-3015
2233
-667
494
-3537
2668
-232
175
6149
-4669
1450
-1101
14762
-11223
609
-463
7947
-6061
493
-376
8701
-6670
377
-289
6932
-5365
261
-202
5569
-4350
667
-521
-7249
5684
-667
523
15574
-12267
551
-434
-13890
10991
-551
436
-4465
3538
-1392
1103
5279
-4205
290
-231
-1797
1450
-145
117
1103
-899
319
-260
-1942
1595
-319
262
-7974
6583
-493
407
-16239
13427
-1334
1103
-4059
3364
-841
697
13080
-10991
551
-463
7048
-5945
377
-318
3539
-3016
203
-173
-3711
3190
-406
349
7831
-6757
1276
-1101
9629
-8323
435
-376
13196
-11455
667
-579
-8989
7830
-667
581
8005
-7047
493
-434
-10526
9309
-493
436
-1072
957
-261
233
8324
-7453
841
-753
-17573
15776
-841
755
6178
-5597
319
-289
-1971
1798
-319
291
8759
-8062
377
-347
-6234
5771
-377
349
4148
-3857
841
-782
-21807
20329
-841
784
30
-29
29
-28
5453
-5858
377
-405
-2928
3161
-377
407
7918
-8613
319
-347
-3711
4060
-319
349
-4001
4408
-580
639
19721
-21779
1102
-1217
7019
-7772
261
-289
4757
-5307
493
-550
-7278
8149
-493
552
11688
-13195
667
-753
-7481
8468
-667
755
-3856
4379
-435
494
14414
-16385
841
-956
-11889
13543
-841
958
-2754
3161
-203
233
-4639
5365
-377
436
-4001
4640
-551
639
-3769
4408
-348
407
-4349
5104
-841
987
7309
-8584
493
-579
7947
-9367
319
-376
-8786
10411
-319
378
2698
-3219
145
-173
6903
-8323
841
-1014
-19516
23577
-841
1016
3191
-3857
551
-666
-1507
1827
-551
668
13428
-16327
667
-811
-15108
18415
-667
813
-1159
1421
-261
320
-2986
3683
-377
465
-7336
9077
-493
610
-4117
5104
-609
755
17865
-22156
841
-1043
-8612
10701
-841
1045
17662
-22243
667
-840
13312
-16791
551
-695
-1536
1943
-551
697
8817
-11194
319
-405
6120
-7801
841
-1072
8063
-10295
1044
-1333
2785
-3567
203
-260
-1101
1421
-203
262
-5683
7366
-493
639
7222
-9425
377
-492
-11077
14500
-754
987
-6147
8062
-841
1103
1799
-2378
87
-115
12065
-16211
841
-1130
-14586
19633
-841
1132
5105
-6873
667
-898
-15195
20503
-667
900
4873
-6583
493
-666
-3189
4321
-493
668
8846
-12035
319
-434
-3798
5191
-319
436
-5799
7946
-551
755
5366
-7395
841
-1159
-21343
29464
-841
1161
1364
-1885
377
-521
2727
-3799
145
-202
-3566
5017
-145
204
-2029
2871
-841
1190
5337
-7598
203
-289
-2812
4031
-203
291
7106
-10237
261
-376
-9163
13253
-522
755
-5422
7859
-841
1219
7193
-10440
319
-463
-8873
12934
-319
465
-6437
9425
-377
552
12500
-18357
493
-724
-5770
8497
-493
726
-5857
8642
-551
813
11920
-17603
667
-985
-3508
5191
-667
987
-17051
25259
-725
1074
-25867
38338
-1566
2321
175
-261
116
-173
-7162
10875
-841
1277
6149
-9338
725
-1101
17836
-27115
667
-1014
-9424
14355
-667
1016
11775
-17951
551
-840
10006
-15283
493
-753
-3276
5017
-493
755
5627
-8642
377
-579
1335
-2059
319
-492
-3015
4669
-319
494
-5161
8004
-1160
1799
-5509
8555
-841
1306
-1246
1943
-261
407
3684
-5771
203
-318
-1159
1827
-203
320
-2174
3451
-841
1335
1074
-1711
145
-231
-1913
3074
-145
233
-10700
17313
-377
610
-5335
8642
-1218
1973
10847
-17603
464
-753
11833
-19285
551
-898
6410
-10469
319
-521
-1362
2233
-319
523
12587
-20706
493
-811
-10903
17980
-493
813
6149
-10150
667
-1101
-16239
26854
-667
1103
-12585
20822
-1508
2495
1973
-3277
174
-289
-985
1653
-87
146
-4929
8323
-928
1567
-6466
10933
-841
1422
-4842
8207
-377
639
10093
-17197
493
-840
5395
-9222
203
-347
-3711
6380
-203
349
6497
-11194
841
-1449
7831
-13514
638
-1101
-1391
2407
-319
552
-4320
7511
-551
958
-3682
6409
-667
1161
-3769
6612
-232
407
7599
-13369
1450
-2551
15371
-27057
609
-1072
8440
-14877
493
-869
9078
-16037
377
-666
7193
-12760
261
-463
6236
-11107
667
-1188
-7916
14123
-667
1190
-14441
25868
-551
987
-5857
10498
-1392
2495
5569
-10005
290
-521
-1942
3509
-145
262
1422
-2581
319
-579
-2261
4118
-319
581
-8467
15457
-493
900
-17573
32103
-1334
2437
-4900
8961
-841
1538
13631
-25085
551
-1014
7425
-13688
377
-695
3742
-6931
203
-376
-4117
7656
-406
755
9107
-16965
1276
-2377
10064
-18763
435
-811
13863
-25897
667
-1246
-9656
18067
-667
1248
8498
-15979
493
-927
-11019
20764
-493
929
-1333
2523
-261
494
9165
-17371
841
-1594
-18414
34945
-841
1596
6497
-12383
319
-608
-2290
4379
-319
610
9136
-17545
377
-724
-6611
12731
-377
726
4989
-9628
841
-1623
-22648
43761
-841
1625
59
-116
29
-57
5830
-12093
377
-782
-3305
6873
-377
784
8237
-17197
319
-666
-4030
8439
-319
668
-4581
9628
-580
1219
20823
-43819
1102
-2319
7280
-15341
261
-550
5250
-11107
493
-1043
-7771
16472
-493
1045
12355
-26303
667
-1420
-8148
17371
-667
1422
-4291
9164
-435
929
15255
-32596
841
-1797
-12730
27231
-841
1799
-2957
6351
-203
436
-5016
10817
-377
813
-4552
9831
-551
1190
-4117
8932
-348
755
-5190
11281
-841
1828
7802
-16965
493
-1072
8266
-18009
319
-695
-9105
19894
-319
697
2843
-6235
145
-318
7744
-17081
841
-1855
-20357
44950
-841
1857
3742
-8265
551
-1217
-2058
4553
-551
1219
14095
-31233
667
-1478
-15775
35003
-667
1480
-1420
3161
-261
581
-3363
7511
-377
842
-7829
17516
-493
1103
-4726
10585
-609
1364
18706
-41905
841
-1884
-9453
21199
-841
1886
18329
-41412
667
-1507
13863
-31349
551
-1246
-2087
4727
-551
1248
9136
-20735
319
-724
6961
-15834
841
-1913
9107
-20735
1044
-2377
2988
-6815
203
-463
-1304
2987
-203
465
-6176
14181
-493
1132
7599
-17516
377
-869
-11831
27318
-754
1741
-6988
16153
-841
1944
1886
-4379
87
-202
12906
-30247
841
-1971
-15427
36192
-841
1973
5772
-13543
667
-1565
-15862
37265
-667
1567
5366
-12615
493
-1159
-3682
8671
-493
1161
9165
-21634
319
-753
-4117
9744
-319
755
-6350
15051
-551
1306
6207
-14761
841
-2000
-22184
52809
-841
2002
1741
-4147
377
-898
2872
-6873
145
-347
-3711
8932
-145
349
-2870
6931
-841
2031
5540
-13427
203
-492
-3015
7337
-203
494
7367
-17980
261
-637
-9685
23693
-522
1277
-6263
15341
-841
2060
7512
-18415
319
-782
-9192
22591
-319
784
-6814
16791
-377
929
12993
-32074
493
-1217
-6263
15486
-493
1219
-6408
15863
-551
1364
12587
-31175
667
-1652
-4175
10353
-667
1654
-17776
44109
-725
1799
-27433
68092
-1566
3887
291
-725
116
-289
-8003
20155
-841
2118
6874
-17313
725
-1826
18503
-46632
667
-1681
-10091
25462
-667
1683
12326
-31117
551
-1391
10499
-26535
493
-1246
-3769
9541
-493
1248
6004
-15225
377
-956
1654
-4205
319
-811
-3334
8497
-319
813
-6321
16124
-1160
2959
-6350
16211
-841
2147
-1507
3857
-261
668
3887
-9976
203
-521
-1362
3509
-203
523
-3015
7801
-841
2176
1219
-3161
145
-376
-2058
5365
-145
378
12384
-32567
551
-1449
6729
-17719
319
-840
-1681
4437
-319
842
13080
-34597
493
-1304
-11396
30189
-493
1306
6816
-18067
667
-1768
-16906
44863
-667
1770
-14093
37410
-1508
4003
2147
-5713
174
-463
-1072
2871
-87
233
-5857
15747
-928
2495
-7307
19662
-841
2263
-5219
14065
-377
1016
10586
-28623
493
-1333
5598
-15167
203
-550
-3914
10643
-203
552
7338
-19981
841
-2290
8469
-23084
638
-1739
-1710
4669
-319
871
-4871
13340
-551
1509
-4349
11919
-667
1828
-4001
11020
-232
639
9049
-24969
1450
-4001
15980
-44109
609
-1681
8933
-24679
493
-1362
9455
-26158
377
-1043
7454
-20677
261
-724
6903
-19198
667
-1855
-8583
23896
-667
1857
-14992
41847
-551
1538
-7249
20242
-1392
3887
5859
-16385
290
-811
-2087
5858
-145
407
1741
-4901
319
-898
-2580
7279
-319
900
-8960
25317
-493
1393
-18907
53447
-1334
3771
-5741
16240
-841
2379
14182
-40281
551
-1565
7802
-22185
377
-1072
3945
-11252
203
-579
-4523
12934
-406
1161
10383
-29725
1276
-3653
10499
-30073
435
-1246
14530
-41673
667
-1913
-10323
29638
-667
1915
8991
-25897
493
-1420
-11512
33205
-493
1422
-1594
4611
-261
755
10006
-28971
841
-2435
-19255
55796
-841
2437
6816
-19807
319
-927
-2609
7598
-319
929
9513
-27782
377
-1101
-6988
20445
-377
1103
5830
-17081
841
-2464
-23489
68875
-841
2466
88
-261
29
-86
6207
-19082
377
-1159
-3682
11339
-377
1161
8556
-26419
319
-985
-4349
13456
-319
987
-5161
16008
-580
1799
21925
-68063
1102
-3421
7541
-23432
261
-811
5743
-17893
493
-1536
-8264
25781
-493
1538
13022
-40745
667
-2087
-8815
27608
-667
2089
-4726
14819
-435
1364
16096
-50489
841
-2638
-13571
42601
-841
2640
-3160
9947
-203
639
-5393
17023
-377
1190
-5103
16124
-551
1741
-4465
14152
-348
1103
-6031
19140
-841
2669
8295
-26332
493
-1565
8585
-27289
319
-1014
2988
-9541
145
-463
8585
-27521
841
-2696
4293
-13775
551
-1768
-2609
8381
-551
1770
14762
-47473
667
-2145
-16442
52925
-667
2147
-1681
5423
-261
842
-3740
12093
-377
1219
-8322
26941
-493
1596
-5335
17284
-609
1973
19547
-63336
841
-2725
-10294
33379
-841
2727
18996
-61915
667
-2174
14414
-47009
551
-1797
-2638
8613
-551
1799
7802
-25549
841
-2754
10151
-33263
1044
-3421
3191
-10469
203
-666
-1507
4959
-203
668
-6669
21982
-493
1625
7976
-26361
377
-1246
-12585
41644
-754
2495
-7829
25926
-841
2785
1973
-6554
87
-289
13747
-45965
841
-2812
-16268
54433
-841
2814
6439
-21547
667
-2232
-16529
55361
-667
2234
5859
-19633
493
-1652
-4175
14007
-493
1654
-4436
14935
-319
1074
-6901
23258
-551
1857
7048
-23809
841
-2841
2118
-7163
377
-1275
3017
-10237
145
-492
-3856
13137
-145
494
-3711
12673
-841
2872
5743
-19662
203
-695
-3218
11049
-203
697
-10207
35177
-522
1799
7831
-27028
319
-1101
-7191
24911
-377
1306
13486
-46777
493
-1710
-6756
23461
-493
1712
-6959
24186
-551
1915
13254
-46081
667
-2319
-4842
16849
-667
2321
-18501
64409
-725
2524
-28999
100978
-1566
5453
407
-1421
116
-405
-8844
31117
-841
2959
7599
-26738
725
-2551
19170
-67483
667
-2348
-10758
37903
-667
2350
12877
-45385
551
-1942
10992
-38773
493
-1739
-4262
15051
-493
1741
6381
-22562
377
-1333
1973
-6989
319
-1130
-3653
12963
-319
1132
-7481
26564
-1160
4119
-7191
25549
-841
2988
-1768
6293
-261
929
4090
-14587
203
-724
-1565
5597
-203
726
-3856
13833
-841
3017
1364
-4901
145
-521
-2203
7946
-145
523
12935
-46951
551
-2000
7048
-25607
319
-1159
-2000
7279
-319
1161
13573
-49474
493
-1797
-11889
43384
-493
1799
7483
-27318
667
-2435
-17573
64206
-667
2437
-15601
57014
-1508
5511
2321
-8497
174
-637
-1159
4263
-87
320
-6785
25027
-928
3423
-8148
30073
-841
3104
-5596
20677
-377
1393
11079
-41035
493
-1826
5801
-21518
203
-753
-4117
15312
-203
755
8179
-30450
841
-3131
9107
-33930
638
-2377
-2029
7569
-319
1190
-5422
20271
-551
2060
-5016
18763
-667
2495
-4233
15892
-232
871
10499
-39469
1450
-5451
16589
-62379
609
-2290
9426
-35467
493
-1855
9832
-37033
377
-1420
7570
-28623
667
-2522
-9250
35003
-667
2524
-15543
58928
-551
2089
-8641
32770
-1392
5279
6149
-23345
290
-1101
-2232
8497
-145
552
2060
-7859
319
-1217
-2899
11078
-319
1219
-9453
36163
-493
1886
-20241
77459
-1334
5105
-6582
25201
-841
3220
14733
-56579
551
-2116
8179
-31436
377
-1449
4148
-15979
203
-782
-4929
19024
-406
1567
11659
-45037
1276
-4929
10934
-42253
435
-1681
15197
-58783
667
-2580
-10990
42543
-667
2582
9484
-36801
493
-1913
-12005
46632
-493
1915
-1855
7221
-261
1016
10847
-42253
841
-3276
-20096
78329
-841
3278
7135
-27869
319
-1246
-2928
11455
-319
1248
9890
-38773
377
-1478
-7365
28913
-377
1480
6671
-26216
841
-3305
117
-464
29
-115
6584
-26825
377
-1536
-4059
16559
-377
1538
8875
-36279
319
-1304
-4668
19111
-319
1306
6236
-25665
493
-2029
-8757
36076
-493
2031
13689
-56521
667
-2754
-9482
39179
-667
2756
-5161
21344
-435
1799
16937
-70064
841
-3479
-14412
59653
-841
3481
-3363
13949
-203
842
-5770
23983
-377
1567
-5654
23519
-551
2292
-6872
28681
-841
3510
8788
-36685
493
-2058
8904
-37207
319
-1333
3133
-13137
145
-608
9426
-39643
841
-3537
4844
-20387
551
-2319
-3160
13311
-551
2321
15429
-65047
667
-2812
-17109
72181
-667
2814
-1942
8207
-261
1103
-4117
17429
-377
1596
-8815
37352
-493
2089
-5944
25201
-609
2582
-11135
47241
-841
3568
14965
-63771
551
-2348
-3189
13601
-551
2350
8643
-36946
841
-3595
11195
-47879
1044
-4465
3394
-14529
203
-869
-1710
7337
-203
871
-7162
30769
-493
2118
8353
-35960
377
-1623
-13339
57478
-754
3249
2060
-8903
87
-376
14588
-63365
841
-3653
-17109
74356
-841
3655
7106
-30885
667
-2899
-17196
74791
-667
2901
6352
-27637
493
-2145
-4668
20329
-493
2147
-4755
20764
-319
1393
-7452
32567
-551
2408
7889
-34539
841
-3682
2495
-10933
377
-1652
3162
-13891
145
-637
-4001
17632
-145
639
-4552
20097
-841
3713
-3421
15167
-203
900
-10729
47705
-522
2321
8150
-36279
319
-1420
-7568
33785
-377
1683
13979
-62466
493
-2203
-7249
32422
-493
2205
-7510
33611
-551
2466
13921
-62321
667
-2986
-5509
24679
-667
2988
-19226
86159
-725
3249
-30565
136996
-1566
7019
523
-2349
116
-521
-9685
43761
-841
3800
8324
-37613
725
-3276
-11425
51678
-667
3017
13428
-60755
551
-2493
11485
-51997
493
-2232
-4755
21547
-493
2234
6758
-30653
377
-1710
2292
-10411
319
-1449
-3972
18067
-319
1451
-8641
39324
-1160
5279
-8032
36569
-841
3829
-2029
9251
-261
1190
4293
-19604
203
-927
-1768
8091
-203
929
-4697
21547
-841
3858
1509
-6931
145
-666
-2348
10817
-145
668
13486
-62437
551
-2551
7367
-34133
319
-1478
-2319
10759
-319
1480
14066
-65337
493
-2290
-12382
57565
-493
2292
8150
-37903
667
-3102
-18240
84883
-667
3104
-17109
79634
-1508
7019
2495
-11629
174
-811
-1246
5829
-87
407
-7713
36163
-928
4351
-8989
42166
-841
3945
-5973
28043
-377
1770
11572
-54433
493
-2319
-4320
20387
-203
958
9020
-42601
841
-3972
9745
-46052
638
-3015
-2348
11107
-319
1509
-5973
28304
-551
2611
-5683
26941
-667
3162
-4465
21228
-232
1103
11949
-56869
1450
-6901
17198
-81867
609
-2899
9919
-47241
493
-2348
10209
-48662
377
-1797
8237
-39382
667
-3189
-9917
47444
-667
3191
-2377
11426
-145
697
2379
-11455
319
-1536
-3218
15515
-319
1538
-9946
47995
-493
2379
-7423
35844
-841
4061
15284
-73979
551
-2667
8556
-41441
377
-1826
4351
-21112
203
-985
-5335
25926
-406
1973
12935
-62901
1276
-6205
11369
-55303
435
-2116
15864
-77227
667
-3247
-11657
56782
-667
3249
9977
-48691
493
-2406
-12498
61045
-493
2408
-2116
10353
-261
1277
11688
-57217
841
-4117
-20937
102544
-841
4119
7454
-36569
319
-1565
-3247
15950
-319
1567
10267
-50518
377
-1855
-7742
38135
-377
1857
7512
-37033
841
-4146
146
-725
29
-144
6961
-35322
377
-1913
-4436
22533
-377
1915
9194
-46777
319
-1623
-4987
25404
-319
1625
6729
-34423
493
-2522
-9250
47357
-493
2524
14356
-73631
667
-3421
-10149
52084
-667
3423
-5596
28739
-435
2234
17778
-91321
841
-4320
-15253
78387
-841
4322
-3566
18357
-203
1045
-6147
31697
-377
1944
-6205
32016
-551
2843
-7713
39904
-841
4351
9281
-48024
493
-2551
9223
-47763
319
-1652
3278
-17023
145
-753
10267
-53447
841
-4378
5395
-28101
551
-2870
-3711
19343
-551
2872
16096
-83955
667
-3479
-17776
92771
-667
3481
-2203
11513
-261
1364
-4494
23519
-377
1973
-9308
48749
-493
2582
-6553
34336
-609
3191
-11976
62785
-841
4409
15516
-81635
551
-2899
-3740
19691
-551
2901
9484
-50025
841
-4436
12239
-64583
1044
-5509
3597
-18995
203
-1072
-1913
10121
-203
1074
-7655
40542
-493
2611
8730
-46313
377
-2000
-14093
74820
-754
4003
2147
-11426
87
-463
15429
-82447
841
-4494
-17950
95961
-841
4496
7773
-41557
667
-3566
-17863
95555
-667
3568
6845
-36627
493
-2638
-5161
27637
-493
2640
-5074
27231
-319
1712
-8003
42978
-551
2959
8730
-46951
841
-4523
2872
-15457
377
-2029
3307
-17835
145
-782
-4146
22417
-145
784
-3624
19691
-203
1103
8469
-46168
319
-1739
-7945
43413
-377
2060
-7742
42369
-493
2698
-8061
44138
-551
3017
14588
-79895
667
-3653
-6176
33843
-667
3655
-19951
109359
-725
3974
-32131
176146
-1566
8585
639
-3509
116
-637
-10526
58087
-841
4641
9049
-49938
725
-4001
-12092
66787
-667
3684
13979
-77227
551
-3044
11978
-66207
493
-2725
-5248
29029
-493
2727
7135
-39498
377
-2087
2611
-14471
319
-1768
-4291
23809
-319
1770
-8873
49271
-841
4670
-2290
12731
-261
1451
4496
-25027
203
-1130
-1971
10991
-203
1132
-5538
30943
-841
4699
1654
-9251
145
-811
-2493
13978
-145
813
14037
-79025
551
-3102
7686
-43297
319
-1797
-2638
14877
-319
1799
-12875
72732
-493
2785
8817
-49822
667
-3769
-18907
106894
-667
3771
-18617
105270
-1508
8527
2669
-15109
174
-985
-1333
7569
-87
494
-8641
49155
-928
5279
-9830
55941
-841
4786
-6350
36163
-377
2147
12065
-68817
493
-2812
-4523
25868
-203
1161
9861
-56434
841
-4813
10383
-59450
638
-3653
-2667
15283
-319
1828
-6524
37439
-551
3162
-6350
36453
-667
3829
10412
-60001
493
-2841
10586
-61045
377
-2174
8904
-51475
667
-3856
-10584
61219
-667
3858
-2522
14645
-145
842
2698
-15689
319
-1855
-3537
20590
-319
1857
-10439
60813
-493
2872
-8264
48169
-841
4902
15835
-92481
551
-3218
8933
-52200
377
-2203
4554
-26651
203
-1188
-5741
33640
-406
2379
14211
-83317
1276
-7481
11804
-69223
435
-2551
16531
-97005
667
-3914
-12324
72355
-667
3916
10470
-61567
493
-2899
-12991
76444
-493
2901
-2377
14007
-261
1538
12529
-73863
841
-4958
7773
-45907
319
-1884
-3566
21083
-319
1886
10644
-63017
377
-2232
-8119
48111
-377
2234
8353
-49532
841
-4987
175
-1044
29
-173
7338
-44573
377
-2290
-4813
29261
-377
2292
-5306
32335
-319
1944
7222
-44167
493
-3015
-9743
59624
-493
3017
15023
-92075
667
-4088
-10816
66323
-667
4090
-6031
37004
-435
2669
-16094
98803
-841
5163
-3769
23171
-203
1248
-6524
40165
-377
2321
-6756
41615
-551
3394
-8554
52809
-841
5192
9774
-60349
493
-3044
3423
-21199
145
-898
11108
-68933
841
-5219
5946
-36917
551
-3421
-4262
26477
-551
3423
16763
-104197
667
-4146
-18443
114695
-667
4148
-2464
15341
-261
1625
-4871
30363
-377
2350
-9801
61132
-493
3075
-7162
44689
-609
3800
-12817
80011
-841
5250
-4291
26883
-551
3452
10325
-64786
841
-5277
3800
-23867
203
-1275
-2116
13311
-203
1277
-8148
51301
-493
3104
9107
-57420
377
-2377
2234
-14123
87
-550
16270
-103211
841
-5335
-18791
119248
-841
5337
8440
-53563
667
-4233
-18530
117653
-667
4235
7338
-46603
493
-3131
-5654
35931
-493
3133
-5393
34336
-319
2031
-8554
54491
-551
3510
9571
-61045
841
-5364
3249
-20735
377
-2406
3452
-22069
145
-927
-3827
24621
-203
1306
8788
-56695
319
-2058
-8322
53795
-377
2437
-8235
53302
-493
3191
-8612
55767
-551
3568
15255
-98803
667
-4320
-6843
44341
-667
4322
-20676
134009
-725
4699
-33697
218428
-1566
10151
755
-4901
116
-753
-11367
74095
-841
5482
9774
-63713
725
-4726
-12759
83230
-667
4351
14530
-94801
551
-3595
12471
-81403
493
-3218
-5741
37497
-493
3220
7512
-49097
377
-2464
2930
-19169
319
-2087
-4610
30189
-319
2089
-9714
63655
-841
5511
-2551
16733
-261
1712
4699
-30856
203
-1333
-2174
14297
-203
1335
-6379
42021
-841
5540
1799
-11861
145
-956
-2638
17429
-145
958
14588
-96715
551
-3653
8005
-53099
319
-2116
-2957
19633
-319
2118
-13368
88885
-493
3278
9484
-63075
667
-4436
-1420
9483
-87
581
-10671
71398
-841
5627
-6727
45037
-377
2524
12558
-84187
493
-3305
-4726
31755
-203
1364
-2986
20097
-319
2147
-7075
47676
-551
3713
-7017
47299
-667
4496
10905
-73747
493
-3334
9571
-64902
667
-4523
-11251
76328
-667
4525
-2667
18154
-145
987
3017
-20561
319
-2174
-3856
26303
-319
2176
-10932
74617
-493
3365
-9105
62176
-841
5743
9310
-63713
377
-2580
4757
-32596
203
-1391
-6147
42166
-406
2785
15487
-106285
1276
-8757
12239
-84013
435
-2986
17198
-118117
667
-4581
-12991
89262
-667
4583
10963
-75429
493
-3392
-13484
92829
-493
3394
-2638
18183
-261
1799
13370
-92191
841
-5799
8092
-55883
319
-2203
-3885
26854
-319
2205
-8496
58841
-377
2611
9194
-63713
841
-5828
204
-1421
29
-202
7715
-54578
377
-2667
-5190
36743
-377
2669
-5625
39904
-319
2263
7715
-54897
493
-3508
-10236
72877
-493
3510
15690
-111853
667
-4755
-11483
81896
-667
4757
-6466
46139
-435
3104
-16935
120901
-841
6004
-3972
28391
-203
1451
-6901
49387
-377
2698
-7307
52316
-551
3945
-9395
67396
-841
6033
10267
-73660
493
-3537
3568
-25665
145
-1043
11949
-86101
841
-6060
6497
-46835
551
-3972
-4813
34713
-551
3974
17430
-125773
667
-4813
-19110
137953
-667
4815
-2725
19691
-261
1886
-5248
37961
-377
2727
-10294
74501
-493
3568
-7771
56260
-609
4409
-13658
98919
-841
6091
-4842
35177
-551
4003
11166
-81229
841
-6118
4003
-29145
203
-1478
-2319
16907
-203
1480
-8641
63046
-493
3597
9484
-69281
377
-2754
2321
-16994
87
-637
17111
-125657
841
-6176
9107
-66903
667
-4900
-19197
141085
-667
4902
7831
-57565
493
-3624
-6147
45211
-493
3626
-5712
42079
-319
2350
-9105
67106
-551
4061
10412
-76821
841
-6205
3626
-26767
377
-2783
3597
-26593
145
-1072
-4030
29957
-203
1509
9107
-67860
319
-2377
-8699
64931
-377
2814
-8728
65221
-493
3684
-9163
68498
-551
4119
15922
-119045
667
-4987
-7510
56173
-667
4989
-12208
91785
-841
6323
10499
-78938
725
-5451
-13426
101007
-667
5018
15081
-113477
551
-4146
12964
-97585
493
-3711
-6234
46951
-493
3713
7889
-59450
377
-2841
3249
-24505
319
-2406
-4929
37207
-319
2408
-10555
79721
-841
6352
-2812
21257
-261
1973
4902
-37091
203
-1536
-2377
18009
-203
1538
-7220
54781
-841
6381
1944
-14761
145
-1101
-2783
21170
-145
1103
15139
-115507
551
-4204
8324
-63539
319
-2435
-3276
25027
-319
2437
-13861
106024
-493
3771
10151
-77662
667
-5103
-1507
11571
-87
668
-11512
88537
-841
6468
-7104
54665
-377
2901
13051
-100543
493
-3798
-4929
38048
-203
1567
-3305
25549
-319
2466
-7626
59015
-551
4264
-7684
59479
-667
5163
11398
-88479
493
-3827
10238
-79663
667
-5190
-11918
92771
-667
5192
-2812
21953
-145
1132
3336
-26071
319
-2493
-4175
32654
-319
2495
-11425
89407
-493
3858
-9946
77865
-841
6584
9687
-75980
377
-2957
4960
-38947
203
-1594
17865
-140563
667
-5248
-13658
107503
-667
5250
11456
-90277
493
-3885
-13977
110200
-493
3887
-2899
22881
-261
2060
14211
-112201
841
-6640
8411
-66497
319
-2522
-4204
33263
-319
2524
-8873
70325
-377
2988
10035
-79576
841
-6669
233
-1856
29
-231
8092
-65337
377
-3044
-5567
44979
-377
3046
-5944
48111
-319
2582
8208
-66613
493
-4001
-10729
87116
-493
4003
16357
-132965
667
-5422
-12150
98803
-667
5424
-6901
56144
-435
3539
-17776
144681
-841
6845
-4175
34017
-203
1654
-7278
59363
-377
3075
-7858
64119
-551
4496
-10236
83665
-841
6874
10760
-87957
493
-4030
3713
-30421
145
-1188
12790
-104951
841
-6901
7048
-57855
551
-4523
-5364
44051
-551
4525
18097
-148683
667
-5480
-2986
24563
-261
2147
-5625
46313
-377
3104
-10787
88856
-493
4061
-8380
69049
-609
5018
-14499
119509
-841
6932
-5393
44573
-551
4554
12007
-99354
841
-6959
4206
-34829
203
-1681
-2522
20909
-203
1683
-9134
75777
-493
4090
9861
-81896
377
-3131
2408
-20039
87
-724
17952
-149785
841
-7017
9774
-81577
667
-5567
8324
-69513
493
-4117
-6640
55477
-493
4119
-6031
50460
-319
2669
-9656
80823
-551
4612
11253
-94279
841
-7046
4003
-33553
377
-3160
3742
-31407
145
-1217
-4233
35699
-203
1712
-9076
76821
-377
3191
-9221
78126
-493
4177
-9714
82331
-551
4670
16589
-140621
667
-5654
-8177
69339
-667
5656
-13049
111157
-841
7164
11224
-95613
725
-6176
-14093
120118
-667
5685
15632
-133255
551
-4697
13457
-114753
493
-4204
-6727
57391
-493
4206
8266
-70557
377
-3218
3568
-30479
319
-2725
-5248
44863
-319
2727
-11396
97469
-841
7193
-3073
26303
-261
2234
5105
-43732
203
-1739
-2580
22127
-203
1741
-8061
69223
-841
7222
2089
-17951
145
-1246
-2928
25201
-145
1248
15690
-135401
551
-4755
8643
-74617
319
-2754
-3595
31059
-319
2756
10818
-93583
667
-5770
-1594
13833
-87
755
-12353
107358
-841
7309
-7481
65047
-377
3278
13544
-117885
493
-4291
-5132
44747
-203
1770
-3624
31639
-319
2785
-8177
71456
-551
4815
-8351
72993
-667
5830
11891
-104197
493
-4320
10905
-95758
667
-5857
-12585
110548
-667
5859
-2957
26042
-145
1277
3655
-32219
319
-2812
-4494
39643
-319
2814
-11918
105183
-493
4351
-10787
95236
-841
7425
10064
-89001
377
-3334
5163
-45704
203
-1797
18532
-164343
667
-5915
-14325
127078
-667
5917
11949
-106111
493
-4378
-3160
28101
-261
2321
15052
-133893
841
-7481
8730
-77749
319
-2841
-4523
40310
-319
2843
-9250
82563
-377
3365
10876
-97121
841
-7510
262
-2349
29
-260
8469
-76850
377
-3421
-5944
53969
-377
3423
-6263
56956
-319
2901
8701
-79315
493
-4494
-11222
102341
-493
4496
17024
-155411
667
-6089
-12817
117044
-667
6091
-7336
67019
-435
3974
-4378
40049
-203
1857
-7655
70093
-377
3452
-8409
77024
-551
5047
-11077
101616
-841
7715
11253
-103240
493
-4523
3858
-35467
145
-1333
13631
-125483
841
-7742
7599
-69977
551
-5074
-5915
54491
-551
5076
18764
-172927
667
-6147
-3247
29957
-261
2408
-6002
55419
-377
3481
-11280
104197
-493
4554
-8989
83056
-609
5627
-15340
141781
-841
7773
-5944
55071
-551
5105
12848
-119161
841
-7800
4409
-40919
203
-1884
-2725
25317
-203
1886
-9627
89494
-493
4583
10238
-95265
377
-3508
2495
-23258
87
-811
18793
-175595
841
-7858
10441
-97585
667
-6234
8817
-82447
493
-4610
-7133
66729
-493
4612
-6350
59479
-319
2988
-10207
95642
-551
5163
12094
-113419
841
-7887
4380
-41093
377
-3537
3887
-36511
145
-1362
-4436
41847
-203
1915
-9453
89465
-377
3568
-9714
92017
-493
4670
-10265
97266
-551
5221
17256
-163531
667
-6321
-8844
83839
-667
6323
-13890
132211
-841
8005
11949
-113738
725
-6901
-14760
140563
-667
6352
13950
-132907
493
-4697
-7220
68817
-493
4699
8643
-82418
377
-3595
3887
-37091
319
-3044
-5567
53157
-319
3046
-12237
116899
-841
8034
-3334
31871
-261
2495
5308
-50779
203
-1942
-2783
26651
-203
1944
-8902
85347
-841
8063
2234
-21431
145
-1391
-3073
29522
-145
1393
8962
-86333
319
-3073
-3914
37729
-319
3075
11485
-110838
667
-6437
-1681
16269
-87
842
-13194
127861
-841
8150
-7858
76183
-377
3655
14037
-136213
493
-4784
-5335
51852
-203
1973
-3943
38367
-319
3104
-8728
84999
-551
5366
-9018
87841
-667
6497
12384
-120901
493
-4813
11572
-113187
667
-6524
-13252
129659
-667
6526
-3102
30421
-145
1422
3974
-39005
319
-3131
-4813
47270
-319
3133
-12411
121945
-493
4844
10441
-102776
377
-3711
5366
-52867
203
-2000
19199
-189457
667
-6582
-14992
147987
-667
6584
12442
-122931
493
-4871
-3421
33843
-261
2582
15893
-157267
841
-8322
9049
-89639
319
-3160
-4842
47995
-319
3162
-9627
95555
-377
3742
11717
-116348
841
-8351
291
-2900
29
-289
8846
-89117
377
-3798
-6321
63713
-377
3800
-6582
66439
-319
3220
9194
-93003
493
-4987
-11715
118552
-493
4989
17691
-179191
667
-6756
-13484
136619
-667
6758
-7771
78764
-435
4409
-4581
46487
-203
2060
-8032
81577
-377
3829
-8960
91031
-551
5598
-11918
121249
-841
8556
11746
-119509
493
-5016
4003
-40803
145
-1478
14472
-147697
841
-8583
8150
-83201
551
-5625
-6466
66033
-551
5627
-3508
35873
-261
2669
-6379
65279
-377
3858
-11773
120524
-493
5047
-9598
98281
-609
6236
-16181
165735
-841
8614
-6495
66671
-551
5656
13689
-140650
841
-8641
4612
-47415
203
-2087
-2928
30131
-203
2089
-10120
104197
-493
5076
10615
-109388
377
-3885
11108
-114927
667
-6901
9310
-96367
493
-5103
-7626
78967
-493
5105
-6669
69136
-319
3307
-10758
111563
-551
5714
12935
-134241
841
-8728
4757
-49387
377
-3914
4032
-41905
145
-1507
-4639
48401
-203
2118
-9830
102863
-377
3945
-10207
106894
-493
5163
-10816
113303
-551
5772
17923
-187775
667
-6988
-9511
99673
-667
6990
-14731
154947
-841
8846
12674
-133313
725
-7626
-15427
162342
-667
7019
-7713
81229
-493
5192
9020
-95033
377
-3972
4206
-44341
319
-3363
-5886
62089
-319
3365
-13078
138011
-841
8875
-3595
37961
-261
2756
5511
-58232
203
-2145
-2986
31581
-203
2147
-9743
103153
-841
8904
2379
-25201
145
-1536
-3218
34133
-145
1538
-4233
45037
-319
3394
12152
-129427
667
-7104
-1768
18879
-87
929
-14035
150046
-841
8991
-8235
88073
-377
4032
-5538
59363
-203
2176
-4262
45733
-319
3423
-9279
99644
-551
5917
-9685
104023
-667
7164
12877
-138591
493
-5306
12239
-131950
667
-7191
-13919
150104
-667
7193
-3247
35090
-145
1567
4293
-46429
319
-3450
-5132
55535
-319
3452
-12904
139693
-493
5337
10818
-117305
377
-4088
5569
-60436
203
-2203
-15659
170230
-667
7251
12935
-140737
493
-5364
-3682
40107
-261
2843
16734
-182323
841
-9163
-5161
56318
-319
3481
-10004
109301
-377
4119
12558
-137257
841
-9192
320
-3509
29
-318
9223
-102138
377
-4175
-6698
74211
-377
4177
-6901
76560
-319
3539
9687
-107677
493
-5480
-12208
135749
-493
5482
18358
-204305
667
-7423
-14151
157528
-667
7425
-8206
91379
-435
4844
-4784
53331
-203
2263
-8409
93815
-377
4206
-9511
106140
-551
6149
-12759
142564
-841
9397
12239
-136764
493
-5509
4148
-46429
145
-1623
15313
-171593
841
-9424
8701
-97527
551
-6176
-7017
78677
-551
6178
-3769
42311
-261
2930
-6756
75893
-377
4235
-12266
137837
-493
5540
-10207
114724
-609
6845
-17022
191371
-841
9455
-7046
79373
-551
6207
4815
-54317
203
-2290
-3131
35351
-203
2292
-10613
119886
-493
5569
11775
-133603
667
-7568
9803
-111273
493
-5596
-8119
92191
-493
5598
-6988
79431
-319
3626
-11309
128586
-551
6265
13776
-156745
841
-9569
5134
-58435
377
-4291
4177
-47589
145
-1652
-4842
55361
-203
2321
-10207
117015
-377
4322
-10700
122757
-493
5656
-11367
130442
-551
6323
18590
-213353
667
-7655
-10178
116841
-667
7657
-15572
179365
-841
9687
13399
-154338
725
-8351
-16094
185455
-667
7686
-8206
94627
-493
5685
9397
-108402
377
-4349
4525
-52229
319
-3682
-6205
71659
-319
3684
-13919
160805
-841
9716
-3856
44573
-261
3017
5714
-66091
203
-2348
-3189
36917
-203
2350
-10584
122641
-841
9745
2524
-29261
145
-1681
-3363
39034
-145
1683
-4552
52983
-319
3713
12819
-149350
667
-7771
-1855
21663
-87
1016
-14876
173913
-841
9832
-8612
100717
-377
4409
-5741
67280
-203
2379
-4581
53737
-319
3742
-9830
115391
-551
6468
-10352
121539
-667
7831
13370
-157267
493
-5799
12906
-152047
667
-7858
-14586
171883
-667
7860
-3392
40049
-145
1712
4612
-54491
319
-3769
-5451
64438
-319
3771
-13397
158427
-493
5830
5772
-68411
203
-2406
-16326
193807
-667
7918
13428
-159529
493
-5857
-3943
46893
-261
3104
17575
-209061
841
-10004
-5480
65279
-319
3800
-10381
123801
-377
4496
13399
-159848
841
-10033
349
-4176
29
-347
9600
-115913
377
-4552
-7075
85463
-377
4554
-7220
87319
-319
3858
10180
-123337
493
-5973
-12701
153932
-493
5975
19025
-230753
667
-8090
-14818
179771
-667
8092
-8641
104864
-435
5279
-4987
60581
-203
2466
-8786
106807
-377
4583
-10062
122351
-551
6700
12732
-155005
493
-6002
16154
-197171
841
-10265
9252
-112955
551
-6727
-7568
92423
-551
6729
-4030
49271
-261
3191
-7133
87261
-377
4612
-12759
156136
-493
6033
-10816
132385
-609
7454
-17863
218689
-841
10296
-7597
93177
-551
6758
5018
-61625
203
-2493
-3334
40977
-203
2495
-11106
136561
-493
6062
12442
-153613
667
-8235
10296
-127165
493
-6089
-8612
106401
-493
6091
-7307
90364
-319
3945
-11860
146711
-551
6816
14617
-180931
841
-10410
5511
-68237
377
-4668
-5045
62727
-203
2524
-10584
131921
-377
4699
-11193
139606
-493
6149
-11918
148683
-551
6874
19257
-240265
667
-8322
-10845
135343
-667
8324
-16413
205465
-841
10528
14124
-176813
725
-9076
-16761
209902
-667
8353
-8699
109011
-493
6178
9774
-122525
377
-4726
4844
-60755
319
-4001
-6524
81867
-319
4003
-14760
185281
-841
10557
-4117
51707
-261
3278
-3392
42659
-203
2553
-11425
143811
-841
10586
2669
-33611
145
-1826
-3508
44225
-145
1828
-4871
61567
-319
4032
13486
-170607
667
-8438
-1942
24621
-87
1103
-15717
199462
-841
10673
-8989
114115
-377
4786
-4900
62379
-319
4061
-10381
132240
-551
7019
-11019
140389
-667
8498
13863
-176929
493
-6292
13573
-173478
667
-8525
-15253
194996
-667
8527
-3537
45298
-145
1857
4931
-63191
319
-4088
-5770
73979
-319
4090
-13890
178147
-493
6323
-16993
218718
-667
8585
13921
-179307
493
-6350
-4204
54201
-261
3365
18416
-237481
841
-10845
-5799
74878
-319
4119
-10758
139055
-377
4873
14240
-184121
841
-10874
378
-4901
29
-376
9977
-130442
377
-4929
-7452
97469
-377
4931
-7539
98716
-319
4177
10673
-139983
493
-6466
-13194
173101
-493
6468
-15485
203348
-667
8759
-9076
119219
-435
5714
-5190
68237
-203
2669
-9163
120553
-377
4960
-10613
139664
-551
7251
13225
-174232
493
-6495
16995
-224431
841
-11106
9803
-129485
551
-7278
-8119
107271
-551
7280
-4291
56753
-261
3452
-7510
99383
-377
4989
-13252
175421
-493
6526
-11425
151264
-609
8063
-18704
247689
-841
11137
-8148
108083
-551
7309
5221
-69339
203
-2696
-3537
47009
-203
2698
-11599
154222
-493
6555
13109
-174957
667
-8902
10789
-144043
493
-6582
-9105
121597
-493
6584
-7626
101935
-319
4264
-12411
165938
-551
7367
15458
-206799
841
-11251
5888
-78793
377
-5045
-5248
70499
-203
2727
-11686
157441
-493
6642
-12469
168026
-551
7425
-11512
155179
-667
8991
-17254
233247
-841
11369
14849
-200738
725
-9801
-17428
235683
-667
9020
-9192
124381
-493
6671
10151
-137402
377
-5103
5163
-69919
319
-4320
-6843
92713
-319
4322
-15601
211439
-841
11398
-4378
59363
-261
3539
-3595
48807
-203
2756
-12266
166663
-841
11427
2814
-38251
145
-1971
-3653
49706
-145
1973
-5190
70789
-319
4351
14153
-193198
667
-9105
-2029
27753
-87
1190
-9366
128267
-377
5163
-5219
71659
-319
4380
-10932
150191
-551
7570
-11686
160573
-667
9165
14240
-196243
667
-9192
-15920
219443
-667
9194
-3682
50837
-145
2002
5250
-72529
319
-4407
-6089
84158
-319
4409
-17660
244963
-667
9252
-4465
62031
-261
3626
19257
-267583
841
-11686
-6118
85115
-319
4438
15081
-210076
841
-11715
407
-5684
29
-405
10354
-145725
377
-5306
-7829
110229
-377
5308
-7858
110751
-319
4496
11166
-157615
493
-6959
-13687
193256
-493
6961
-16152
228259
-667
9426
-9511
134444
-435
6149
-5393
76299
-203
2872
-9540
135053
-377
5337
-11164
158079
-551
7802
13718
-194445
493
-6988
17836
-253373
841
-11947
10354
-147117
551
-7829
-8670
123221
-551
7831
-4552
64757
-261
3713
-7887
112259
-377
5366
-13745
195692
-493
7019
-12034
171361
-609
8672
-19545
278371
-841
11978
-8699
124091
-551
7860
5424
-77459
203
-2899
-3740
53447
-203
2901
-12092
172869
-493
7048
13776
-197635
667
-9569
11282
-161907
493
-7075
-9598
137779
-493
7077
-7945
114144
-319
4583
-12962
186267
-551
7918
16299
-234349
841
-12092
6265
-90103
377
-5422
-5451
78677
-203
2930
-12179
176262
-493
7135
-13020
188471
-551
7976
-12179
176349
-667
9658
-18095
262711
-841
12210
15574
-226113
725
-10526
-18095
262798
-667
9687
-9685
140737
-493
7164
10528
-153033
377
-5480
5482
-79721
319
-4639
-7162
104197
-319
4641
-16442
239279
-841
12239
-4639
67541
-261
3800
-3798
55361
-203
2959
-13107
191197
-841
12268
2959
-43181
145
-2116
-3798
55477
-145
2118
-5509
80649
-319
4670
14820
-217123
667
-9772
-2116
31059
-87
1277
-9743
143173
-377
5540
-5538
81577
-319
4699
-11483
169244
-551
8121
-12353
182091
-667
9832
14907
-220342
667
-9859
-16587
245224
-667
9861
-3827
56666
-145
2147
5569
-82505
319
-4726
-6408
94975
-319
4728
-18327
272542
-667
9919
-4726
70383
-261
3887
20098
-299367
841
-12527
-6437
95990
-319
4757
15922
-237713
841
-12556
436
-6525
29
-434
10731
-161762
377
-5683
-8206
123743
-377
5685
-8177
123424
-319
4815
11659
-176233
493
-7452
-14180
214397
-493
7454
-16819
254504
-667
10093
-9946
150539
-435
6584
-5596
84767
-203
3075
-9917
150307
-377
5714
-11715
177596
-551
8353
14211
-215644
493
-7481
18677
-283997
841
-12788
10905
-165851
551
-8380
-9221
140273
-551
8382
-4813
73283
-261
3974
-8264
125889
-377
5743
-14238
216949
-493
7512
-12643
192676
-609
9281
-9250
141201
-551
8411
5627
-85985
203
-3102
-3943
60291
-203
3104
-12585
192502
-493
7541
14443
-221647
667
-10236
11775
-180757
493
-7568
-10091
154947
-493
7570
-8264
126991
-319
4902
-13513
207698
-551
8469
17140
-263581
841
-12933
6642
-102167
377
-5799
-5654
87261
-203
3133
-12672
196069
-493
7628
-13571
210018
-551
8527
-12846
198853
-667
10325
16299
-252938
725
-11251
-18762
291247
-667
10354
-10178
158079
-493
7657
10905
-169418
377
-5857
5801
-90161
319
-4958
-7481
116319
-319
4960
-17283
268801
-841
13080
-4900
76241
-261
4061
-4001
62321
-203
3162
-13948
217413
-841
13109
3104
-48401
145
-2261
-3943
61538
-145
2263
-5828
91147
-319
4989
15487
-242382
667
-10439
-2203
34539
-87
1364
-10120
158833
-377
5917
-5857
92133
-319
5018
-12034
189399
-551
8672
-13020
204943
-667
10499
15574
-245775
667
-10526
-17254
272339
-667
10528
-3972
62785
-145
2292
5888
-93119
319
-5045
-6727
106430
-319
5047
-18994
301455
-667
10586
-4987
79257
-261
4148
20939
-332833
841
-13368
-6756
107503
-319
5076
16763
-267032
841
-13397
465
-7424
29
-463
-8583
138011
-377
6062
-8496
136735
-319
5134
12152
-195837
493
-7945
-17486
282083
-667
10760
-10381
167504
-435
7019
-5799
93641
-203
3278
-10294
166315
-377
6091
-12266
198215
-551
8904
19518
-316303
841
-13629
11456
-185687
551
-8931
-9772
158427
-551
8933
-5074
82331
-261
4235
-8641
140273
-377
6120
-13252
215209
-609
9890
-9801
159413
-551
8962
5830
-94917
203
-3305
-4146
67541
-203
3307
-13078
213121
-493
8034
15110
-246993
667
-10903
12268
-200593
493
-8061
-10584
173101
-493
8063
-8583
140476
-319
5221
-14064
230231
-551
9020
17981
-294495
841
-13774
7019
-114985
377
-6176
-5857
96251
-203
3336
-13165
216862
-493
8121
-14122
232667
-551
9078
-13513
222691
-667
10992
17024
-281213
725
-11976
-10671
176407
-493
8150
6120
-101239
319
-5277
-7800
129079
-319
5279
-5161
85463
-261
4322
-4204
69687
-203
3365
-14789
245311
-841
13950
3249
-53911
145
-2406
-4088
67889
-145
2408
-6147
102283
-319
5308
16154
-268975
667
-11106
-2290
38193
-87
1451
-10497
175247
-377
6294
-6176
103327
-319
5337
-12585
210656
-551
9223
-13687
229129
-667
11166
16241
-272542
667
-11193
-17921
300788
-667
11195
-4117
69194
-145
2437
6207
-104371
319
-5364
-7046
118523
-319
5366
-5248
88653
-261
4409
-7075
119654
-319
5395
17604
-298033
841
-14238
494
-8381
29
-492
-8960
153033
-377
6439
-8815
150684
-319
5453
12645
-216427
493
-8438
-18153
310996
-667
11427
-10816
185339
-435
7454
-10671
183077
-377
6468
-12817
219936
-551
9455
20359
-350291
841
-14470
12007
-206625
551
-9482
-10323
177683
-551
9484
-5335
91901
-261
4496
-9018
155411
-377
6497
-13861
238960
-609
10499
-10352
178727
-551
9513
-4349
75197
-203
3510
-13571
234726
-493
8527
15777
-273673
667
-11570
12761
-221415
493
-8554
-11077
192241
-493
8556
-8902
154599
-319
5540
-14615
253866
-551
9571
18822
-327091
841
-14615
7396
-128557
377
-6553
-13658
238641
-493
8614
-14673
256418
-551
9629
-14180
247863
-667
11659
17749
-310938
725
-12701
-11164
195721
-493
8643
6439
-112955
319
-5596
-8119
142477
-319
5598
-5422
95207
-261
4583
-4407
77459
-203
3568
-15630
274891
-841
14791
3394
-59711
145
-2551
-6466
114057
-319
5627
16821
-296902
667
-11773
-2377
42021
-87
1538
-10874
192415
-377
6671
-6495
115159
-319
5656
-13136
233015
-551
9774
-14354
254649
-667
11833
16908
-300643
667
-11860
-18588
330571
-667
11862
6526
-116261
319
-5683
-7365
131254
-319
5685
-5509
98571
-261
4670
-7394
132443
-319
5714
18445
-330716
841
-15079
523
-9396
29
-521
-9337
168809
-377
6816
-9134
165271
-319
5772
13138
-238003
493
-8931
-18820
341243
-667
12094
-11251
204044
-435
7889
-13368
242759
-551
10006
12558
-228665
551
-10033
-10874
198041
-551
10035
-5596
101993
-261
4757
-9395
171303
-377
6874
-14470
263929
-609
11108
-10903
199143
-551
10064
-4552
83259
-203
3713
-14064
257317
-493
9020
16444
-301687
667
-12237
13254
-243223
493
-9047
-11570
212367
-493
9049
-9221
169360
-319
5859
-15166
278603
-551
10122
19663
-361369
841
-15456
7773
-142883
377
-6930
-14151
261406
-493
9107
-15224
281271
-551
10180
-14847
274369
-667
12326
18474
-342113
725
-13426
-11657
216021
-493
9136
6758
-125309
319
-5915
-8438
156513
-319
5917
-5683
105473
-261
4844
-4610
85637
-203
3771
-16471
306153
-841
15632
3539
-65801
145
-2696
-6785
126469
-319
5946
17488
-326163
667
-12440
-2464
46023
-87
1625
-6814
127629
-319
5975
-13687
256476
-551
10325
-15021
281503
-667
12500
17575
-330078
667
-12527
-19255
361688
-667
12529
6845
-128789
319
-6002
-7684
144623
-319
6004
-5770
109011
-261
4931
-7713
145870
-319
6033
19286
-365081
841
-15920
552
-10469
29
-550
-9714
185339
-377
7193
13631
-260565
493
-9424
-11686
223619
-435
8324
-13919
266684
-551
10557
13109
-251807
551
-10584
-11425
219501
-551
10586
-5857
112607
-261
5018
-9772
187949
-377
7251
-15079
290116
-609
11717
-11454
220661
-551
10615
-4755
91727
-203
3916
17111
-331035
667
-12904
13747
-266017
493
-9540
-12063
233479
-493
9542
-15717
304442
-551
10673
20504
-397329
841
-16297
8150
-157963
377
-7307
-15775
307226
-551
10731
-15514
302209
-667
12993
19199
-374738
725
-14151
-12150
237307
-493
9629
7077
-138301
319
-6234
-8757
171187
-319
6236
-5944
116261
-261
5105
-4813
94221
-203
3974
-17312
339097
-841
16473
3684
-72181
145
-2841
-7104
139519
-319
6265
18155
-356758
667
-13107
-7133
140737
-319
6294
-14238
281039
-551
10876
-15688
309691
-667
13167
18242
-360847
667
-13194
7164
-141955
319
-6321
-8003
158630
-319
6323
-6031
119973
-261
5192
-8032
159935
-319
6352
20127
-401128
841
-16761
581
-11600
29
-579
-10091
202623
-377
7570
14124
-284113
493
-9917
-12121
244064
-435
8759
-14470
291711
-551
11108
13660
-276051
551
-11135
-11976
242063
-551
11137
-6118
123743
-261
5279
-10149
205349
-377
7628
-15688
317521
-609
12326
-12005
243281
-551
11166
-4958
100601
-203
4119
17778
-361717
667
-13571
14240
-289797
493
-10033
-12556
255577
-493
10035
21345
-434971
841
-17138
8527
-173797
377
-7684
-16181
331383
-667
13660
19924
-408813
725
-14876
-12643
259579
-493
10122
7396
-151931
319
-6553
-9076
186499
-319
6555
-6205
127571
-261
5366
-5016
103211
-203
4177
-18153
373723
-841
17314
3829
-78851
145
-2986
-7423
153207
-319
6584
18822
-388687
667
-13774
-7452
154483
-319
6613
-14789
306704
-551
11427
-16355
339213
-667
13834
18909
-392950
667
-13861
7483
-155759
319
-6640
-8322
173275
-319
6642
-6292
131457
-261
5453
-8351
174638
-319
6671
20968
-438857
841
-17602
610
-12789
29
-608
-10468
220661
-377
7947
-12556
265379
-435
9194
-15021
317840
-551
11659
14211
-301397
551
-11686
-12527
265727
-551
11688
-6379
135401
-261
5540
-10526
223503
-377
8005
-16297
346144
-609
12935
-12556
267003
-551
11717
-5161
109881
-203
4322
18445
-393733
667
-14238
-13049
278661
-493
10528
22186
-474295
841
-17979
8904
-190385
377
-8061
-16848
361891
-667
14327
20649
-444338
725
-15601
-13136
282837
-493
10615
7715
-166199
319
-6872
-6466
139403
-261
5627
-5219
112607
-203
4380
-18994
410031
-841
18155
3974
-85811
145
-3131
-7742
167533
-319
6903
-7771
168867
-319
6932
-15340
333471
-551
11978
-17022
370069
-667
14501
7802
-170201
319
-6959
-8641
188558
-319
6961
-6553
143463
-261
5714
-8670
189979
-319
6990
21809
-478268
841
-18443
639
-14036
29
-637
-10845
239453
-377
8324
-15572
345071
-551
12210
14762
-327845
551
-12237
-13078
290493
-551
12239
-6640
147581
-261
5801
-10903
242411
-377
8382
-16906
375985
-609
13544
-13107
291827
-551
12268
-5364
119567
-203
4525
19112
-427083
667
-14905
-13542
302731
-493
11021
9281
-207727
377
-8438
-17515
393733
-667
14994
-13629
307081
-493
11108
8034
-181105
319
-7191
-6727
151757
-261
5888
-5422
122409
-203
4583
4119
-93061
145
-3276
-8061
182497
-319
7222
-8090
183889
-319
7251
-15891
361340
-551
12529
-17689
402259
-667
15168
8121
-185281
319
-7278
-8960
204479
-319
7280
-6814
155991
-261
5975
-8989
205958
-319
7309
22650
-519361
841
-19284
668
-15341
29
-666
15313
-355395
551
-12788
-13629
316361
-551
12790
-6901
160283
-261
6062
-17515
407044
-609
14153
-13658
317753
-551
12819
-5567
129659
-203
4728
-14035
327787
-493
11514
9658
-225823
377
-8815
-18182
426909
-667
15661
-14122
332311
-493
11601
8353
-196649
319
-7510
-6988
164633
-261
6149
-5625
132617
-203
4786
-8380
198099
-319
7541
-8409
199549
-319
7570
-18356
435783
-667
15835
8440
-200999
319
-7597
-7075
169041
-261
6236
23491
-562136
841
-20125
697
-16704
29
-695
15864
-384047
551
-13339
-14180
343331
-551
13341
-7162
173507
-261
6323
-14209
344781
-551
13370
-5770
140157
-203
4931
10035
-244673
377
-9192
-18849
461419
-667
16328
8672
-212831
319
-7829
-7249
178031
-261
6410
-5828
143231
-203
4989
-8699
214339
-319
7860
-8728
215847
-319
7889
-19023
470641
-667
16502
8759
-217355
319
-7916
-7336
182613
-261
6497
726
-18125
29
-724
-14731
371403
-551
13892
-7423
187253
-261
6584
-14760
372911
-551
13921
10412
-264277
377
-9569
8991
-229651
319
-8148
-7510
191951
-261
6671
-9018
231217
-319
8179
-9047
232783
-319
8208
9078
-234349
319
-8235
755
-19604
29
-753
-15282
400577
-551
14443
-15311
402143
-551
14472
10789
-284635
377
-9946
784
-21141
29
-782
-15833
430853
-551
14994
-15862
432477
-551
15023
813
-22736
29
-811
