1
13
0
1
-168
13
-13
1
-701
104
-182
27
1379
-221
156
-25
352
-65
65
-12
-181
39
-65
14
1561
-351
169
-38
-714
169
-169
40
1041
-286
91
-25
-701
208
-91
27
560
-169
169
-51
365
-117
78
-25
-181
65
-39
14
-753
286
-208
79
-233
91
-169
66
-532
221
-65
27
-207
91
-91
40
-1234
559
-117
53
-2157
988
-286
131
27
-13
52
-25
-597
325
-169
92
404
-221
117
-64
1067
-598
91
-51
378
-221
65
-38
-1091
663
-130
79
-272
169
-169
105
365
-234
39
-25
625
-429
169
-116
859
-598
260
-181
573
-403
91
-64
-233
169
-91
66
-753
572
-104
79
521
-403
234
-181
729
-572
65
-51
-558
455
-65
53
820
-689
169
-142
-1663
1417
-169
144
14
-13
13
-12
417
-494
65
-77
-246
299
-65
79
1730
-2119
169
-207
-883
1092
-169
209
1132
-1443
91
-116
-792
1027
-91
118
729
-949
169
-220
443
-585
78
-103
-220
299
-39
53
-402
559
-169
235
-597
845
-65
92
-298
429
-91
131
-1351
1963
-117
170
-2443
3562
-286
417
79
-117
52
-77
-766
1183
-169
261
521
-806
117
-181
1158
-1807
91
-142
443
-702
65
-103
-441
715
-169
274
404
-663
39
-64
794
-1339
169
-285
1119
-1898
260
-441
664
-1131
91
-155
-324
559
-91
157
-857
1508
-104
183
755
-1339
234
-415
794
-1417
65
-116
-623
1131
-65
118
989
-1820
169
-311
-1832
3393
-169
313
27
-52
13
-25
482
-1053
65
-142
-311
689
-65
144
-1052
2353
-169
378
-883
2028
-91
209
898
-2067
169
-389
521
-1209
78
-181
-259
611
-39
92
-571
1365
-169
404
-662
1599
-65
157
-389
949
-91
222
-1468
3601
-117
287
-2729
6708
-286
703
131
-325
52
-129
-935
2379
-169
430
638
-1625
117
-298
508
-1313
65
-168
-610
1599
-169
443
443
-1170
39
-103
963
-2587
169
-454
1379
-3718
260
-701
755
-2041
91
-246
-415
1131
-91
248
-688
1937
-65
183
1158
-3289
169
-480
-2001
5707
-169
482
40
-117
13
-38
547
-1742
65
-207
-376
1209
-65
209
-1221
3952
-169
547
-974
3211
-91
300
-298
1001
-39
131
-740
2509
-169
573
-727
2483
-65
222
-480
1651
-91
313
-1104
3913
-169
599
755
-2678
117
-415
573
-2054
65
-233
482
-1755
39
-142
1132
-4173
169
-623
846
-3133
91
-337
-506
1885
-91
339
-753
2873
-65
248
1327
-5096
169
-649
53
-208
13
-51
612
-2561
65
-272
-441
1859
-65
274
-1390
5889
-169
716
-1065
4576
-91
391
-337
1469
-39
170
-909
3991
-169
742
-792
3497
-65
287
-571
2535
-91
404
-1273
5785
-169
768
872
-3965
117
-532
638
-2925
65
-298
937
-4407
91
-428
-597
2821
-91
430
-818
3939
-65
313
1496
-7241
169
-818
66
-325
13
-64
677
-3510
65
-337
-506
2639
-65
339
-1559
8164
-169
885
-1156
6123
-91
482
-376
2015
-39
209
-1078
5811
-169
911
-662
3601
-91
495
-1442
7995
-169
937
989
-5486
117
-649
703
-3926
65
-363
1028
-5863
91
-519
-688
3939
-91
521
1665
-9724
169
-987
79
-468
13
-77
742
-4589
65
-402
-571
3549
-65
404
-1728
10777
-169
1054
-415
2639
-39
248
-1247
7969
-169
1080
-753
4849
-91
586
-1611
10543
-169
1106
1106
-7241
117
-766
768
-5057
65
-428
1119
-7501
91
-610
-779
5239
-91
612
1834
-12545
169
-1156
92
-637
13
-90
807
-5798
65
-467
-636
4589
-65
469
-454
3341
-39
287
-1416
10465
-169
1249
-844
6279
-91
677
1223
-9230
117
-883
833
-6318
65
-493
-870
6721
-91
703
2003
-15704
169
-1325
105
-832
13
-103
-701
5759
-65
534
-493
4121
-39
326
-935
7891
-91
768
1340
-11453
117
-1000
-961
8385
-91
794
118
-1053
13
-116
-766
7059
-65
599
-1026
9685
-91
859
1457
-13910
117
-1117
-1052
10231
-91
885
131
-1300
13
-129
-831
8489
-65
664
-1117
11661
-91
950
-1143
12259
-91
976
144
-1573
13
-142
157
-1872
13
-155
