1
15
0
1
-224
15
-15
1
-929
120
-240
31
2281
-315
210
-29
-689
105
-105
16
241
-45
75
-14
-914
195
-75
16
-1829
420
-135
31
286
-75
225
-59
1891
-510
330
-89
706
-195
105
-29
241
-75
45
-14
-464
165
-45
16
931
-360
75
-29
-254
105
-75
31
-719
315
-105
46
-1859
840
-135
61
-749
345
-165
76
1006
-465
225
-104
31
-15
60
-29
2911
-1560
390
-209
1891
-1020
165
-89
301
-165
135
-74
961
-540
105
-59
946
-555
75
-44
-269
165
-75
46
256
-165
45
-29
-479
330
-45
31
-974
705
-105
76
391
-285
225
-164
991
-735
120
-89
331
-255
135
-104
286
-225
75
-59
-959
780
-75
61
991
-840
105
-89
1096
-945
225
-194
-2669
2325
-225
196
16
-15
15
-14
-794
915
-105
121
316
-375
75
-89
-989
1200
-75
91
-1964
2415
-135
166
511
-645
225
-284
811
-1035
105
-134
286
-375
45
-59
-509
690
-45
61
1006
-1395
75
-104
-329
465
-75
106
-824
1185
-105
151
-1994
2895
-135
196
-914
1335
-165
241
1231
-1800
225
-329
91
-135
60
-89
3301
-5070
390
-599
2056
-3165
165
-254
436
-675
135
-209
1066
-1665
105
-164
1021
-1620
75
-119
-344
555
-75
121
301
-495
45
-74
-524
885
-45
76
-1079
1860
-105
181
616
-1065
225
-389
466
-825
135
-239
361
-645
75
-134
-1034
1875
-75
136
1096
-2025
105
-194
1321
-2460
225
-419
-2894
5415
-225
421
31
-60
15
-29
-899
1935
-105
226
391
-855
75
-164
-1064
2355
-75
166
736
-1665
225
-509
916
-2085
105
-239
331
-765
45
-104
-554
1305
-45
106
1081
-2580
75
-179
-404
975
-75
181
-929
2265
-105
256
-1079
2655
-165
406
1456
-3585
225
-554
151
-375
60
-149
3691
-9360
390
-989
2221
-5640
165
-419
571
-1455
135
-344
1171
-3000
105
-269
1096
-2835
75
-194
-419
1095
-75
196
346
-915
45
-119
-569
1530
-45
121
-1184
3225
-105
286
841
-2295
225
-614
601
-1665
135
-374
436
-1215
75
-209
-1109
3120
-75
211
1201
-3420
105
-299
1546
-4425
225
-644
-3119
8955
-225
646
46
-135
15
-44
-1004
3165
-105
331
466
-1485
75
-239
961
-3135
225
-734
1021
-3345
105
-344
376
-1245
45
-149
-599
2010
-45
151
-479
1635
-75
256
-1034
3555
-105
361
-1244
4305
-165
571
1681
-5820
225
-779
211
-735
60
-209
4081
-14430
390
-1379
2386
-8445
165
-584
706
-2505
135
-479
1276
-4545
105
-374
-494
1785
-75
271
391
-1425
45
-164
-614
2265
-45
166
-1289
4800
-105
391
1066
-3975
225
-839
736
-2775
135
-509
511
-1935
75
-284
1306
-5025
105
-404
1771
-6840
225
-869
61
-240
15
-59
-1109
4605
-105
436
541
-2265
75
-314
1186
-5055
225
-959
1126
-4815
105
-449
421
-1815
45
-194
-644
2805
-45
196
-554
2445
-75
331
-1139
5055
-105
466
-1409
6285
-165
736
1906
-8505
225
-1004
841
-3825
135
-614
1381
-6300
105
-479
-569
2625
-75
346
436
-2025
45
-209
-659
3090
-45
211
-1394
6585
-105
496
1291
-6105
225
-1064
871
-4155
135
-644
586
-2805
75
-359
1411
-6840
105
-509
1996
-9705
225
-1094
76
-375
15
-74
-1214
6255
-105
541
616
-3195
75
-389
1411
-7425
225
-1184
1231
-6495
105
-554
466
-2475
45
-239
-629
3405
-75
406
-1244
6765
-105
571
-1574
8595
-165
901
2131
-11640
225
-1229
976
-5415
135
-749
1486
-8265
105
-584
-644
3615
-75
421
481
-2715
45
-254
-1499
8580
-105
601
1006
-5805
135
-779
661
-3825
75
-434
1516
-8865
105
-614
2221
-13020
225
-1319
91
-540
15
-89
-1319
8115
-105
646
691
-4275
75
-464
1636
-10245
225
-1409
1336
-8385
105
-659
511
-3225
45
-284
-704
4515
-75
481
-1349
8685
-105
676
-1739
11235
-165
1066
2356
-15225
225
-1454
1111
-7275
135
-884
-719
4755
-75
496
526
-3495
45
-299
1141
-7725
135
-914
736
-4995
75
-509
2446
-16785
225
-1544
106
-735
15
-104
-1424
10185
-105
751
766
-5505
75
-539
1861
-13515
225
-1634
1441
-10485
105
-764
556
-4065
45
-329
-779
5775
-75
556
-1454
10815
-105
781
-1904
14205
-165
1231
1246
-9405
135
-1019
-794
6045
-75
571
571
-4365
45
-344
1276
-9915
135
-1049
811
-6315
75
-584
2671
-21000
225
-1769
121
-960
15
-119
-1529
12465
-105
856
841
-6885
75
-614
1546
-12795
105
-869
601
-4995
45
-374
-854
7185
-75
631
-1559
13155
-105
886
-2069
17505
-165
1396
1381
-11805
135
-1154
-869
7485
-75
646
616
-5325
45
-389
1411
-12375
135
-1184
886
-7785
75
-659
2896
-25665
225
-1994
136
-1215
15
-134
916
-8415
75
-689
646
-6015
45
-419
-929
8745
-75
706
-2234
21135
-165
1561
1516
-14475
135
-1289
-944
9075
-75
721
661
-6375
45
-434
1546
-15105
135
-1319
961
-9405
75
-734
3121
-30780
225
-2219
151
-1500
15
-149
991
-10095
75
-764
-1004
10455
-75
781
-2399
25095
-165
1726
1651
-17415
135
-1424
-1019
10815
-75
796
1681
-18105
135
-1454
1036
-11175
75
-809
166
-1815
15
-164
1066
-11925
75
-839
-1079
12315
-75
856
1786
-20625
135
-1559
-1094
12705
-75
871
1816
-21375
135
-1589
1111
-13095
75
-884
181
-2160
15
-179
1921
-24105
135
-1694
1951
-24915
135
-1724
196
-2535
15
-194
211
-2940
15
-209
