1
18
0
1
-323
18
-18
1
2287
-270
144
-17
667
-90
126
-17
343
-54
108
-17
-1637
288
-108
19
667
-126
90
-17
-341
72
-90
19
991
-234
72
-17
-341
90
-72
19
2359
-648
324
-89
-3653
1026
-324
91
-1655
486
-126
37
343
-108
54
-17
-665
234
-54
19
-377
144
-144
55
4339
-1674
324
-125
-1745
684
-324
127
-1007
414
-90
37
-701
306
-126
55
343
-162
36
-17
-341
180
-36
19
1693
-954
126
-71
703
-414
90
-53
-2051
1242
-180
109
1585
-972
468
-287
2359
-1458
144
-89
361
-234
54
-35
-683
468
-54
37
739
-522
126
-89
-827
594
-252
181
2881
-2088
396
-287
1027
-756
72
-53
-377
288
-72
55
1369
-1080
90
-71
-1043
846
-90
73
415
-342
108
-89
-1709
1440
-108
91
-1727
1494
-126
109
-449
396
-144
127
19
-18
18
-17
2431
-2718
144
-161
793
-900
126
-143
451
-522
108
-125
-1745
2052
-108
127
757
-900
90
-107
-431
522
-90
109
1063
-1314
72
-89
-413
522
-72
91
2683
-3420
324
-413
-3977
5094
-324
415
-1781
2304
-126
163
397
-522
54
-71
-719
972
-54
73
-521
720
-144
199
4663
-6462
324
-449
-2069
2880
-324
451
-1097
1548
-90
127
-827
1188
-126
181
379
-558
36
-53
-377
576
-36
55
1819
-2844
126
-197
793
-1260
90
-143
-2231
3582
-180
289
2053
-3312
468
-755
2503
-4050
144
-233
415
-684
54
-89
-737
1242
-54
91
865
-1476
126
-215
-1079
1854
-252
433
3277
-5652
396
-683
1099
-1908
72
-125
-449
792
-72
127
1459
-2610
90
-161
-1133
2052
-90
163
523
-954
108
-197
-1817
3348
-108
199
-1853
3456
-126
235
-593
1116
-144
271
37
-72
18
-35
2575
-5454
144
-305
919
-1962
126
-269
559
-1206
108
-233
-1853
4032
-108
235
847
-1854
90
-197
-521
1152
-90
199
1135
-2538
72
-161
-485
1098
-72
163
3007
-6840
324
-737
-4301
9810
-324
739
-1907
4374
-126
289
451
-1044
54
-125
-773
1818
-54
127
-665
1584
-144
343
4987
-11898
324
-773
-2393
5724
-324
775
-1187
2862
-90
217
-953
2322
-126
307
415
-1026
36
-89
-413
1044
-36
91
1945
-4986
126
-323
883
-2286
90
-233
469
-1242
54
-143
-791
2124
-54
145
991
-2682
126
-341
-1331
3618
-252
685
3673
-10008
396
-1079
1171
-3204
72
-197
-521
1440
-72
199
1549
-4320
90
-251
-1223
3438
-90
253
631
-1782
108
-305
-1925
5472
-108
307
-1979
5670
-126
361
-737
2124
-144
415
55
-162
18
-53
1045
-3276
126
-395
667
-2106
108
-341
937
-2988
90
-287
-611
1962
-90
289
1207
-3906
72
-233
-557
1818
-72
235
3331
-10908
324
-1061
-2033
6696
-126
415
505
-1674
54
-179
-827
2772
-54
181
-809
2736
-144
487
-2717
9216
-324
1099
-1277
4356
-90
307
-1079
3708
-126
433
451
-1566
36
-125
-449
1584
-36
127
2071
-7380
126
-449
973
-3492
90
-323
523
-1908
54
-197
-845
3114
-54
199
1117
-4140
126
-467
-1583
5886
-252
937
4069
-15156
396
-1475
1243
-4644
72
-269
-593
2232
-72
271
-1313
5004
-90
343
739
-2826
108
-413
-2105
8136
-126
487
-881
3420
-144
559
73
-288
18
-71
1171
-4842
126
-521
775
-3222
108
-449
1027
-4302
90
-377
-701
2952
-90
379
1279
-5418
72
-305
-629
2682
-72
307
3655
-15624
324
-1385
-2159
9270
-126
541
559
-2412
54
-233
-881
3834
-54
235
-953
4176
-144
631
-3041
13356
-324
1423
-1367
6030
-90
397
-1205
5346
-126
559
487
-2178
36
-161
-485
2196
-36
163
2197
-10026
126
-575
1063
-4878
90
-413
577
-2682
54
-251
-899
4212
-54
253
1243
-5850
126
-593
-665
3168
-72
343
-1403
6750
-90
433
847
-4086
108
-521
-2231
10854
-126
613
-1025
5004
-144
703
91
-450
18
-89
1297
-6660
126
-647
883
-4554
108
-557
1117
-5796
90
-467
-791
4122
-90
469
-701
3690
-72
379
3979
-20988
324
-1709
613
-3258
54
-287
-935
5004
-54
289
-1097
5904
-144
775
-3365
18144
-324
1747
-1457
7884
-90
487
-1331
7236
-126
685
523
-2862
36
-197
-521
2880
-36
199
1153
-6444
90
-503
631
-3564
54
-305
-953
5418
-54
307
1369
-7812
126
-719
-737
4248
-72
415
-1493
8676
-90
523
955
-5562
108
-629
-1169
6876
-144
847
109
-648
18
-107
1423
-8730
126
-773
991
-6102
108
-665
1207
-7470
90
-557
-881
5472
-90
559
-773
4842
-72
451
4303
-27000
324
-2033
667
-4212
54
-341
-1241
7920
-144
919
-3689
23580
-324
2071
-1547
9918
-90
577
-1457
9378
-126
811
559
-3618
36
-233
-557
3636
-36
235
1243
-8190
90
-593
685
-4554
54
-359
1495
-10026
126
-845
-809
5472
-72
487
-1583
10782
-90
613
1063
-7254
108
-737
-1313
9036
-144
991
127
-882
18
-125
1549
-11052
126
-899
1099
-7866
108
-773
1297
-9324
90
-647
-971
7002
-90
649
-845
6138
-72
523
721
-5274
54
-395
-1385
10224
-144
1063
-4013
29664
-324
2395
-1583
11772
-126
937
595
-4446
36
-269
-593
4464
-36
271
1333
-10116
90
-683
739
-5652
54
-413
1621
-12492
126
-971
-881
6840
-72
559
1171
-9162
108
-845
-1457
11484
-144
1135
145
-1152
18
-143
1675
-13626
126
-1025
1207
-9846
108
-881
1387
-11358
90
-737
-1061
8712
-90
739
-917
7578
-72
595
775
-6444
54
-449
-1529
12816
-144
1207
-4337
36396
-324
2719
-1709
14418
-126
1063
631
-5346
36
-305
-629
5364
-36
307
1423
-12222
90
-773
793
-6858
54
-467
1747
-15210
126
-1097
-953
8352
-72
631
1279
-11286
108
-953
-1601
14220
-144
1279
163
-1458
18
-161
1801
-16452
126
-1151
1315
-12042
108
-989
1477
-13572
90
-827
-1151
10602
-90
829
-989
9162
-72
667
829
-7722
54
-503
-1673
15696
-144
1351
-4661
43776
-324
3043
-1835
17316
-126
1189
1513
-14508
90
-863
847
-8172
54
-521
1873
-18180
126
-1223
-1025
10008
-72
703
1387
-13626
108
-1061
-1745
17244
-144
1423
181
-1800
18
-179
1927
-19530
126
-1277
1423
-14454
108
-1097
1567
-15966
90
-917
-1241
12672
-90
919
-1061
10890
-72
739
883
-9108
54
-557
-1817
18864
-144
1495
-4985
51804
-324
3367
-1961
20466
-126
1315
1603
-16974
90
-953
901
-9594
54
-575
1999
-21402
126
-1349
-1097
11808
-72
775
1495
-16182
108
-1169
-1889
20556
-144
1567
199
-2178
18
-197
2053
-22860
126
-1403
1531
-17082
108
-1205
-1331
14922
-90
1009
-1133
12762
-72
811
937
-10602
54
-611
-1961
22320
-144
1639
-2087
23868
-126
1441
955
-11124
54
-629
2125
-24876
126
-1475
-1169
13752
-72
847
1603
-18954
108
-1277
-2033
24156
-144
1711
217
-2592
18
-215
2179
-26442
126
-1529
1639
-19926
108
-1313
-1421
17352
-90
1099
-1205
14778
-72
883
-2105
26064
-144
1783
-2213
27522
-126
1567
2251
-28602
126
-1601
-1241
15840
-72
919
1711
-21942
108
-1385
-2177
28044
-144
1855
235
-3042
18
-233
1747
-22986
108
-1421
-1511
19962
-90
1189
-1277
16938
-72
955
-2249
30096
-144
1927
1819
-25146
108
-1493
-2321
32220
-144
1999
253
-3528
18
-251
1855
-26262
108
-1529
-1601
22752
-90
1279
-2393
34416
-144
2071
1927
-28566
108
-1601
-2465
36684
-144
2143
271
-4050
18
-269
-2537
39024
-144
2215
289
-4608
18
-287
307
-5202
18
-305
