1
9
0
1
-80
9
-9
1
-341
72
-90
19
343
-81
72
-17
91
-27
27
-8
-170
63
-27
10
-341
144
-45
19
-701
306
-126
55
19
-9
36
-17
-206
117
-81
46
109
-63
45
-26
100
-63
27
-17
-179
126
-27
19
388
-297
81
-62
-467
369
-81
64
10
-9
9
-8
118
-153
27
-35
-197
270
-27
37
-386
549
-45
64
-827
1188
-126
181
55
-81
36
-53
-287
450
-81
127
154
-243
45
-71
127
-207
27
-44
-206
351
-27
46
469
-828
81
-143
-548
981
-81
145
19
-36
9
-17
145
-333
27
-62
-224
531
-27
64
-368
945
-81
208
199
-513
45
-116
154
-405
27
-71
-233
630
-27
73
550
-1521
81
-224
-629
1755
-81
226
28
-81
9
-26
172
-567
27
-89
-449
1602
-81
289
244
-873
45
-161
181
-657
27
-98
631
-2376
81
-305
37
-144
9
-35
199
-855
27
-116
-530
2421
-81
370
289
-1323
45
-206
208
-963
27
-125
46
-225
9
-44
226
-1197
27
-143
334
-1863
45
-251
235
-1323
27
-152
55
-324
9
-53
379
-2493
45
-296
64
-441
9
-62
73
-576
9
-71
