1
21
0
1
-440
21
-21
1
-1805
168
-462
43
7099
-693
420
-41
1786
-189
189
-20
-902
105
-189
22
463
-63
147
-20
-2666
399
-147
22
-5333
840
-273
43
2248
-399
231
-41
-1805
336
-231
43
-1889
357
-672
127
-2288
441
-441
85
-902
189
-105
22
-923
210
-189
43
-4031
945
-273
64
1870
-441
441
-104
1807
-441
168
-41
5818
-1533
315
-83
2269
-609
231
-62
1807
-504
147
-41
-1364
399
-147
43
463
-147
63
-20
-902
315
-63
22
-4052
1491
-231
85
610
-231
441
-167
1975
-756
546
-209
484
-189
105
-41
-923
378
-105
43
946
-399
147
-62
-2267
987
-147
64
-2288
1029
-189
85
-4073
1869
-231
106
-5417
2520
-273
127
-1028
483
-315
148
-5900
2793
-357
169
-9197
4368
-798
379
43
-21
84
-41
-2435
1281
-441
232
1954
-1029
357
-188
5902
-3129
315
-167
589
-315
273
-146
1009
-546
231
-125
1870
-1029
189
-104
967
-546
147
-83
-2288
1323
-147
85
1387
-819
105
-62
-1826
1113
-105
64
715
-441
441
-272
5503
-3423
336
-209
1030
-651
231
-146
484
-315
63
-41
-923
630
-63
43
1870
-1323
147
-104
-1427
1029
-147
106
-2813
2058
-231
169
-1112
819
-315
232
2101
-1596
441
-335
2311
-1764
714
-545
1975
-1512
273
-209
3235
-2499
189
-146
1408
-1113
105
-83
-1931
1554
-210
169
-2561
2079
-441
358
3277
-2667
231
-188
-2834
2331
-231
190
673
-567
273
-230
568
-483
147
-125
-2771
2394
-147
127
3256
-2877
189
-167
-2372
2121
-189
169
2164
-1953
441
-398
-7895
7161
-441
400
22
-21
21
-20
1975
-2184
189
-209
-1091
1218
-189
211
610
-693
147
-167
-2813
3234
-147
169
-5606
6489
-273
316
2479
-2919
231
-272
-2036
2415
-231
274
-2561
3045
-672
799
-2729
3255
-441
526
-1007
1218
-105
127
-1112
1365
-189
232
-4304
5313
-273
337
2311
-2856
441
-545
1975
-2457
168
-209
6133
-7749
315
-398
2500
-3171
231
-293
1954
-2499
147
-188
-1511
1953
-147
190
526
-693
63
-83
-965
1302
-63
85
-4283
5859
-231
316
1051
-1449
441
-608
589
-819
105
-146
-1028
1449
-105
148
1093
-1554
147
-209
-2414
3465
-147
211
-2477
3591
-189
274
-4304
6279
-231
337
-5690
8337
-273
400
-1343
1974
-315
463
-6257
9219
-357
526
-9995
14742
-798
1177
127
-189
84
-125
-2876
4389
-441
673
2311
-3528
357
-545
6217
-9513
315
-482
862
-1323
273
-419
1240
-1911
231
-356
2059
-3192
189
-293
1114
-1743
147
-230
-2435
3843
-147
232
1492
-2373
105
-167
-1931
3108
-105
169
1156
-1869
441
-713
1261
-2058
231
-377
547
-903
63
-104
-986
1659
-63
106
2017
-3444
147
-251
-1574
2709
-147
253
-3044
5271
-231
400
-1427
2478
-315
547
2542
-4473
441
-776
3025
-5334
714
-1259
2248
-3969
273
-482
3424
-6069
189
-335
1513
-2709
105
-188
-2141
3864
-210
379
-3002
5439
-441
799
3508
-6363
231
-419
-3065
5586
-231
421
946
-1743
273
-503
715
-1323
147
-272
-2918
5439
-147
274
3445
-6489
189
-356
-2561
4851
-189
358
2605
-4956
441
-839
-8336
15897
-441
841
43
-84
21
-41
2164
-4557
189
-398
-1280
2709
-189
400
757
-1617
147
-314
-2960
6363
-147
316
2710
-5901
231
-503
-2267
4956
-231
505
-3233
7077
-672
1471
-3170
6951
-441
967
-1112
2457
-105
232
-1301
2898
-189
421
-4577
10227
-273
610
2752
-6153
441
-986
2143
-4809
168
-377
6448
-14595
315
-713
2731
-6195
231
-524
2101
-4788
147
-335
-1658
3801
-147
337
589
-1365
63
-146
-1028
2415
-63
148
-4514
10689
-231
547
1492
-3549
441
-1049
694
-1659
105
-251
-1133
2730
-105
253
1240
-3003
147
-356
-2561
6237
-147
358
-2666
6531
-189
463
-4535
11151
-231
568
-1658
4095
-315
778
-6614
16359
-357
883
-10793
26712
-798
1975
211
-525
84
-209
-3317
8379
-441
1114
2668
-6741
357
-902
6532
-16527
315
-797
1135
-2877
273
-692
1471
-3738
231
-587
2248
-5733
189
-482
1261
-3234
147
-377
-2582
6657
-147
379
1597
-4137
105
-272
-2036
5313
-105
274
1597
-4179
441
-1154
1492
-3927
231
-608
610
-1617
63
-167
-1049
2814
-63
169
2164
-5859
147
-398
-1721
4683
-147
400
-3275
8946
-231
631
-1742
4767
-315
862
2983
-8232
441
-1217
3739
-10332
714
-1973
2521
-6972
273
-755
3613
-10017
189
-524
1618
-4515
105
-293
-2351
6594
-210
589
3739
-10521
231
-650
-3296
9303
-231
652
1219
-3465
273
-776
862
-2457
147
-419
-3065
8778
-147
421
3634
-10479
189
-545
-2750
7959
-189
547
3046
-8841
441
-1280
-8777
25515
-441
1282
64
-189
21
-62
2353
-7308
189
-587
-1469
4578
-189
589
904
-2835
147
-461
2941
-9345
231
-734
-2498
7959
-231
736
-3905
12453
-672
2143
-3611
11529
-441
1408
-1217
3906
-105
337
-1490
4809
-189
610
-4850
15687
-273
883
2311
-7497
168
-545
2962
-9681
231
-755
2248
-7371
147
-482
-1805
5943
-147
484
652
-2163
63
-209
-1091
3654
-63
211
-4745
15981
-231
778
1933
-6531
441
-1490
799
-2709
105
-356
-1238
4221
-105
358
1387
-4746
147
-503
-2708
9303
-147
505
-2855
9849
-189
652
-4766
16485
-231
799
-1973
6846
-315
1093
-6971
24213
-357
1240
-11591
40278
-798
2773
295
-1029
84
-293
-3758
13251
-441
1555
3025
-10668
357
-1259
1408
-4977
273
-965
1702
-6027
231
-818
2437
-8652
189
-671
1408
-5019
147
-524
-2729
9765
-147
526
1702
-6111
105
-377
-2141
7728
-105
379
1723
-6258
231
-839
673
-2457
63
-230
-1112
4095
-63
232
2311
-8568
147
-545
-1868
6951
-147
547
-3506
13083
-231
862
-2057
7686
-315
1177
3424
-12873
441
-1658
4453
-16758
714
-2687
2794
-10521
273
-1028
3802
-14343
189
-713
1723
-6531
105
-398
-2561
9744
-210
799
3970
-15141
231
-881
-3527
13482
-231
883
1492
-5733
273
-1049
1009
-3885
147
-566
3823
-14847
189
-734
-2939
11445
-189
736
3487
-13608
441
-1721
85
-336
21
-83
2542
-10437
189
-776
-1658
6825
-189
778
1051
-4347
147
-608
3172
-13251
231
-965
-2729
11424
-231
967
-4577
19173
-672
2815
-4052
16989
-441
1849
-1322
5565
-105
442
-1679
7098
-189
799
-5123
21693
-273
1156
3193
-13629
231
-986
2395
-10248
147
-629
-1952
8379
-147
631
715
-3087
63
-272
-1154
5019
-63
274
2374
-10395
441
-1931
904
-3969
105
-461
-1343
5922
-105
463
1534
-6783
147
-650
-2855
12663
-147
652
-3044
13545
-189
841
-2288
10227
-315
1408
-7328
32781
-357
1597
-12389
55440
-798
3571
379
-1701
84
-377
-4199
19005
-441
1996
3382
-15309
357
-1616
1681
-7623
273
-1238
1933
-8778
231
-1049
2626
-11949
189
-860
1555
-7098
147
-671
-2876
13167
-147
673
1807
-8295
105
-482
1954
-9051
231
-1070
736
-3423
63
-293
-1175
5502
-63
295
2458
-11571
147
-692
-2015
9513
-147
694
-3737
17682
-231
1093
-2372
11235
-315
1492
3865
-18396
441
-2099
3067
-14616
273
-1301
1828
-8757
105
-503
-2771
13314
-210
1009
4201
-20223
231
-1112
-3758
18123
-231
1114
1765
-8547
273
-1322
1156
-5607
147
-713
-3128
15309
-189
925
3928
-19257
441
-2162
106
-525
21
-104
2731
-13944
189
-965
-1847
9450
-189
967
1198
-6153
147
-755
3403
-17619
231
-1196
-2960
15351
-231
1198
-4493
23331
-441
2290
-1427
7434
-105
547
-1868
9765
-189
988
-5396
28245
-273
1429
3424
-18039
231
-1217
2542
-13419
147
-776
-2099
11109
-147
778
778
-4137
63
-335
-1217
6510
-63
337
2815
-15141
441
-2372
1009
-5439
105
-566
-1448
7833
-105
568
1681
-9114
147
-797
-3002
16317
-147
799
-3233
17619
-189
1030
-2603
14238
-315
1723
-4640
25641
-441
2437
3739
-20664
357
-1973
1954
-10815
273
-1511
2164
-11991
231
-1280
2815
-15624
189
-1049
1702
-9471
147
-818
-3023
16863
-147
820
1912
-10689
105
-587
2185
-12306
231
-1301
799
-4515
63
-356
-1238
7035
-63
358
2605
-14868
147
-839
-2162
12369
-147
841
-3968
22743
-231
1324
-2687
15414
-315
1807
4306
-24801
441
-2540
3340
-19257
273
-1574
1933
-11193
105
-608
4432
-25767
231
-1343
-3989
23226
-231
1345
2038
-11907
273
-1595
1303
-7623
147
-860
-3317
19551
-189
1114
4369
-25788
441
-2603
127
-756
21
-125
2920
-17829
189
-1154
-2036
12453
-189
1156
1345
-8253
147
-902
3634
-22449
231
-1427
-3191
19740
-231
1429
-4934
30555
-441
2731
-1532
9513
-105
652
-2057
12810
-189
1177
-5669
35343
-273
1702
3655
-22911
231
-1448
2689
-16884
147
-923
-2246
14133
-147
925
841
-5313
63
-398
-1280
8127
-63
400
3256
-20769
441
-2813
1114
-7119
105
-671
-1553
9954
-105
673
1828
-11739
147
-944
-3422
22071
-189
1219
-2918
18879
-315
2038
-5081
33159
-441
2878
4096
-26733
357
-2330
2227
-14553
273
-1784
2395
-15666
231
-1511
3004
-19677
189
-1238
1849
-12138
147
-965
2017
-13293
105
-692
2416
-16023
231
-1532
862
-5733
63
-419
-1301
8694
-63
421
2752
-18459
147
-986
-2309
15519
-147
988
-4199
28266
-231
1555
-3002
20223
-315
2122
4747
-32088
441
-2981
3613
-24444
273
-1847
2038
-13839
105
-713
4663
-31773
231
-1574
-4220
28791
-231
1576
2311
-15813
273
-1868
1450
-9933
147
-1007
-3506
24171
-189
1303
4810
-33201
441
-3044
148
-1029
21
-146
3109
-22092
189
-1343
-2225
15834
-189
1345
1492
-10647
147
-1049
3865
-27741
231
-1658
-3422
24591
-231
1660
-5375
38661
-441
3172
-1637
11802
-105
757
-2246
16233
-189
1366
3886
-28245
231
-1679
2836
-20643
147
-1070
-2393
17451
-147
1072
904
-6615
63
-461
3697
-27279
441
-3254
1219
-9009
105
-776
-1658
12285
-105
778
1975
-14658
147
-1091
-3611
26901
-189
1408
-3233
24150
-315
2353
-5522
41559
-441
3319
4453
-33516
357
-2687
2500
-18837
273
-2057
2626
-19803
231
-1742
3193
-24108
189
-1427
1996
-15099
147
-1112
2122
-16107
105
-797
2647
-20202
231
-1763
925
-7077
63
-482
2899
-22344
147
-1133
-2456
18963
-147
1135
-4430
34251
-231
1786
-3317
25662
-315
2437
5188
-40257
441
-3422
3886
-30177
273
-2120
2143
-16695
105
-818
-4451
34818
-231
1807
2584
-20265
273
-2141
1597
-12537
147
-1154
-3695
29169
-189
1492
5251
-41496
441
-3485
169
-1344
21
-167
3298
-26733
189
-1532
-2414
19593
-189
1534
1639
-13335
147
-1196
4096
-33495
231
-1889
-3653
29904
-231
1891
-5816
47649
-441
3613
-1742
14301
-105
862
-2435
20034
-189
1555
4117
-34041
231
-1910
2983
-24696
147
-1217
-2540
21063
-147
1219
967
-8043
63
-524
4138
-34671
441
-3695
1324
-11109
105
-881
-1763
14826
-105
883
2122
-17871
147
-1238
-3800
32109
-189
1597
-3548
30051
-315
2668
-5963
50841
-441
3760
4810
-41013
357
-3044
2773
-23667
273
-2330
2857
-24402
231
-1973
3382
-28917
189
-1616
2143
-18354
147
-1259
2878
-24843
231
-1994
988
-8547
63
-545
3046
-26523
147
-1280
-2603
22701
-147
1282
-4661
40698
-231
2017
-3632
31731
-315
2752
5629
-49308
441
-3863
4159
-36456
273
-2393
-4682
41307
-231
2038
2857
-25263
273
-2414
1744
-15435
147
-1301
-3884
34545
-189
1681
5692
-50673
441
-3926
190
-1701
21
-188
3487
-31752
189
-1721
-2603
23730
-189
1723
1786
-16317
147
-1343
4327
-39711
231
-2120
-3884
35679
-231
2122
-1847
17010
-105
967
-2624
24213
-189
1744
4348
-40299
231
-2141
-2687
24969
-147
1366
1030
-9597
63
-587
4579
-42945
441
-4136
1429
-13419
105
-986
-1868
17577
-105
988
2269
-21378
147
-1385
-3863
36582
-315
2983
-6404
61005
-441
4201
5167
-49224
357
-3401
3046
-29043
273
-2603
3088
-29463
231
-2204
3571
-34104
189
-1805
2290
-21903
147
-1406
3109
-29946
231
-2225
1051
-10143
63
-608
-2750
26733
-147
1429
-3947
38430
-315
3067
6070
-59241
441
-4304
4432
-43281
273
-2666
3130
-30807
273
-2687
1891
-18627
147
-1448
6133
-60732
441
-4367
211
-2100
21
-209
3676
-37149
189
-1910
-2792
28245
-189
1912
1933
-19593
147
-1490
4558
-46389
231
-2351
-4115
41916
-231
2353
-1952
19929
-105
1072
-2813
28770
-189
1933
4579
-47019
231
-2372
-2834
29169
-147
1513
1093
-11277
63
-650
5020
-52101
441
-4577
1534
-15939
105
-1091
-1973
20538
-105
1093
2416
-25179
147
-1532
-4178
43743
-315
3298
-6845
72051
-441
4642
5524
-58149
357
-3758
3319
-34965
273
-2876
3319
-34986
231
-2435
3760
-39669
189
-1994
2437
-25746
147
-1553
3340
-35511
231
-2456
1114
-11865
63
-671
-2897
31059
-147
1576
-4262
45759
-315
3382
4705
-50652
273
-2939
3403
-36897
273
-2960
2038
-22113
147
-1595
6574
-71673
441
-4808
232
-2541
21
-230
3865
-42924
189
-2099
-2981
33138
-189
2101
2080
-23163
147
-1637
4789
-53529
231
-2582
-4346
48615
-231
2584
-2057
23058
-105
1177
-3002
33705
-189
2122
4810
-54201
231
-2603
-2981
33663
-147
1660
1156
-13083
63
-713
5461
-62139
441
-5018
1639
-18669
105
-1196
-2078
23709
-105
1198
2563
-29274
147
-1679
-4493
51534
-315
3613
5881
-67788
357
-4115
3592
-41433
273
-3149
3550
-40971
231
-2666
3949
-45612
189
-2183
2584
-29883
147
-1700
3571
-41538
231
-2687
1177
-13713
63
-734
-3044
35679
-147
1723
-4577
53718
-315
3697
4978
-58569
273
-3212
3676
-43533
273
-3233
2185
-25893
147
-1742
7015
-83496
441
-5249
253
-3024
21
-251
-3170
38409
-189
2290
2227
-27027
147
-1784
-4577
55776
-231
2815
-2162
26397
-105
1282
-3191
39018
-189
2311
1219
-15015
63
-776
5902
-73059
441
-5459
1744
-21609
105
-1301
-2183
27090
-105
1303
2710
-33663
147
-1826
-4808
59955
-315
3928
6238
-78141
357
-4472
3865
-48447
273
-3422
3781
-47418
231
-2897
2731
-34314
147
-1847
3802
-48027
231
-2918
1240
-15687
63
-797
-4892
62307
-315
4012
5251
-67032
273
-3485
3949
-50715
273
-3506
2332
-29967
147
-1889
7456
-96201
441
-5690
274
-3549
21
-272
-3359
44058
-189
2479
2374
-31185
147
-1931
-4808
63399
-231
3046
-3380
44709
-189
2500
1282
-17073
63
-839
6343
-84861
441
-5900
1849
-24759
105
-1406
2857
-38346
147
-1973
-5123
69006
-315
4243
6595
-89208
357
-4829
4138
-56007
273
-3695
4012
-54327
231
-3128
2878
-39039
147
-1994
4033
-54978
231
-3149
1303
-17787
63
-860
-5207
71526
-315
4327
5524
-76041
273
-3758
4222
-58443
273
-3779
2479
-34335
147
-2036
7897
-109788
441
-6131
295
-4116
21
-293
-3548
50085
-189
2668
2521
-35637
147
-2078
-3569
50778
-189
2689
6784
-97545
441
-6341
1954
-28119
105
-1511
3004
-43323
147
-2120
-5438
78687
-315
4558
6952
-100989
357
-5186
4411
-64113
273
-3968
4243
-61698
231
-3359
3025
-44058
147
-2141
4264
-62391
231
-3380
-5522
81375
-315
4642
4495
-66717
273
-4052
2626
-38997
147
-2183
8338
-124257
441
-6572
316
-4725
21
-314
-3737
56490
-189
2857
2668
-40383
147
-2225
-3758
57225
-189
2878
7225
-111111
441
-6782
2059
-31689
105
-1616
-5753
88998
-315
4873
7309
-113484
357
-5543
4684
-72765
273
-4241
4474
-69531
231
-3590
4495
-70266
231
-3611
-5837
91854
-315
4957
4768
-75537
273
-4325
2773
-43953
147
-2330
8779
-139608
441
-7013
337
-5376
21
-335
-3926
63273
-189
3046
2815
-45423
147
-2372
-3947
64050
-189
3067
2164
-35469
105
-1721
-6068
99939
-315
5188
4957
-81963
273
-4514
4705
-77826
231
-3821
4726
-78603
231
-3842
-6152
102963
-315
5272
5041
-84903
273
-4598
2920
-49203
147
-2477
358
-6069
21
-356
2962
-50757
147
-2519
-6383
111510
-315
5503
5230
-91707
273
-4787
-6467
114702
-315
5587
5314
-94815
273
-4871
3067
-54747
147
-2624
379
-6804
21
-377
5503
-101997
273
-5060
5587
-105273
273
-5144
400
-7581
21
-398
421
-8400
21
-419
