1
16
0
1
-255
16
-16
1
1553
-208
112
-15
-527
80
-112
17
-271
48
-96
17
2353
-432
256
-47
-1839
352
-256
49
-527
112
-80
17
273
-64
64
-15
-783
208
-64
17
-543
160
-112
33
-2351
720
-160
49
-3199
992
-416
129
545
-176
96
-31
-271
96
-48
17
289
-112
80
-31
-543
224
-80
33
369
-160
256
-111
2177
-960
288
-127
273
-128
32
-15
-271
144
-32
17
401
-224
256
-143
1665
-944
224
-127
817
-480
80
-47
-1071
656
-80
49
545
-352
48
-31
2481
-1696
256
-175
-1967
1360
-256
177
369
-256
160
-111
1361
-960
112
-79
305
-224
64
-47
-815
624
-64
49
833
-656
80
-63
-1151
928
-160
129
1825
-1488
352
-287
1361
-1120
96
-79
1377
-1168
112
-95
-351
304
-112
97
17
-16
16
-15
1665
-1888
112
-127
-639
736
-112
129
-367
432
-96
113
2609
-3088
256
-303
-2095
2496
-256
305
-607
736
-80
97
337
-416
64
-79
-847
1072
-64
81
-655
848
-112
145
-2511
3280
-160
209
-3615
4736
-416
545
641
-848
96
-127
-319
432
-48
65
369
-512
80
-111
-623
880
-80
113
625
-896
256
-367
305
-448
32
-47
-303
464
-32
49
657
-1024
256
-399
897
-1424
80
-127
-1151
1856
-80
129
593
-976
48
-79
2737
-4608
256
-431
-2223
3760
-256
433
529
-896
160
-271
1473
-2512
112
-191
369
-640
64
-111
-879
1552
-64
113
913
-1632
80
-143
-1311
2368
-160
289
2177
-3952
352
-639
1457
-2656
96
-175
1489
-2752
112
-207
-463
864
-112
209
33
-64
16
-31
1777
-3792
112
-239
-751
1616
-112
241
-463
1008
-96
209
2865
-6256
256
-559
-2351
5152
-256
561
-687
1520
-80
177
401
-896
64
-143
-911
2064
-64
145
-767
1760
-112
257
-367
864
-48
113
449
-1072
80
-191
-703
1696
-80
193
881
-2144
256
-623
337
-832
32
-79
-335
848
-32
81
913
-2336
256
-655
977
-2528
80
-207
-1231
3216
-80
209
641
-1696
48
-127
2993
-8032
256
-687
-2479
6672
-256
689
689
-1856
160
-431
1585
-4288
112
-303
433
-1184
64
-175
-943
2608
-64
177
993
-2768
80
-223
1601
-4560
112
-319
-575
1648
-112
321
49
-144
16
-47
-863
2720
-112
353
-559
1776
-96
305
3121
-9936
256
-815
-2607
8320
-256
817
-767
2464
-80
257
465
-1504
64
-207
-975
3184
-64
209
-879
2896
-112
369
-415
1392
-48
161
529
-1792
80
-271
-783
2672
-80
273
1137
-3904
256
-879
369
-1280
32
-111
-367
1296
-32
113
1169
-4160
256
-911
1057
-3792
80
-287
689
-2512
48
-175
3249
-11968
256
-943
-2735
10096
-256
945
849
-3136
160
-591
1697
-6288
112
-415
497
-1856
64
-239
-1007
3792
-64
241
1073
-4064
80
-303
1713
-6592
112
-431
-687
2656
-112
433
65
-256
16
-63
-975
4048
-112
465
-655
2736
-96
401
3377
-14128
256
-1071
-2863
12000
-256
1073
-847
3568
-80
337
529
-2240
64
-271
-991
4256
-112
481
-463
2016
-48
209
609
-2672
80
-351
-863
3808
-80
353
1393
-6176
256
-1135
401
-1792
32
-143
-399
1808
-32
145
1425
-6496
256
-1167
1137
-5216
80
-367
737
-3424
48
-223
3505
-16416
256
-1199
-2991
14032
-256
1201
1009
-4736
160
-751
561
-2656
64
-303
1153
-5520
80
-383
-799
3888
-112
545
81
-400
16
-79
-1087
5600
-112
577
-751
3888
-96
497
-3119
16192
-256
1329
-927
4832
-80
417
593
-3104
64
-335
-1103
5840
-112
593
-511
2736
-48
257
689
-3712
80
-431
-943
5104
-80
433
1649
-8960
256
-1391
433
-2368
32
-175
-431
2384
-32
177
1681
-9344
256
-1423
1217
-6800
80
-447
-3247
18480
-256
1457
1169
-6656
160
-911
625
-3584
64
-367
1233
-7136
80
-463
-911
5344
-112
657
97
-576
16
-95
-1199
7376
-112
689
-847
5232
-96
593
-3375
20896
-256
1585
-1007
6256
-80
497
657
-4096
64
-399
-1215
7648
-112
705
-559
3552
-48
305
769
-4912
80
-511
-1023
6560
-80
513
1905
-12256
256
-1647
465
-3008
32
-207
-463
3024
-32
209
1937
-12704
256
-1679
-3503
23440
-256
1713
1329
-8896
160
-1071
689
-4640
64
-431
-1023
7024
-112
769
113
-784
16
-111
-1311
9376
-112
801
-943
6768
-96
689
-1087
7840
-80
577
721
-5216
64
-463
-1327
9680
-112
817
-607
4464
-48
353
849
-6272
80
-591
-1103
8176
-80
593
497
-3712
32
-239
-495
3728
-32
241
1489
-11456
160
-1231
753
-5824
64
-495
-1135
8928
-112
881
129
-1024
16
-127
-1423
11600
-112
913
-1039
8496
-96
785
-1167
9584
-80
657
785
-6464
64
-527
-1439
11936
-112
929
-655
5472
-48
401
929
-7792
80
-671
-1183
9952
-80
673
1649
-14336
160
-1391
817
-7136
64
-559
-1247
11056
-112
993
145
-1296
16
-143
-1535
14048
-112
1025
-1135
10416
-96
881
-1247
11488
-80
737
849
-7840
64
-591
-1551
14416
-112
1041
-703
6576
-48
449
1009
-9472
80
-751
-1263
11888
-80
753
1809
-17536
160
-1551
881
-8576
64
-623
-1359
13408
-112
1105
161
-1600
16
-159
-1647
16720
-112
1137
-1231
12528
-96
977
913
-9344
64
-655
-1663
17120
-112
1153
-751
7776
-48
497
1089
-11312
80
-831
1969
-21056
160
-1711
945
-10144
64
-687
-1471
15984
-112
1217
177
-1936
16
-175
-1759
19616
-112
1249
-1327
14832
-96
1073
977
-10976
64
-719
-1775
20048
-112
1265
1169
-13312
80
-911
2129
-24896
160
-1871
1009
-11840
64
-751
-1583
18784
-112
1329
193
-2304
16
-191
-1423
17328
-96
1169
1249
-15472
80
-991
2289
-29056
160
-2031
-1695
21808
-112
1441
209
-2704
16
-207
-1519
20016
-96
1265
2449
-33536
160
-2191
225
-3136
16
-223
241
-3600
16
-239
