1
20
0
1
-399
20
-20
1
3221
-340
180
-19
2021
-240
160
-19
1621
-220
140
-19
-1639
240
-280
41
4081
-620
520
-79
2021
-320
120
-19
1241
-220
220
-39
421
-80
100
-19
-1619
340
-100
21
421
-100
80
-19
-1219
320
-80
21
2441
-680
140
-39
-1639
480
-140
41
821
-260
60
-19
3741
-1300
400
-139
-4539
1600
-400
141
1301
-460
280
-99
1281
-460
220
-79
2061
-760
160
-59
1641
-640
100
-39
-439
180
-100
41
1661
-700
140
-59
-459
200
-140
61
581
-260
400
-179
4201
-1900
440
-199
421
-200
40
-19
-419
220
-40
21
621
-340
400
-219
3401
-1880
360
-199
2481
-1400
140
-79
-1279
740
-140
81
1661
-980
100
-59
-459
280
-100
61
-1299
820
-160
101
-3339
2140
-220
141
-4579
2960
-280
181
-3639
2360
-680
441
881
-580
120
-79
-439
300
-60
41
1301
-920
140
-99
-499
360
-140
101
461
-340
80
-59
-1259
960
-80
61
481
-380
100
-79
-1679
1360
-100
81
-3379
2780
-220
181
-499
420
-120
101
3941
-3340
400
-339
-4739
4040
-400
341
-1319
1140
-140
121
-1339
1180
-160
141
-559
500
-180
161
21
-20
20
-19
3401
-3760
180
-199
2181
-2440
160
-179
1761
-2000
140
-159
-1919
2200
-280
321
4601
-5300
520
-599
2141
-2480
120
-139
1461
-1720
220
-259
521
-620
100
-119
-1719
2080
-100
121
501
-620
80
-99
-1299
1640
-80
101
2581
-3300
140
-179
-1779
2300
-140
181
881
-1160
60
-79
4141
-5580
400
-539
-4939
6680
-400
541
1581
-2140
280
-379
1501
-2040
220
-299
2221
-3040
160
-219
1741
-2420
100
-139
-539
760
-100
141
1801
-2560
140
-199
-599
860
-140
201
981
-1420
400
-579
461
-680
40
-59
-459
700
-40
61
1021
-1580
400
-619
2621
-4100
140
-219
-1419
2240
-140
221
1761
-2800
100
-159
-559
900
-100
161
-1459
2380
-160
261
-3559
5840
-220
361
-4859
8000
-280
461
-4319
7120
-680
1121
1001
-1660
120
-199
-499
840
-60
101
1441
-2460
140
-239
-639
1100
-140
241
541
-940
80
-139
-1339
2360
-80
141
581
-1040
100
-179
-1779
3220
-100
181
-3599
6560
-220
401
-619
1140
-120
221
4341
-8020
400
-739
-5139
9520
-400
741
-1459
2720
-140
261
-1499
2820
-160
301
-739
1400
-180
341
41
-80
20
-39
3581
-7540
180
-379
2341
-4960
160
-339
1901
-4060
140
-299
-2199
4720
-280
601
5121
-11020
520
-1119
2261
-4880
120
-259
1681
-3660
220
-479
621
-1360
100
-219
-1819
4020
-100
221
581
-1300
80
-179
-1379
3120
-80
181
2721
-6200
140
-319
-1919
4400
-140
321
941
-2180
60
-139
4541
-10660
400
-939
-5339
12560
-400
941
1861
-4380
280
-659
1721
-4060
220
-519
2381
-5640
160
-379
1841
-4400
100
-239
-639
1540
-100
241
1941
-4700
140
-339
-739
1800
-140
341
1381
-3380
400
-979
501
-1240
40
-99
-499
1260
-40
101
1421
-3620
400
-1019
2761
-7080
140
-359
-1559
4020
-140
361
1861
-4820
100
-259
-659
1720
-100
261
-1619
4260
-160
421
-3779
9980
-220
581
-5139
13600
-280
741
-4999
13240
-680
1801
1121
-2980
120
-319
-559
1500
-60
161
1581
-4280
140
-379
-779
2120
-140
381
621
-1700
80
-219
-1419
3920
-80
221
681
-1900
100
-279
-1879
5280
-100
281
-3819
10780
-220
621
-739
2100
-120
341
4741
-13500
400
-1139
-5539
15800
-400
1141
-1599
4580
-140
401
-1659
4780
-160
461
-919
2660
-180
521
61
-180
20
-59
2501
-7800
160
-499
2041
-6400
140
-439
-2479
7800
-280
881
5641
-17780
520
-1639
2381
-7520
120
-379
1901
-6040
220
-699
721
-2300
100
-319
-1919
6160
-100
321
661
-2140
80
-259
-1459
4760
-80
261
-2059
6780
-140
461
1001
-3320
60
-199
4941
-16540
400
-1339
-5739
19240
-400
1341
2141
-7180
280
-939
1941
-6520
220
-739
2541
-8560
160
-539
1941
-6580
100
-339
-739
2520
-100
341
2081
-7120
140
-479
-879
3020
-140
481
1781
-6140
400
-1379
541
-1880
40
-139
-539
1900
-40
141
1821
-6460
400
-1419
-1699
6080
-140
501
1961
-7040
100
-359
-759
2740
-100
361
-1779
6460
-160
581
-3999
14560
-220
801
-5419
19760
-280
1021
-5679
20720
-680
2481
1241
-4540
120
-439
-619
2280
-60
221
1721
-6380
140
-519
-919
3420
-140
521
701
-2620
80
-299
-1499
5640
-80
301
781
-2960
100
-379
-1979
7540
-100
381
-4039
15440
-220
841
-859
3300
-120
461
5141
-19780
400
-1539
-5939
22880
-400
1541
-1739
6720
-140
541
-1819
7060
-160
621
-1099
4280
-180
701
81
-320
20
-79
2661
-10960
160
-659
2181
-9020
140
-579
2121
-8860
220
-919
821
-3440
100
-419
741
-3140
80
-339
-1539
6560
-80
341
-2199
9440
-140
601
1061
-4580
60
-259
5341
-23220
400
-1739
-6139
26720
-400
1741
2421
-10540
280
-1219
2161
-9420
220
-959
2701
-11800
160
-699
-839
3700
-100
441
2221
-9820
140
-619
-1019
4520
-140
621
2181
-9700
400
-1779
581
-2600
40
-179
-579
2620
-40
181
2221
-10100
400
-1819
-1839
8420
-140
641
-859
3960
-100
461
-1939
8980
-160
741
-4219
19580
-220
1021
-679
3180
-60
281
1861
-8760
140
-659
-1059
5000
-140
661
781
-3700
80
-379
-1579
7520
-80
381
881
-4220
100
-479
-4259
20540
-220
1061
-979
4740
-120
581
5541
-26860
400
-1939
-6339
30760
-400
1941
-1879
9140
-140
681
-1979
9660
-160
781
-1279
6260
-180
881
101
-500
20
-99
2821
-14440
160
-819
2321
-11920
140
-719
2341
-12120
220
-1139
921
-4780
100
-519
821
-4300
80
-419
-2339
12380
-140
741
1121
-5960
60
-319
5741
-30700
400
-2139
2701
-14460
280
-1499
2381
-12760
220
-1179
2861
-15360
160
-859
-939
5080
-100
541
2361
-12800
140
-759
-1159
6300
-140
761
2581
-14060
400
-2179
621
-3400
40
-219
-619
3420
-40
221
2621
-14540
400
-2219
-1979
11040
-140
781
-959
5380
-100
561
-2099
11820
-160
901
-739
4200
-60
341
2001
-11420
140
-799
-1199
6860
-140
801
861
-4940
80
-459
981
-5680
100
-579
-1099
6420
-120
701
5941
-34740
400
-2339
-2019
11840
-140
821
-2139
12580
-160
941
-1459
8600
-180
1061
121
-720
20
-119
2981
-18240
160
-979
2461
-15100
140
-859
2561
-15820
220
-1359
1021
-6320
100
-619
901
-5620
80
-499
-2479
15600
-140
881
1181
-7460
60
-379
6141
-38980
400
-2539
2981
-18940
280
-1779
2601
-16540
220
-1399
3021
-19240
160
-1019
-1039
6660
-100
641
2501
-16060
140
-899
-1299
8360
-140
901
2981
-19220
400
-2579
661
-4280
40
-259
-659
4300
-40
261
3021
-19780
400
-2619
-2119
13940
-140
921
-1059
7000
-100
661
-2259
14980
-160
1061
-799
5340
-60
401
2141
-14360
140
-939
-1339
9000
-140
941
941
-6340
80
-539
1081
-7340
100
-679
-1219
8340
-120
821
6341
-43420
400
-2739
-2159
14820
-140
961
-2299
15820
-160
1101
-1639
11300
-180
1241
141
-980
20
-139
3141
-22360
160
-1139
2601
-18560
140
-999
2781
-19960
220
-1579
1121
-8060
100
-719
981
-7100
80
-579
-2619
19100
-140
1021
3261
-23980
280
-2059
2821
-20760
220
-1619
3181
-23440
160
-1179
-1139
8440
-100
741
2641
-19600
140
-1039
-1439
10700
-140
1041
3381
-25180
400
-2979
701
-5240
40
-299
-699
5260
-40
301
3421
-25820
400
-3019
-2259
17120
-140
1061
-1159
8820
-100
761
-2419
18460
-160
1221
-859
6600
-60
461
2281
-17580
140
-1079
-1479
11420
-140
1081
1021
-7900
80
-619
1181
-9200
100
-779
-1339
10500
-120
941
-2299
18080
-140
1101
-2459
19380
-160
1261
-1819
14360
-180
1421
161
-1280
20
-159
2741
-22300
140
-1139
3001
-24540
220
-1799
1221
-10000
100
-819
1061
-8740
80
-659
-2759
22880
-140
1161
3541
-29580
280
-2339
3041
-25420
220
-1839
-1239
10420
-100
841
2781
-23420
140
-1179
-1579
13320
-140
1181
3781
-31940
400
-3379
741
-6280
40
-339
-739
6300
-40
341
3821
-32660
400
-3419
-2399
20580
-140
1201
-1259
10840
-100
861
-2579
22260
-160
1381
-919
7980
-60
521
2421
-21080
140
-1219
-1619
14120
-140
1221
1101
-9620
80
-699
1281
-11260
100
-879
-1459
12900
-120
1061
-2439
21620
-140
1241
-2619
23260
-160
1421
-1999
17780
-180
1601
181
-1620
20
-179
3221
-29560
220
-2019
1321
-12140
100
-919
1141
-10540
80
-739
3821
-35740
280
-2619
3261
-30520
220
-2059
-1339
12600
-100
941
-1719
16220
-140
1321
781
-7400
40
-379
-779
7420
-40
381
-2539
24320
-140
1341
-1359
13060
-100
961
-2739
26380
-160
1541
-979
9480
-60
581
2561
-24860
140
-1359
-1759
17100
-140
1361
1181
-11500
80
-779
1381
-13520
100
-979
-1579
15540
-120
1181
-2579
25440
-140
1381
-2779
27460
-160
1581
-2179
21560
-180
1781
201
-2000
20
-199
3441
-35020
220
-2239
1421
-14480
100
-1019
1221
-12500
80
-819
4101
-42460
280
-2899
3481
-36060
220
-2279
-1439
14980
-100
1041
-1859
19400
-140
1461
-2679
28340
-140
1481
-1459
15480
-100
1061
-2899
30820
-160
1701
-1039
11100
-60
641
2701
-28920
140
-1499
-1899
20360
-140
1501
1261
-13540
80
-859
1481
-15980
100
-1079
-1699
18420
-120
1301
-2719
29540
-140
1521
-2939
31980
-160
1741
-2359
25700
-180
1961
221
-2420
20
-219
3661
-40920
220
-2459
1521
-17020
100
-1119
1301
-14620
80
-899
4381
-49740
280
-3179
3701
-42040
220
-2499
-1539
17560
-100
1141
-1999
22860
-140
1601
-1559
18100
-100
1161
-3059
35580
-160
1861
-1099
12840
-60
701
-2039
23900
-140
1641
1341
-15740
80
-939
1581
-18640
100
-1179
-1819
21540
-120
1421
-3099
36820
-160
1901
-2539
30200
-180
2141
241
-2880
20
-239
3881
-47260
220
-2679
1621
-19760
100
-1219
1381
-16900
80
-979
4661
-57580
280
-3459
3921
-48460
220
-2719
-1639
20340
-100
1241
-2139
26600
-140
1741
-1659
20920
-100
1261
-1159
14700
-60
761
-2179
27720
-140
1781
1421
-18100
80
-1019
1681
-21500
100
-1279
-1939
24900
-120
1541
-2719
35060
-180
2321
261
-3380
20
-259
4101
-54040
220
-2899
1721
-22700
100
-1319
1461
-19340
80
-1059
4941
-65980
280
-3739
4141
-55320
220
-2939
-1739
23320
-100
1341
-2279
30620
-140
1881
-1759
23940
-100
1361
-2319
31820
-140
1921
1501
-20620
80
-1099
1781
-24560
100
-1379
-2059
28500
-120
1661
-2899
40280
-180
2501
281
-3920
20
-279
4321
-61260
220
-3119
1821
-25840
100
-1419
1541
-21940
80
-1139
5221
-74940
280
-4019
4361
-62620
220
-3159
-1839
26500
-100
1441
-2419
34920
-140
2021
-1859
27160
-100
1461
-2459
36200
-140
2061
1581
-23300
80
-1179
1881
-27820
100
-1479
-2179
32340
-120
1781
-3079
45860
-180
2681
301
-4500
20
-299
1921
-29180
100
-1519
5501
-84460
280
-4299
-1939
29880
-100
1541
-2559
39500
-140
2161
-1959
30580
-100
1561
-2599
40860
-140
2201
1981
-31280
100
-1579
-2299
36420
-120
1901
-3259
51800
-180
2861
321
-5120
20
-319
-2699
44360
-140
2301
-2739
45800
-140
2341
-3439
58100
-180
3041
341
-5780
20
-339
361
-6480
20
-359
381
-7220
20
-379
