1
42
0
1
-1763
42
-42
1
33559
-1638
840
-41
10627
-546
798
-41
12391
-672
756
-41
21211
-1218
714
-41
12391
-756
672
-41
7099
-462
630
-41
1807
-126
588
-41
-22973
1680
-588
43
10627
-798
546
-41
-5333
420
-546
43
12391
-1008
504
-41
-8861
756
-504
43
7099
-630
462
-41
-1805
168
-462
43
15919
-1554
420
-41
-5333
546
-420
43
12391
-1344
378
-41
-8861
1008
-378
43
-28391
3360
-1428
169
24949
-2982
2100
-251
12391
-1512
336
-41
-8861
1134
-336
43
12433
-1638
630
-83
30115
-4074
924
-125
1807
-252
294
-41
-10625
1554
-294
43
12433
-1890
546
-83
-8903
1386
-546
85
1807
-294
252
-41
-8861
1512
-252
43
12475
-2184
714
-125
5377
-966
462
-83
-8903
1638
-462
85
-16001
3024
-672
127
7099
-1386
210
-41
-5333
1092
-210
43
16003
-3402
588
-125
-8945
1932
-588
127
12433
-2730
378
-83
-14195
3192
-378
85
12475
-2856
546
-125
-5417
1260
-546
127
-28391
6720
-714
169
5335
-1302
168
-41
-1805
462
-168
43
-11087
2898
-1932
505
-9281
2436
-1764
463
12517
-3318
630
-167
-19571
5250
-630
169
10711
-2898
462
-125
-7181
1974
-462
127
7141
-2016
294
-83
-5375
1554
-294
85
21379
-6258
714
-209
-19613
5796
-714
211
-35615
10584
-1134
337
-5417
1638
-420
127
14281
-4368
546
-167
2311
-714
1764
-545
43093
-13356
2436
-755
12559
-3906
672
-209
-23141
7266
-672
211
-23183
7350
-798
253
1807
-588
126
-41
-3569
1218
-126
43
16129
-5670
714
-251
19615
-6972
588
-209
-5501
1974
-588
211
5461
-1974
462
-167
-12515
4578
-462
169
5419
-2016
336
-125
-1889
714
-336
127
1975
-756
546
-209
-16085
6216
-546
211
-19697
7686
-756
295
3613
-1428
210
-83
-10751
4326
-420
169
-9533
3864
-1764
715
41119
-16674
1344
-545
12811
-5208
1134
-461
30367
-12390
924
-377
16171
-6636
714
-293
12559
-5208
504
-209
-9029
3780
-504
211
3655
-1554
294
-125
-8945
3864
-294
127
5587
-2436
672
-293
-16169
7098
-672
295
7225
-3192
378
-167
-14279
6384
-378
169
-2141
966
-840
379
44899
-20286
1764
-797
-30785
13944
-1764
799
-7265
3318
-462
211
7309
-3360
546
-251
-12599
5838
-546
253
10921
-5124
714
-335
-17975
8484
-714
337
-9197
4368
-798
379
1807
-882
84
-41
-1805
924
-84
43
25117
-13188
798
-419
12727
-6720
714
-377
-19781
10500
-714
379
10879
-5838
546
-293
-16169
8736
-546
295
12601
-6846
462
-251
-21671
11844
-924
505
40237
-22050
2604
-1427
33979
-18648
840
-461
1975
-1092
378
-209
-9029
5040
-378
211
12727
-7140
672
-377
-23309
13146
-672
379
3697
-2100
294
-167
-8987
5166
-294
169
12643
-7350
504
-293
-9113
5334
-504
295
-14531
8568
-714
421
-9365
5544
-924
547
-35951
21336
-1134
673
-16673
9912
-1344
799
-23015
13692
-3108
1849
-9869
5880
-1764
1051
-5417
3276
-210
127
12811
-7812
756
-461
7393
-4536
546
-335
-21503
13272
-546
337
12559
-7812
336
-209
-9029
5670
-336
211
7351
-4662
462
-293
-14405
9198
-462
295
19783
-12684
588
-377
-5669
3654
-588
379
-14573
9450
-714
463
1849
-1218
126
-83
-3611
2436
-126
85
11131
-7602
798
-545
5755
-3948
672
-461
-16337
11256
-672
463
2983
-2058
1764
-1217
25453
-17598
1092
-755
-9197
6384
-546
379
12643
-8820
420
-293
13147
-9240
1134
-797
11089
-7812
714
-503
-9323
6594
-714
505
7267
-5166
294
-209
-5501
3948
-294
211
12685
-9198
462
-335
-9155
6678
-462
337
7519
-5502
630
-461
-14573
10710
-630
463
-43511
32088
-1596
1177
-10121
7476
-1764
1303
5419
-4032
168
-125
-1889
1428
-168
127
2311
-1764
714
-545
18061
-13860
546
-419
-11003
8484
-546
421
2059
-1596
378
-293
-3821
2982
-378
295
16339
-12810
588
-461
-9281
7308
-588
463
3697
-2940
210
-167
-1931
1554
-210
169
12895
-10458
672
-545
10963
-8946
462
-377
-14489
11886
-462
379
-18227
15036
-714
589
1975
-1638
252
-209
-9029
7560
-252
211
14575
-12306
546
-461
-11045
9366
-546
463
2017
-1722
294
-251
-10835
9324
-294
253
-9617
8316
-924
799
-14657
12726
-630
547
5587
-4872
336
-293
-2057
1806
-336
295
45655
-40194
1764
-1553
-31541
27804
-1764
1555
7393
-6552
378
-335
-3863
3444
-378
337
12727
-11424
420
-377
-2141
1932
-420
379
18061
-16380
462
-419
-12767
11634
-462
421
12811
-11718
504
-461
-9281
8526
-504
463
18145
-16716
546
-503
-12851
11886
-546
505
2311
-2142
588
-545
-23477
21840
-588
547
-19991
18690
-630
589
-16505
15498
-672
631
-9491
8946
-714
673
-20117
19026
-756
715
-23687
22470
-798
757
-2561
2436
-840
799
43
-42
42
-41
34399
-36078
840
-881
11425
-12012
798
-839
13147
-13860
756
-797
21925
-23184
714
-755
13063
-13860
672
-713
7729
-8232
630
-671
2395
-2562
588
-629
-23561
25284
-588
631
11173
-12012
546
-587
-5879
6342
-546
589
12895
-13944
504
-545
-9365
10164
-504
547
7561
-8232
462
-503
-2267
2478
-462
505
16339
-17934
420
-461
-5753
6342
-420
463
12769
-14154
378
-419
-9239
10290
-378
421
-29819
33348
-1428
1597
27049
-30282
2100
-2351
12727
-14280
336
-377
-9197
10374
-336
379
13063
-14784
630
-713
31039
-35238
924
-1049
2101
-2394
294
-335
-10919
12516
-294
337
12979
-14952
546
-629
-9449
10920
-546
631
2059
-2394
252
-293
-9113
10668
-252
295
13189
-15498
714
-839
5839
-6888
462
-545
-9365
11088
-462
547
-16673
19824
-672
799
7309
-8736
210
-251
-5543
6678
-210
253
16591
-20118
588
-713
-9533
11592
-588
715
12811
-15624
378
-461
-14573
17850
-378
463
13021
-16002
546
-671
-5963
7350
-546
673
-29105
35994
-714
883
5503
-6846
168
-209
-1973
2478
-168
211
-13019
16422
-1932
2437
-11045
13944
-1764
2227
13147
-16632
630
-797
-20201
25620
-630
799
11173
-14196
462
-587
-7643
9744
-462
589
7435
-9534
294
-377
-5669
7308
-294
379
22093
-28560
714
-923
-20327
26334
-714
925
-36749
47670
-1134
1471
-5837
7602
-420
547
14827
-19362
546
-713
4075
-5334
1764
-2309
13231
-17346
672
-881
-23813
31290
-672
883
-23981
31584
-798
1051
1933
-2562
126
-167
-3695
4956
-126
169
16843
-22764
714
-965
20203
-27384
588
-797
-6089
8274
-588
799
5923
-8064
462
-629
-12977
17724
-462
631
5755
-7896
336
-461
-2225
3066
-336
463
2521
-3486
546
-755
-16631
23058
-546
757
-20453
28434
-756
1051
3823
-5334
210
-293
-11171
15666
-420
589
-11297
15876
-1764
2479
42463
-59682
1344
-1889
13945
-19614
1134
-1595
31291
-44058
924
-1301
16885
-23814
714
-1007
13063
-18480
504
-713
-9533
13524
-504
715
3949
-5628
294
-419
-9239
13230
-294
421
6259
-8988
672
-965
-16841
24234
-672
967
7603
-10962
378
-545
-14657
21210
-378
547
-2981
4326
-840
1219
46663
-67746
1764
-2561
-32549
47292
-1764
2563
-7727
11256
-462
673
7855
-11466
546
-797
-13145
19236
-546
799
11635
-17094
714
-1049
-18689
27510
-714
1051
-9995
14742
-798
1177
1891
-2814
84
-125
-1889
2856
-84
127
25915
-39522
798
-1217
13441
-20538
714
-1091
-20495
31374
-714
1093
11425
-17556
546
-839
-16715
25746
-546
841
13063
-20160
462
-713
-22595
34944
-924
1429
42841
-66318
2604
-4031
34819
-53928
840
-1301
2353
-3654
378
-587
-9407
14658
-378
589
13399
-20916
672
-1049
-23981
37506
-672
1051
3991
-6258
294
-461
-9281
14616
-294
463
13147
-20790
504
-797
-9617
15246
-504
799
-15245
24234
-714
1135
-10289
16380
-924
1471
-37085
59094
-1134
1807
-18017
28728
-1344
2143
-26123
41664
-3108
4957
-11633
18564
-1764
2815
-5627
9030
-210
337
13567
-21840
756
-1217
7939
-12810
546
-881
-22049
35658
-546
883
12895
-20916
336
-545
-9365
15246
-336
547
7813
-12768
462
-755
-14867
24360
-462
757
20371
-33432
588
-965
-6257
10290
-588
967
-15287
25200
-714
1177
1975
-3276
126
-209
-3737
6258
-126
211
11929
-20076
798
-1343
6427
-10836
672
-1133
-17009
28728
-672
1135
4747
-8022
1764
-2981
-9743
16506
-546
925
13063
-22176
420
-713
14281
-24318
1134
-1931
11803
-20118
714
-1217
-10037
17136
-714
1219
7561
-12936
294
-503
-5795
9954
-294
505
13147
-22680
462
-797
-9617
16632
-462
799
8149
-14112
630
-1091
-15203
26376
-630
1093
-45107
78372
-1596
2773
-11885
20664
-1764
3067
5587
-9744
168
-293
-2057
3612
-168
295
3025
-5334
714
-1259
18607
-32886
546
-965
-11549
20454
-546
967
2437
-4326
378
-671
-4199
7476
-378
673
16927
-30198
588
-1049
-9869
17640
-588
1051
3907
-7014
210
-377
-2141
3864
-210
379
13567
-24570
672
-1217
11425
-20748
462
-839
-14951
27216
-462
841
-18941
34566
-714
1303
2227
-4074
252
-461
-9281
17052
-252
463
15121
-27888
546
-1007
-11591
21420
-546
1009
2311
-4284
294
-545
-11129
20706
-294
547
-10541
19656
-924
1723
-15287
28560
-630
1177
5923
-11088
336
-629
-2393
4494
-336
631
47419
-89166
1764
-3317
-33305
62664
-1764
3319
7771
-14658
378
-713
-4241
8022
-378
715
13147
-24948
420
-797
-2561
4872
-420
799
18523
-35322
462
-881
-13229
25284
-462
883
13315
-25494
504
-965
-9785
18774
-504
967
18691
-35910
546
-1049
-13397
25788
-546
1051
2899
-5586
588
-1133
-24065
46452
-588
1135
-20621
39900
-630
1219
-17177
33306
-672
1303
-10205
19824
-714
1387
-20873
40614
-756
1471
-24485
47712
-798
1555
-3401
6636
-840
1639
85
-168
42
-83
35239
-72198
840
-1721
12223
-25074
798
-1637
13903
-28560
756
-1553
22639
-46578
714
-1469
13735
-28308
672
-1385
8359
-17262
630
-1301
2983
-6174
588
-1217
-24149
50064
-588
1219
11719
-24318
546
-1133
-6425
13356
-546
1135
13399
-27888
504
-1049
-9869
20580
-504
1051
8023
-16758
462
-965
-2729
5712
-462
967
16759
-35154
420
-881
-6173
12978
-420
883
13147
-27720
378
-797
-9617
20328
-378
799
-31247
66192
-1428
3025
29149
-61782
2100
-4451
13063
-27720
336
-713
-9533
20286
-336
715
13693
-29190
630
-1343
31963
-68250
924
-1973
2395
-5124
294
-629
-11213
24066
-294
631
13525
-29106
546
-1175
-9995
21546
-546
1177
2311
-4998
252
-545
-9365
20328
-252
547
13903
-30240
714
-1553
6301
-13734
462
-1007
-9827
21462
-462
1009
-17345
37968
-672
1471
7519
-16506
210
-461
-5753
12684
-210
463
17179
-38010
588
-1301
-10121
22428
-588
1303
13189
-29274
378
-839
-14951
33264
-378
841
13567
-30240
546
-1217
-6509
14532
-546
1219
-29819
66696
-714
1597
5671
-12726
168
-377
-2141
4830
-168
379
-14951
33810
-1932
4369
-12809
28980
-1764
3991
13777
-31206
630
-1427
-20831
47250
-630
1429
11635
-26418
462
-1049
-8105
18438
-462
1051
7729
-17640
294
-671
-5963
13650
-294
673
22807
-52290
714
-1637
-21041
48300
-714
1639
-37883
87024
-1134
2605
-6257
14406
-420
967
15373
-35448
546
-1259
5839
-13482
1764
-4073
13903
-32130
672
-1553
-24485
56658
-672
1555
-24779
57414
-798
1849
2059
-4788
126
-293
-3821
8946
-126
295
17557
-41286
714
-1679
20791
-48972
588
-1385
-6677
15750
-588
1387
6385
-15078
462
-1091
-13439
31794
-462
1093
6091
-14448
336
-797
-2561
6090
-336
799
3067
-7308
546
-1301
-17177
40992
-546
1303
-21209
50694
-756
1807
4033
-9660
210
-503
-11591
27846
-420
1009
-13061
31416
-1764
4243
43807
-105378
1344
-3233
15079
-36288
1134
-2729
32215
-77574
924
-2225
17599
-42420
714
-1721
13567
-32760
504
-1217
-10037
24276
-504
1219
4243
-10290
294
-713
-9533
23184
-294
715
6931
-16884
672
-1637
-17513
42714
-672
1639
7981
-19488
378
-923
-15035
36792
-378
925
-3821
9366
-840
2059
48427
-118734
1764
-4325
-34313
84168
-1764
4327
-8189
20118
-462
1135
8401
-20664
546
-1343
-13691
33726
-546
1345
12349
-30492
714
-1763
-19403
47964
-714
1765
-10793
26712
-798
1975
1975
-4914
84
-209
-1973
4956
-84
211
26713
-67452
798
-2015
14155
-35784
714
-1805
-21209
53676
-714
1807
11971
-30366
546
-1385
-17261
43848
-546
1387
13525
-34398
462
-1175
2731
-6972
378
-965
-9785
25032
-378
967
14071
-36036
672
-1721
-24653
63210
-672
1723
4285
-11004
294
-755
-9575
24654
-294
757
13651
-35238
504
-1301
-10121
26166
-504
1303
-15959
41328
-714
1849
-11213
29064
-924
2395
-38219
99120
-1134
2941
-19361
50232
-1344
3487
-29231
75852
-3108
8065
-13397
34776
-1764
4579
-5837
15204
-210
547
14323
-37380
756
-1973
8485
-22176
546
-1427
-22595
59136
-546
1429
13231
-34692
336
-881
-9701
25494
-336
883
8275
-21798
462
-1217
-15329
40446
-462
1219
20959
-55356
588
-1553
-6845
18102
-588
1555
-16001
42378
-714
1891
2101
-5586
126
-335
-3863
10332
-126
337
12727
-34146
798
-2141
7099
-19068
672
-1805
-17681
47544
-672
1807
6511
-17514
1764
-4745
-10289
27720
-546
1471
13483
-36372
420
-1133
15415
-41664
1134
-3065
12517
-33852
714
-1931
-10751
29106
-714
1933
7855
-21294
294
-797
-6089
16548
-294
799
13609
-37086
462
-1259
-10079
27510
-462
1261
8779
-23982
630
-1721
-15833
43302
-630
1723
-46703
127848
-1596
4369
-13649
37380
-1764
4831
5755
-15792
168
-461
-2225
6132
-168
463
3739
-10332
714
-1973
19153
-53004
546
-1511
-12095
33516
-546
1513
2815
-7812
378
-1049
-4577
12726
-378
1051
17515
-48762
588
-1637
-10457
29148
-588
1639
4117
-11508
210
-587
-2351
6594
-210
589
14239
-40026
672
-1889
11887
-33474
462
-1301
-15413
43470
-462
1303
-19655
55524
-714
2017
2479
-7014
252
-713
-9533
27048
-252
715
15667
-44562
546
-1553
-12137
34566
-546
1555
2605
-7434
294
-839
-11423
32676
-294
841
-11465
32844
-924
2647
-15917
45654
-630
1807
6259
-17976
336
-965
-2729
7854
-336
967
49183
-141666
1764
-5081
-35069
101052
-1764
5083
8149
-23520
378
-1091
-4619
13356
-378
1093
13567
-39312
420
-1217
-2981
8652
-420
1219
18985
-55188
462
-1343
-13691
39858
-462
1345
13819
-40278
504
-1469
-10289
30030
-504
1471
19237
-56196
546
-1595
-13943
40782
-546
1597
3487
-10206
588
-1721
-24653
72240
-588
1723
-21251
62370
-630
1849
-17849
52458
-672
1975
-10919
32130
-714
2101
-21629
63714
-756
2227
-25283
74550
-798
2353
-4241
12516
-840
2479
127
-378
42
-125
13021
-39732
798
-2435
14659
-44772
756
-2309
23353
-71400
714
-2183
14407
-44100
672
-2057
8989
-27552
630
-1931
3571
-10962
588
-1805
12265
-37716
546
-1679
-6971
21462
-546
1681
13903
-42840
504
-1553
-10373
32004
-504
1555
8485
-26208
462
-1427
-3191
9870
-462
1429
17179
-53214
420
-1301
-6593
20454
-420
1303
13525
-42042
378
-1175
-9995
31122
-378
1177
-32675
101892
-1428
4453
31249
-97482
2100
-6551
13399
-41832
336
-1049
-9869
30870
-336
1051
14323
-44856
630
-1973
32887
-103110
924
-2897
2689
-8442
294
-923
-11507
36204
-294
925
14071
-44352
546
-1721
-10541
33264
-546
1723
2563
-8106
252
-797
-9617
30492
-252
799
14617
-46410
714
-2267
6763
-21504
462
-1469
-10289
32760
-462
1471
-18017
57456
-672
2143
7729
-24696
210
-671
-5963
19110
-210
673
17767
-57078
588
-1889
-10709
34440
-588
1891
13567
-43680
378
-1217
-15329
49434
-378
1219
14113
-45570
546
-1763
-7055
22806
-546
1765
5839
-18942
168
-545
-2309
7518
-168
547
-16883
55062
-1932
6301
-14573
47544
-1764
5755
14407
-47040
630
-2057
-21461
70140
-630
2059
12097
-39564
462
-1511
-8567
28056
-462
1513
8023
-26334
294
-965
-6257
20580
-294
967
23521
-77448
714
-2351
-21755
71694
-714
2353
-39017
128646
-1134
3739
-6677
22050
-420
1387
15919
-52626
546
-1805
7603
-25158
1764
-5837
14575
-48258
672
-2225
-25157
83370
-672
2227
-25577
84840
-798
2647
2185
-7266
126
-419
-3947
13188
-126
421
18271
-61236
714
-2393
21379
-71736
588
-1973
-7265
24402
-588
1975
6847
-23016
462
-1553
-13901
46788
-462
1555
6427
-21672
336
-1133
-2897
9786
-336
1135
3613
-12222
546
-1847
-17723
60018
-546
1849
-21965
74466
-756
2563
4243
-14406
210
-713
-12011
40866
-420
1429
-14825
50484
-1764
6007
45151
-153762
1344
-4577
16213
-55230
1134
-3863
33139
-112938
924
-3149
18313
-62454
714
-2435
14071
-48048
504
-1721
-10541
36036
-504
1723
4537
-15540
294
-1007
-9827
33726
-294
1009
7603
-26124
672
-2309
-18185
62538
-672
2311
8359
-28770
378
-1301
-15413
53130
-378
1303
-4661
16086
-840
2899
50191
-173250
1764
-6089
-36077
124572
-1764
6091
-8651
29904
-462
1597
8947
-30954
546
-1889
-14237
49308
-546
1891
13063
-45318
714
-2477
-20117
69846
-714
2479
-11591
40278
-798
2773
2059
-7182
84
-293
-2057
7224
-84
295
27511
-96978
798
-2813
14869
-52458
714
-2519
-21923
77406
-714
2521
12517
-44268
546
-1931
-17807
63042
-546
1933
13987
-49560
462
-1637
3109
-11046
378
-1343
-10163
36162
-378
1345
14743
-52500
672
-2393
-25325
90258
-672
2395
4579
-16338
294
-1049
-9869
35280
-294
1051
14155
-50694
504
-1805
-10625
38094
-504
1807
-16673
59850
-714
2563
-12137
43596
-924
3319
-39353
141414
-1134
4075
-20705
74424
-1344
4831
-32339
116256
-3108
11173
-15161
54516
-1764
6343
-6047
21798
-210
757
15079
-54432
756
-2729
9031
-32634
546
-1973
13567
-49140
336
-1217
-10037
36414
-336
1219
8737
-31752
462
-1679
-15791
57456
-462
1681
21547
-78456
588
-2141
-7433
27090
-588
2143
-16715
60984
-714
2605
2227
-8148
126
-461
-3989
14658
-126
463
13525
-49812
798
-2939
7771
-28644
672
-2477
-18353
67704
-672
2479
8275
-30534
1764
-6509
-10835
40026
-546
2017
13903
-51408
420
-1553
16549
-61278
1134
-4199
13231
-49014
714
-2645
-11465
42504
-714
2647
8149
-30240
294
-1091
-6383
23730
-294
1093
14071
-52416
462
-1721
-10541
39312
-462
1723
9409
-35112
630
-2351
-16463
61488
-630
2353
-48299
180516
-1596
5965
-15413
57624
-1764
6595
5923
-22176
168
-629
-2393
8988
-168
631
4453
-16758
714
-2687
19699
-74214
546
-2057
-12641
47670
-546
2059
3193
-12054
378
-1427
-4955
18732
-378
1429
18103
-68502
588
-2225
-11045
41832
-588
2227
4327
-16422
210
-797
-2561
9744
-210
799
14911
-56826
672
-2561
12349
-47124
462
-1763
-15875
60648
-462
1765
-20369
77910
-714
2731
2731
-10458
252
-965
-9785
37548
-252
967
16213
-62328
546
-2099
-12683
48804
-546
2101
2899
-11172
294
-1133
-11717
45234
-294
1135
-12389
47880
-924
3571
-16547
64008
-630
2437
6595
-25536
336
-1301
-3065
11886
-336
1303
50947
-197694
1764
-6845
-36833
142968
-1764
6847
8527
-33138
378
-1469
-4997
19446
-378
1471
13987
-54516
420
-1637
-3401
13272
-420
1639
-14153
55356
-462
1807
14323
-56070
504
-1973
-10793
42294
-504
1975
19783
-77574
546
-2141
-14489
56868
-546
2143
4075
-16002
588
-2309
-21881
86100
-630
2479
-18521
72954
-672
2647
-11633
45864
-714
2815
-22385
88326
-756
2983
-26081
102984
-798
3151
-5081
20076
-840
3319
169
-672
42
-167
13819
-55986
798
-3233
15415
-62496
756
-3065
24067
-97650
714
-2897
15079
-61236
672
-2729
9619
-39102
630
-2561
4159
-16926
588
-2393
12811
-52206
546
-2225
-7517
30660
-546
2227
14407
-58800
504
-2057
-10877
44436
-504
2059
8947
-36582
462
-1889
-3653
14952
-462
1891
17599
-72114
420
-1721
-7013
28770
-420
1723
13903
-57120
378
-1553
-10373
42672
-378
1555
-34103
140448
-1428
5881
33349
-137382
2100
-8651
13735
-56616
336
-1385
-10205
42126
-336
1387
14953
-61782
630
-2603
33811
-139818
924
-3821
2983
-12348
294
-1217
-11801
48930
-294
1219
14617
-60690
546
-2267
-11087
46074
-546
2269
2815
-11718
252
-1049
-9869
41160
-252
1051
15331
-64008
714
-2981
7225
-30198
462
-1931
-10751
44982
-462
1933
-18689
78288
-672
2815
7939
-33306
210
-881
-6173
25956
-210
883
18355
-77322
588
-2477
-11297
47628
-588
2479
13945
-58842
378
-1595
-15707
66360
-378
1597
14659
-61992
546
-2309
-7601
32172
-546
2311
6007
-25494
168
-713
-2477
10542
-168
715
-18815
80178
-1932
8233
-16337
69636
-1764
7519
15037
-64134
630
-2687
-22091
94290
-630
2689
12559
-53634
462
-1973
-9029
38598
-462
1975
8317
-35616
294
-1259
-6551
28098
-294
1261
24235
-104034
714
-3065
-22469
96516
-714
3067
-40151
172536
-1134
4873
-7097
30534
-420
1807
16465
-70896
546
-2351
9367
-40362
1764
-7601
15247
-65730
672
-2897
-25829
111426
-672
2899
-26375
113862
-798
3445
2311
-9996
126
-545
-4073
17682
-126
547
18985
-82614
714
-3107
21967
-95676
588
-2561
-7853
34230
-588
2563
7309
-31878
462
-2015
-14363
62706
-462
2017
6763
-29568
336
-1469
-3233
14154
-336
1471
4159
-18228
546
-2393
-18269
80136
-546
2395
-22721
99750
-756
3319
4453
-19572
210
-923
-12431
54726
-420
1849
-16589
73080
-1764
7771
46495
-204834
1344
-5921
17347
-76440
1134
-4997
34063
-150150
924
-4073
19027
-83916
714
-3149
14575
-64344
504
-2225
-11045
48804
-504
2227
4831
-21378
294
-1301
-10121
44856
-294
1303
8275
-36708
672
-2981
-18857
83706
-672
2983
8737
-38808
378
-1679
-15791
70224
-378
1681
-5501
24486
-840
3739
51955
-231294
1764
-7853
-37841
168504
-1764
7855
-9113
40614
-462
2059
9493
-42336
546
-2435
-14783
65982
-546
2437
13777
-61572
714
-3191
-20831
93156
-714
3193
-12389
55440
-798
3571
2143
-9618
84
-377
-2141
9660
-84
379
28309
-128100
798
-3611
15583
-70560
714
-3233
-22637
102564
-714
3235
13063
-59262
546
-2477
-18353
83328
-546
2479
14449
-65646
462
-2099
3487
-15876
378
-1721
-10541
48048
-378
1723
15415
-70308
672
-3065
-25997
118650
-672
3067
4873
-22260
294
-1343
-10163
46494
-294
1345
14659
-67158
504
-2309
-11129
51030
-504
2311
-17387
79800
-714
3277
-13061
59976
-924
4243
-40487
185976
-1134
5209
-22049
101304
-1344
6175
-35447
162876
-3108
14281
-16925
77784
-1764
8107
-6257
28812
-210
967
15835
-72996
756
-3485
9577
-44184
546
-2519
13903
-64260
336
-1553
-10373
48006
-336
1555
9199
-42630
462
-2141
-16253
75390
-462
2143
22135
-102732
588
-2729
-8021
37254
-588
2731
-17429
81018
-714
3319
2353
-10962
126
-587
-4115
19236
-126
589
14323
-67074
798
-3737
8443
-39564
672
-3149
-19025
89208
-672
3151
10039
-47082
1764
-8273
-11381
53424
-546
2563
14323
-67284
420
-1973
17683
-83160
1134
-5333
13945
-65604
714
-3359
-12179
57330
-714
3361
8443
-39774
294
-1385
-6677
31500
-294
1387
14533
-68670
462
-2183
-11003
52038
-462
2185
10039
-47502
630
-2981
-17093
80934
-630
2983
-49895
236376
-1596
7561
-17177
81396
-1764
8359
6091
-28896
168
-797
-2561
12180
-168
799
5167
-24612
714
-3401
20245
-96516
546
-2603
-13187
62916
-546
2605
3571
-17052
378
-1805
-5333
25494
-378
1807
18691
-89418
588
-2813
-11633
55692
-588
2815
4537
-21756
210
-1007
-2771
13314
-210
1009
15583
-74970
672
-3233
12811
-61698
462
-2225
-16337
78750
-462
2227
-21083
101724
-714
3445
2983
-14406
252
-1217
-10037
48552
-252
1219
16759
-81186
546
-2645
-13229
64134
-546
2647
3193
-15498
294
-1427
-12011
58380
-294
1429
-13313
64764
-924
4495
-17177
83622
-630
3067
6931
-33768
336
-1637
-3401
16590
-336
1639
52711
-257250
1764
-8609
-38597
188412
-1764
8611
8905
-43512
378
-1847
-5375
26292
-378
1849
14407
-70560
420
-2057
-3821
18732
-420
2059
-14615
71778
-462
2269
14827
-72870
504
-2477
-11297
55566
-504
2479
20329
-100044
546
-2687
-15035
74046
-546
2689
4663
-22974
588
-2897
-22511
111090
-630
3109
-19193
94794
-672
3319
-12347
61026
-714
3529
-23141
114450
-756
3739
-26879
133014
-798
3949
-5921
29316
-840
4159
211
-1050
42
-209
14617
-73836
798
-4031
16171
-81732
756
-3821
24781
-125328
714
-3611
15751
-79716
672
-3401
10249
-51912
630
-3191
4747
-24066
588
-2981
13357
-67788
546
-2771
-8063
40950
-546
2773
14911
-75768
504
-2561
-11381
57876
-504
2563
9409
-47880
462
-2351
-4115
20958
-462
2353
-7433
37926
-420
2143
14281
-72954
378
-1931
-10751
54978
-378
1933
-35531
181860
-1428
7309
35449
-181482
2100
-10751
14071
-72072
336
-1721
-10541
54054
-336
1723
15583
-79968
630
-3233
34735
-178374
924
-4745
3277
-16842
294
-1511
-12095
62244
-294
1513
15163
-78120
546
-2813
-11633
59976
-546
2815
3067
-15834
252
-1301
-10121
52332
-252
1303
16045
-83034
714
-3695
7687
-39816
462
-2393
-11213
58128
-462
2395
-19361
100464
-672
3487
8149
-42336
210
-1091
-6383
33222
-210
1093
18943
-98742
588
-3065
-11885
61992
-588
3067
14323
-74760
378
-1973
15205
-79506
546
-2855
-8147
42630
-546
2857
6175
-32382
168
-881
-2645
13902
-168
883
-18101
95256
-1764
9283
15667
-82488
630
-3317
-22721
119700
-630
3319
13021
-68628
462
-2435
-9491
50064
-462
2437
8611
-45486
294
-1553
-6845
36204
-294
1555
24949
-132048
714
-3779
-23183
122766
-714
3781
-41285
218694
-1134
6007
-7517
39858
-420
2227
17011
-90258
546
-2897
11131
-59094
1764
-9365
15919
-84546
672
-3569
-26501
140826
-672
3571
-27173
144480
-798
4243
2437
-12978
126
-671
-4199
22428
-126
673
19699
-105420
714
-3821
22555
-120792
588
-3149
-8441
45234
-588
3151
7771
-41664
462
-2477
-14825
79548
-462
2479
7099
-38136
336
-1805
-3569
19194
-336
1807
4705
-25326
546
-2939
-18815
101346
-546
2941
-23477
126546
-756
4075
4663
-25158
210
-1133
-18353
99204
-1764
9535
47839
-258594
1344
-7265
18481
-99918
1134
-6131
34987
-189210
924
-4997
19741
-106806
714
-3863
15079
-81648
504
-2729
-11549
62580
-504
2731
5125
-27804
294
-1595
-10415
56574
-294
1597
8947
-48636
672
-3653
-19529
106218
-672
3655
9115
-49602
378
-2057
-6341
34566
-840
4579
53719
-292866
1764
-9617
-39605
215964
-1764
9619
-9575
52248
-462
2521
10039
-54810
546
-2981
-15329
83748
-546
2983
14491
-79254
714
-3905
-21545
117894
-714
3907
-13187
72198
-798
4369
2227
-12222
84
-461
-2225
12264
-84
463
29107
-160818
798
-4409
16297
-90090
714
-3947
-23351
129150
-714
3949
13609
-75348
546
-3023
-18899
104706
-546
3025
14911
-82656
462
-2561
3865
-21462
378
-2099
-10919
60690
-378
2101
16087
-89460
672
-3737
-26669
148386
-672
3739
5167
-28770
294
-1637
-10457
58296
-294
1639
15163
-84630
504
-2813
-11633
64974
-504
2815
-18101
101178
-714
3991
-13985
78204
-924
5167
-41621
232806
-1134
6343
-23393
130872
-1344
7519
-18689
104580
-1764
9871
-6467
36246
-210
1177
16591
-93072
756
-4241
10123
-56826
546
-3065
-10709
60270
-336
1891
9661
-54432
462
-2603
-16715
94248
-462
2605
22723
-128184
588
-3317
-8609
48594
-588
3319
-18143
102480
-714
4033
2479
-14028
126
-713
-4241
24066
-126
715
15121
-85932
798
-4535
9115
-51828
672
-3821
-19697
112056
-672
3823
11803
-67158
1764
-10037
-11927
67914
-546
3109
14743
-84000
420
-2393
18817
-107310
1134
-6467
14659
-83622
714
-4073
-12893
73584
-714
4075
8737
-49896
294
-1679
-6971
39858
-294
1681
14995
-85848
462
-2645
-11465
65688
-462
2647
10669
-61152
630
-3611
-17723
101640
-630
3613
6259
-35952
168
-965
-2729
15708
-168
967
5881
-33894
714
-4115
20791
-119910
546
-3149
-13733
79254
-546
3151
3949
-22806
378
-2183
-5711
33012
-378
2185
19279
-111510
588
-3401
-12221
70728
-588
3403
4747
-27510
210
-1217
-2981
17304
-210
1219
16255
-94458
672
-3905
13273
-77196
462
-2687
-16799
97776
-462
2689
-21797
126966
-714
4159
3235
-18858
252
-1469
-10289
60060
-252
1471
17305
-101136
546
-3191
-13775
80556
-546
3193
3487
-20412
294
-1721
-12305
72114
-294
1723
-14237
83496
-924
5419
-17807
104496
-630
3697
7267
-42672
336
-1973
-3737
21966
-336
1975
54475
-320334
1764
-10373
-40361
237384
-1764
10375
9283
-54642
378
-2225
-5753
33894
-378
2227
14827
-87444
420
-2477
-4241
25032
-420
2479
-15077
89124
-462
2731
15331
-90678
504
-2981
-11801
69846
-504
2983
20875
-123606
546
-3233
-15581
92316
-546
3235
5251
-31122
588
-3485
-23141
137340
-630
3739
-19865
117978
-672
3991
-13061
77616
-714
4243
-23897
142086
-756
4495
-27677
164640
-798
4747
-6761
40236
-840
4999
253
-1512
42
-251
15415
-93282
798
-4829
16927
-102480
756
-4577
25495
-154434
714
-4325
16423
-99540
672
-4073
10879
-65982
630
-3821
5335
-32382
588
-3569
13903
-84462
546
-3317
-8609
52332
-546
3319
15415
-93744
504
-3065
-11885
72324
-504
3067
9871
-60102
462
-2813
-4577
27888
-462
2815
-7853
47922
-420
2563
14659
-89544
378
-2309
-11129
68040
-378
2311
-10877
66654
-336
2059
16213
-99414
630
-3863
35659
-218778
924
-5669
3571
-21924
294
-1805
15709
-96642
546
-3359
-12179
74970
-546
3361
3319
-20454
252
-1553
-10373
64008
-252
1555
16759
-103488
714
-4409
8149
-50358
462
-2855
-11675
72198
-462
2857
-20033
123984
-672
4159
8359
-51786
210
-1301
-6593
40908
-210
1303
19531
-121338
588
-3653
-12473
77532
-588
3655
14701
-91434
378
-2351
15751
-98112
546
-3401
-8693
54180
-546
3403
6343
-39606
168
-1049
-2813
17598
-168
1051
-19865
124404
-1764
11047
16297
-102102
630
-3947
-23351
146370
-630
3949
13483
-84546
462
-2897
-9953
62454
-462
2899
8905
-55944
294
-1847
-7139
44898
-294
1849
25663
-161490
714
-4493
-23897
150444
-714
4495
-42419
267120
-1134
7141
-7937
50022
-420
2647
17557
-110712
546
-3443
12895
-81354
1764
-11129
16591
-104706
672
-4241
-27173
171570
-672
4243
-27971
176694
-798
5041
2563
-16212
126
-797
-4325
27426
-126
799
20413
-129654
714
-4535
23143
-147084
588
-3737
-9029
57414
-588
3739
8233
-52374
462
-2939
-15287
97314
-462
2941
7435
-47376
336
-2141
-3905
24906
-336
2143
5251
-33516
546
-3485
-19361
123648
-546
3487
-24233
154854
-756
4831
4873
-31164
210
-1343
-20117
128856
-1764
11299
49183
-315042
1344
-8609
19615
-125664
1134
-7265
35911
-230118
924
-5921
20455
-131124
714
-4577
15583
-99960
504
-3233
-12053
77364
-504
3235
5419
-34818
294
-1889
-10709
68880
-294
1891
9619
-61908
672
-4325
-20201
130074
-672
4327
9493
-61152
378
-2435
-7181
46326
-840
5419
55483
-357966
1764
-11381
-41369
266952
-1764
11383
-10037
64806
-462
2983
10585
-68376
546
-3527
-15875
102606
-546
3529
15205
-98364
714
-4619
-22259
144060
-714
4621
-13985
90552
-798
5167
2311
-14994
84
-545
-2309
15036
-84
547
29905
-195132
798
-5207
17011
-111048
714
-4661
-24065
157164
-714
4663
14155
-92526
546
-3569
-19445
127176
-546
3571
15373
-100590
462
-3023
4243
-27804
378
-2477
-11297
74088
-378
2479
16759
-109956
672
-4409
-27341
179466
-672
4411
5461
-35868
294
-1931
-10751
70686
-294
1933
15667
-103110
504
-3317
-12137
79926
-504
3319
-18815
123984
-714
4705
-14909
98280
-924
6091
-42755
281904
-1134
7477
-24737
163128
-1344
8863
-20453
134904
-1764
11635
-6677
44100
-210
1387
17347
-114660
756
-4997
10669
-70560
546
-3611
-11045
73206
-336
2227
10123
-67158
462
-3065
-17177
114030
-462
3067
23311
-154812
588
-3905
-9197
61110
-588
3907
-18857
125370
-714
4747
2605
-17346
126
-839
-4367
29148
-126
841
15919
-106386
798
-5333
9787
-65436
672
-4493
-20369
136248
-672
4495
13567
-90762
1764
-11801
-12473
83496
-546
3655
15163
-101556
420
-2813
19951
-133728
1134
-7601
15373
-103068
714
-4787
-13607
91266
-714
4789
9031
-60606
294
-1973
-7265
48804
-294
1975
15457
-103950
462
-3107
-11927
80262
-462
3109
11299
-76062
630
-4241
-18353
123606
-630
4243
6427
-43344
168
-1133
-2897
19572
-168
1135
6595
-44604
714
-4829
21337
-144396
546
-3695
-14279
96684
-546
3697
4327
-29316
378
-2561
-6089
41286
-378
2563
19867
-134778
588
-3989
-12809
86940
-588
3991
4957
-33684
210
-1427
-3191
21714
-210
1429
16927
-115290
672
-4577
13735
-93618
462
-3149
-17261
117726
-462
3151
-22511
153636
-714
4873
3487
-23814
252
-1721
-10541
72072
-252
1723
17851
-122178
546
-3737
-14321
98070
-546
3739
3781
-25914
294
-2015
-15161
104076
-924
6343
-18437
126630
-630
4327
7603
-52248
336
-2309
-4073
28014
-336
2311
56239
-386946
1764
-12137
-42125
289884
-1764
12139
9661
-66528
378
-2603
-6131
42252
-378
2605
15247
-105168
420
-2897
-4661
32172
-420
2899
-15539
107394
-462
3193
15835
-109494
504
-3485
-12305
85134
-504
3487
21421
-148260
546
-3779
-16127
111678
-546
3781
5839
-40446
588
-4073
-23771
164850
-630
4369
-20537
142506
-672
4663
-13775
95634
-714
4957
-24653
171234
-756
5251
-28475
197862
-798
5545
-7601
52836
-840
5839
295
-2058
42
-293
16213
-114324
798
-5627
17683
-124740
756
-5333
26209
-184968
714
-5039
17095
-120708
672
-4745
11509
-81312
630
-4451
5923
-41874
588
-4157
14449
-102228
546
-3863
-9155
64806
-546
3865
15919
-112728
504
-3569
-12389
87780
-504
3571
10333
-73248
462
-3275
-5039
35742
-462
3277
-8273
58758
-420
2983
15037
-106890
378
-2687
-11507
81858
-378
2689
-11213
79926
-336
2395
16843
-120120
630
-4493
36583
-261030
924
-6593
3865
-27594
294
-2099
16255
-116256
546
-3905
-12725
91056
-546
3907
3571
-25578
252
-1805
17473
-125370
714
-5123
8611
-61824
462
-3317
-12137
87192
-462
3319
-20705
148848
-672
4831
8569
-61656
210
-1511
-6803
49014
-210
1513
20119
-145110
588
-4241
-13061
94248
-588
4243
15079
-108864
378
-2729
16297
-117810
546
-3947
-9239
66822
-546
3949
6511
-47166
168
-1217
-2981
21630
-168
1219
-21629
157080
-1764
12811
16927
-122976
630
-4577
-23981
174300
-630
4579
13945
-101388
462
-3359
-10415
75768
-462
3361
9199
-66990
294
-2141
-7433
54180
-294
2143
26377
-192360
714
-5207
-24611
179550
-714
5209
-43553
317814
-1134
8275
-8357
61026
-420
3067
18103
-132258
546
-3989
14659
-107142
1764
-12893
17263
-126210
672
-4913
-27845
203658
-672
4915
-28769
210504
-798
5839
2689
-19698
126
-923
-4451
32676
-126
925
21127
-155316
714
-5249
23731
-174552
588
-4325
-9617
70770
-588
4327
8695
-64008
462
-3401
-15749
116004
-462
3403
7771
-57288
336
-2477
-4241
31290
-336
2479
5797
-42798
546
-4031
-19907
147042
-546
4033
-24989
184674
-756
5587
5083
-37590
210
-1553
50527
-374178
1344
-9953
20749
-153678
1134
-8399
36835
-272874
924
-6845
21169
-156870
714
-5291
16087
-119280
504
-3737
-12557
93156
-504
3739
5713
-42420
294
-2183
-11003
81774
-294
2185
10291
-76524
672
-4997
-20873
155274
-672
4999
9871
-73458
378
-2813
-8021
59766
-840
6259
57247
-426594
1764
-13145
-43133
321468
-1764
13147
-10499
78288
-462
3445
11131
-83034
546
-4073
-16421
122556
-546
4075
15919
-118902
714
-5333
-22973
171654
-714
5335
-14783
110502
-798
5965
2395
-17934
84
-629
-2393
17976
-84
631
30703
-231042
798
-6005
17725
-133434
714
-5375
-24779
186606
-714
5377
14701
-110796
546
-4115
-19991
150738
-546
4117
15835
-119448
462
-3485
4621
-34902
378
-2855
-11675
88242
-378
2857
17431
-131796
672
-5081
-28013
211890
-672
5083
5755
-43554
294
-2225
-11045
83664
-294
2227
16171
-122598
504
-3821
-12641
95886
-504
3823
-19529
148218
-714
5419
-15833
120204
-924
7015
-43889
333270
-1134
8611
-26081
198072
-1344
10207
-22217
168756
-1764
13399
-6887
52374
-210
1597
18103
-137760
756
-5753
11215
-85386
546
-4157
-11381
86814
-336
2563
10585
-80808
462
-3527
-17639
134736
-462
3529
23899
-182616
588
-4493
-9785
74802
-588
4495
-19571
149688
-714
5461
2731
-20916
126
-965
-4493
34482
-126
967
16717
-128436
798
-6131
10459
-80388
672
-5165
-21041
161784
-672
5167
15331
-117894
1764
-13565
-13019
100170
-546
4201
15583
-119952
420
-3233
21085
-162414
1134
-8735
16087
-123942
714
-5501
-14321
110376
-714
5503
9325
-71904
294
-2267
-7559
58338
-294
2269
15919
-122976
462
-3569
-12389
95760
-462
3571
11929
-92232
630
-4871
-18983
146832
-630
4873
6595
-51072
168
-1301
-3065
23772
-168
1303
7309
-56742
714
-5543
21883
-169974
546
-4241
-14825
115206
-546
4243
4705
-36582
378
-2939
-6467
50316
-378
2941
20455
-159222
588
-4577
-13397
104328
-588
4579
5167
-40278
210
-1637
-3401
26544
-210
1639
17599
-137466
672
-5249
14197
-110964
462
-3611
-17723
138600
-462
3613
-23225
181734
-714
5587
3739
-29274
252
-1973
18397
-144312
546
-4283
-14867
116676
-546
4285
4075
-32004
294
-2309
-16085
126504
-924
7267
-19067
150024
-630
4957
7939
-62496
336
-2645
-4409
34734
-336
2647
58003
-457086
1764
-13901
-43889
345912
-1764
13903
10039
-79170
378
-2981
-6509
51366
-378
2983
15667
-123732
420
-3317
-5081
40152
-420
3319
-16001
126588
-462
3655
16339
-129318
504
-3989
-12809
101430
-504
3991
21967
-174006
546
-4325
-16673
132132
-546
4327
6427
-50946
588
-4661
-24401
193620
-630
4999
-21209
168378
-672
5335
-14489
115080
-714
5671
-25409
201894
-756
6007
-29273
232680
-798
6343
-8441
67116
-840
6679
337
-2688
42
-335
17011
-136962
798
-6425
18439
-148512
756
-6089
26923
-216930
714
-5753
17767
-143220
672
-5417
12139
-97902
630
-5081
6511
-52542
588
-4745
14995
-121086
546
-4409
-9701
78372
-546
4411
16423
-132720
504
-4073
-12893
104244
-504
4075
10795
-87318
462
-3737
-5501
44520
-462
3739
-8693
70434
-420
3403
15415
-124992
378
-3065
-11885
96432
-378
3067
-11549
93870
-336
2731
17473
-142086
630
-5123
37507
-305130
924
-7517
4159
-33852
294
-2393
16801
-136962
546
-4451
-13271
108234
-546
4453
3823
-31206
252
-2057
18187
-148680
714
-5837
9073
-74214
462
-3779
-12599
103110
-462
3781
-21377
175056
-672
5503
8779
-71946
210
-1721
-7013
57540
-210
1723
20707
-170058
588
-4829
-13649
112140
-588
4831
15457
-127050
378
-3107
16843
-138600
546
-4493
-9785
80556
-546
4495
6679
-55062
168
-1385
-3149
25998
-168
1387
-23393
193284
-1764
14575
17557
-145110
630
-5207
-24611
203490
-630
5209
14407
-119154
462
-3821
-10877
90006
-462
3823
9493
-78624
294
-2435
-7727
64050
-294
2437
27091
-224658
714
-5921
-25325
210084
-714
5923
-44687
370776
-1134
9409
-8777
72870
-420
3487
18649
-154896
546
-4535
16423
-136458
1764
-14657
17935
-149058
672
-5585
-29567
245910
-798
6637
2815
-23436
126
-1049
-4577
38178
-126
1051
21841
-182406
714
-5963
24319
-203196
588
-4913
-10205
85302
-588
4915
9157
-76566
462
-3863
-16211
135618
-462
3865
8107
-67872
336
-2813
-4577
38346
-336
2815
6343
-53172
546
-4577
-20453
171528
-546
4579
-25745
216006
-756
6343
5293
-44436
210
-1763
51871
-436002
1344
-11297
21883
-183960
1134
-9533
37759
-317478
924
-7769
21883
-184044
714
-6005
16591
-139608
504
-4241
-13061
109956
-504
4243
6007
-50610
294
-2477
-11297
95256
-294
2479
10963
-92484
672
-5669
-21545
181818
-672
5671
10249
-86520
378
-3191
-8861
74886
-840
7099
59011
-498750
1764
-14909
-44897
379512
-1764
14911
-10961
92694
-462
3907
11677
-98784
546
-4619
-16967
143598
-546
4621
16633
-140868
714
-6047
-23687
200676
-714
6049
-15581
132048
-798
6763
2479
-21042
84
-713
-2477
21084
-84
715
31501
-268548
798
-6803
18439
-157248
714
-6089
-25493
217476
-714
6091
15247
-130158
546
-4661
-20537
175392
-546
4663
16297
-139230
462
-3947
4999
-42756
378
-3233
-12053
103152
-378
3235
18103
-154980
672
-5753
6049
-51828
294
-2519
-11339
97230
-294
2521
16675
-143094
504
-4325
-13145
112854
-504
4327
-20243
173880
-714
6133
-16757
143976
-924
7939
-45023
386904
-1134
9745
-27425
235704
-1344
11551
-23981
206136
-1764
15163
-7097
61068
-210
1807
18859
-162372
756
-6509
11761
-101304
546
-4703
-11717
101094
-336
2899
11047
-95382
462
-3989
-18101
156366
-462
3991
24487
-211596
588
-5081
-10373
89670
-588
5083
-20285
175434
-714
6175
2857
-24738
126
-1091
-4619
40068
-126
1093
17515
-152082
798
-6929
11131
-96684
672
-5837
-21713
188664
-672
5839
17095
-148554
1764
-15329
-13565
117936
-546
4747
16003
-139188
420
-3653
22219
-193368
1134
-9869
16801
-146244
714
-6215
-15035
130914
-714
6217
9619
-83790
294
-2561
-7853
68460
-294
2563
16381
-142926
462
-4031
-12851
112182
-462
4033
12559
-109662
630
-5501
-19613
171318
-630
5503
6763
-59136
168
-1469
-3233
28308
-168
1471
8023
-70308
714
-6257
22429
-196644
546
-4787
-15371
134820
-546
4789
5083
-44604
378
-3317
-6845
60102
-378
3319
21043
-184842
588
-5165
-13985
122892
-588
5167
5377
-47292
210
-1847
-3611
31794
-210
1849
18271
-160986
672
-5921
14659
-129234
462
-4073
-18185
160398
-462
4075
-23939
211260
-714
6301
3991
-35238
252
-2225
18943
-167538
546
-4829
-15413
136374
-546
4831
4369
-38682
294
-2603
-17009
150780
-924
8191
-19697
174678
-630
5587
8275
-73416
336
-2981
-4745
42126
-336
2983
59767
-530754
1764
-15665
-45653
405468
-1764
15667
10417
-92568
378
-3359
-6887
61236
-378
3361
16087
-143136
420
-3737
-5501
48972
-420
3739
-16463
146706
-462
4117
16843
-150150
504
-4493
-13313
118734
-504
4495
22513
-200844
546
-4871
-17219
153678
-546
4873
7015
-62622
588
-5249
-25031
223650
-630
5629
-21881
195594
-672
6007
-15203
135954
-714
6385
-26165
234066
-756
6763
-30071
269094
-798
7141
-9281
83076
-840
7519
379
-3402
42
-377
17809
-161196
798
-7223
19195
-173796
756
-6845
27637
-250320
714
-6467
18439
-167076
672
-6089
12769
-115752
630
-5711
7099
-64386
588
-5333
15541
-141036
546
-4955
-10247
93030
-546
4957
16927
-153720
504
-4577
-13397
121716
-504
4579
11257
-102312
462
-4199
-5963
54222
-462
4201
-9113
82950
-420
3823
15793
-143850
378
-3443
-12263
111762
-378
3445
-11885
108486
-336
3067
18103
-165312
630
-5753
38431
-351078
924
-8441
4453
-40698
294
-2687
17347
-158760
546
-4997
-13817
126504
-546
4999
4075
-37338
252
-2309
18901
-173418
714
-6551
9535
-87528
462
-4241
-13061
119952
-462
4243
-22049
202608
-672
6175
-7223
66486
-210
1933
21295
-196182
588
-5417
-14237
131208
-588
5419
15835
-145992
378
-3485
17389
-160482
546
-5039
-10331
95382
-546
5041
6847
-63294
168
-1553
-3317
30702
-168
1555
-25157
233016
-1764
16339
18187
-168504
630
-5837
-25241
233940
-630
5839
14869
-137844
462
-4283
-11339
105168
-462
4285
9787
-90846
294
-2729
-8021
74508
-294
2731
27805
-258384
714
-6635
-26039
242046
-714
6637
-45821
426006
-1134
10543
-9197
85554
-420
3907
19195
-178626
546
-5081
18187
-169302
1764
-16421
18607
-173250
672
-6257
-30365
282912
-798
7435
2941
-27426
126
-1175
-4703
43932
-126
1177
22555
-210924
714
-6677
-10793
101010
-588
5503
9619
-90048
462
-4325
-16673
156156
-462
4327
8443
-79128
336
-3149
-4913
46074
-336
3151
6889
-64638
546
-5123
-20999
197106
-546
5125
-26501
248850
-756
7099
5503
-51702
210
-1973
53215
-500514
1344
-12641
23017
-216510
1134
-10667
38683
-363930
924
-8693
22597
-212646
714
-6719
17095
-160944
504
-4745
-13565
127764
-504
4747
6301
-59388
294
-2771
-11591
109326
-294
2773
11635
-109788
672
-6341
-22217
209706
-672
6343
10627
-100338
378
-3569
-9701
91686
-840
7939
60775
-574434
1764
-16673
-46661
441084
-1764
16675
-11423
108024
-462
4369
12223
-115626
546
-5165
-17513
165732
-546
5167
17347
-164262
714
-6761
-24401
231126
-714
6763
-16379
155190
-798
7561
2563
-24318
84
-797
-2561
24360
-84
799
32299
-307650
798
-7601
19153
-182490
714
-6803
-26207
249774
-714
6805
15793
-150612
546
-5207
-21083
201138
-546
5209
16759
-159936
462
-4409
5377
-51366
378
-3611
-12431
118818
-378
3613
18775
-179508
672
-6425
6343
-60690
294
-2813
-11633
111384
-294
2815
17179
-164598
504
-4829
-13649
130830
-504
4831
-20957
200970
-714
6847
-17681
169596
-924
8863
-46157
442806
-1134
10879
-28769
276024
-1344
12895
-25745
247044
-1764
16927
-7307
70182
-210
2017
19615
-188496
756
-7265
12307
-118314
546
-5249
-12053
116046
-336
3235
11509
-110880
462
-4451
-18563
178920
-462
4453
-10961
105714
-588
5671
-20999
202608
-714
6889
2983
-28812
126
-1217
-4745
45906
-126
1219
18313
-177324
798
-7727
11803
-114324
672
-6509
-22385
216888
-672
6511
18859
-182742
1764
-17093
-14111
136794
-546
5293
16423
-159264
420
-4073
23353
-226590
1134
-11003
17515
-169974
714
-6929
-15749
152880
-714
6931
9913
-96264
294
-2855
-8147
79170
-294
2857
16843
-163800
462
-4493
-13313
129528
-462
4495
13189
-128352
630
-6131
-20243
197064
-630
6133
6931
-67536
168
-1637
-3401
33180
-168
1639
8737
-85302
714
-6971
-15917
155526
-546
5335
5461
-53382
378
-3695
-7223
70644
-378
3697
21631
-211638
588
-5753
-14573
142632
-588
5755
5587
-54726
210
-2057
-3821
37464
-210
2059
18943
-185850
672
-6593
15121
-148428
462
-4535
-18647
183120
-462
4537
-24653
242214
-714
7015
4243
-41706
252
-2477
19489
-191856
546
-5375
-15959
157164
-546
5377
4663
-45948
294
-2897
-17933
176904
-924
9115
-20327
200592
-630
6217
8611
-85008
336
-3317
-5081
50190
-336
3319
61531
-607950
1764
-17429
-47417
468552
-1764
17431
10795
-106722
378
-3737
-7265
71862
-378
3739
16507
-163380
420
-4157
-5921
58632
-420
4159
-16925
167748
-462
4579
17347
-171990
504
-4997
-13817
137046
-504
4999
-17765
176316
-546
5419
7603
-75474
588
-5837
-25661
254940
-630
6259
-22553
224154
-672
6679
-15917
158256
-714
7099
-26921
267750
-756
7519
-30869
307104
-798
7939
-10121
100716
-840
8359
421
-4200
42
-419
18607
-187026
798
-8021
19951
-200592
756
-7601
28351
-285138
714
-7181
19111
-192276
672
-6761
13399
-134862
630
-6341
7687
-77406
588
-5921
16087
-162078
546
-5501
-10793
108780
-546
5503
17431
-175728
504
-5081
-13901
140196
-504
5083
11719
-118230
462
-4661
-6425
64848
-462
4663
-9533
96306
-420
4243
-12641
127848
-378
3823
-12221
123774
-336
3403
18733
-189798
630
-6383
4747
-48132
294
-2981
17893
-181650
546
-5543
-14363
145866
-546
5545
4327
-43974
252
-2561
19615
-199584
714
-7265
9997
-101766
462
-4703
-13523
137718
-462
4705
-22721
231504
-672
6847
-7433
75852
-210
2143
21883
-223482
588
-6005
-14825
151452
-588
6007
17935
-183456
546
-5585
-10877
111300
-546
5587
7015
-71862
168
-1721
-3485
35742
-168
1723
-26921
276276
-1764
18103
18817
-193158
630
-6467
-25871
265650
-630
6469
15331
-157458
462
-4745
-11801
121254
-462
4747
10081
-103656
294
-3023
-8315
85554
-294
3025
28519
-293538
714
-7349
-26753
275436
-714
7351
-46955
483504
-1134
11677
-9617
99078
-420
4327
19741
-203448
546
-5627
19951
-205674
1764
-18185
19279
-198786
672
-6929
-31163
321510
-798
8233
3067
-31668
126
-1301
-4829
49938
-126
1303
23269
-240870
714
-7391
-11381
117894
-588
6091
10081
-104454
462
-4787
-17135
177618
-462
4789
8779
-91056
336
-3485
-5249
54474
-336
3487
7435
-77196
546
-5669
-21545
223776
-546
5671
-27257
283206
-756
7855
5713
-59388
210
-2183
54559
-567714
1344
-13985
24151
-251328
1134
-11801
23311
-242676
714
-7433
17599
-183288
504
-5249
-14069
146580
-504
5251
6595
-68754
294
-3065
-11885
123984
-294
3067
12307
-128436
672
-7013
-22889
238938
-672
7015
11005
-114912
378
-3947
-10541
110166
-840
8779
62539
-653646
1764
-18437
-48425
506184
-1764
18439
-11885
124278
-462
4831
12769
-133560
546
-5711
-18059
188958
-546
5713
18061
-189084
714
-7475
-25115
263004
-714
7477
-17177
179928
-798
8359
2647
-27762
84
-881
-2645
27804
-84
883
33097
-348348
798
-8399
19867
-209160
714
-7517
-26921
283500
-714
7519
16339
-172158
546
-5753
-21629
227976
-546
5755
17221
-181566
462
-4871
5755
-60732
378
-3989
-12809
135240
-378
3991
19447
-205380
672
-7097
6637
-70140
294
-3107
-11927
126126
-294
3109
17683
-187110
504
-5333
-14153
149814
-504
5335
-21671
229488
-714
7561
-18605
197064
-924
9787
-47291
500976
-1134
12013
-30113
319032
-1344
14239
-27509
291480
-1764
18691
-7517
79716
-210
2227
20371
-216132
756
-8021
12853
-136416
546
-5795
-12389
131670
-336
3571
11971
-127302
462
-4913
-19025
202398
-462
4915
-11549
122934
-588
6259
-21713
231210
-714
7603
3109
-33138
126
-1343
-4871
51996
-126
1345
19111
-204162
798
-8525
12475
-133308
672
-7181
-23057
246456
-672
7183
20623
-220458
1764
-18857
-14657
156744
-546
5839
16843
-180180
420
-4493
24487
-262080
1134
-12137
18229
-195132
714
-7643
-16463
176274
-714
7645
10207
-109326
294
-3149
-8441
90468
-294
3151
17305
-185598
462
-4955
-13775
147798
-462
4957
13819
-148302
630
-6761
-20873
224070
-630
6763
-3569
38388
-168
1807
9451
-101724
714
-7685
-16463
177324
-546
5881
5839
-62916
378
-4073
-7601
81942
-378
4075
22219
-239610
588
-6341
-15161
163548
-588
6343
5797
-62580
210
-2267
-4031
43554
-210
2269
19615
-212058
672
-7265
15583
-168546
462
-4997
-19109
206766
-462
4999
-25367
274596
-714
7729
4495
-48678
252
-2729
20035
-217266
546
-5921
-16505
179046
-546
5923
4957
-53802
294
-3191
-18857
204876
-924
10039
-20957
227766
-630
6847
8947
-97272
336
-3653
-5417
58926
-336
3655
63295
-688674
1764
-19193
-49181
535164
-1764
19195
11173
-121632
378
-4115
-7643
83244
-378
4117
16927
-184464
420
-4577
-6341
69132
-420
4579
-17387
189714
-462
5041
17851
-194838
504
-5501
-14321
156366
-504
5503
-18311
200046
-546
5965
8191
-89502
588
-6425
-26291
287490
-630
6889
-23225
254058
-672
7351
-16631
181986
-714
7813
-27677
302946
-756
8275
-31667
346710
-798
8737
-10961
120036
-840
9199
463
-5082
42
-461
19405
-214452
798
-8819
20707
-228900
756
-8357
29065
-321384
714
-7895
19783
-218820
672
-7433
14029
-155232
630
-6971
8275
-91602
588
-6509
16633
-184212
546
-6047
-11339
125622
-546
6049
17935
-198744
504
-5585
-14405
159684
-504
5587
12181
-135072
462
-5123
-6887
76398
-462
5125
-9953
110502
-420
4663
-13019
144690
-378
4201
-12557
139734
-336
3739
19363
-215544
630
-7013
5041
-56154
294
-3275
18439
-205632
546
-6089
-14909
166320
-546
6091
4579
-51114
252
-2813
20329
-227178
714
-7979
10459
-116928
462
-5165
-13985
156408
-462
5167
-23393
261744
-672
7519
-7643
85638
-210
2353
22471
-251958
588
-6593
-15413
172872
-588
6595
18481
-207522
546
-6131
-11423
128310
-546
6133
-3653
41118
-168
1891
-28685
323064
-1764
19867
19447
-219072
630
-7097
15793
-177996
462
-5207
-12263
138264
-462
5209
10375
-117054
294
-3317
-8609
97188
-294
3319
29233
-330120
714
-8063
-27467
310254
-714
8065
-10037
113442
-420
4747
20287
-229362
546
-6173
21715
-245574
1764
-19949
19951
-225666
672
-7601
-31961
361704
-798
9031
3193
-36162
126
-1427
-4955
56196
-126
1429
23983
-272244
714
-8105
-11969
135954
-588
6679
10543
-119784
462
-5249
-17597
200004
-462
5251
9115
-103656
336
-3821
-5585
63546
-336
3823
7981
-90846
546
-6215
-22091
251538
-546
6217
-28013
319074
-756
8611
5923
-67494
210
-2393
55903
-637602
1344
-15329
25285
-288414
1134
-12935
24025
-274134
714
-8147
18103
-206640
504
-5753
-14573
166404
-504
5755
6889
-78708
294
-3359
-12179
139230
-294
3361
12979
-148428
672
-7685
-23561
269514
-672
7687
11383
-130242
378
-4325
-11381
130326
-840
9619
64303
-736386
1764
-20201
-50189
574812
-1764
20203
-12347
141456
-462
5293
13315
-152586
546
-6257
-18605
213276
-546
6259
18775
-215334
714
-8189
-25829
296310
-714
8191
-17975
206262
-798
9157
2731
-31374
84
-965
-2729
31416
-84
967
20581
-237258
714
-8231
-27635
318654
-714
8233
16885
-194796
546
-6299
-22175
255906
-546
6301
17683
-204120
462
-5333
6133
-70854
378
-4367
-13187
152418
-378
4369
20119
-232596
672
-7769
6931
-80178
294
-3401
-12221
141456
-294
3403
18187
-210630
504
-5837
-14657
169806
-504
5839
-22385
259434
-714
8275
-19529
226380
-924
10711
-31457
364728
-1344
15583
-29273
339444
-1764
20455
-7727
89670
-210
2437
21127
-245280
756
-8777
13399
-155610
546
-6341
-12725
147966
-336
3907
12433
-144648
462
-5375
-12137
141330
-588
6847
-22427
261240
-714
8317
3235
-37716
126
-1469
-4997
58338
-126
1471
19909
-232596
798
-9323
13147
-153636
672
-7853
-23729
277368
-672
7855
22387
-261702
1764
-20621
-15203
177786
-546
6385
17263
-201936
420
-4913
25621
-299838
1134
-13271
18943
-221718
714
-8357
-17177
201096
-714
8359
10501
-122976
294
-3443
-8735
102354
-294
3445
17767
-208320
462
-5417
-14237
166992
-462
5419
14449
-169512
630
-7391
-21503
252336
-630
7393
-3737
43932
-168
1975
10165
-119574
714
-8399
-17009
200214
-546
6427
6217
-73206
378
-4451
-7979
93996
-378
4453
22807
-268758
588
-6929
-15749
185640
-588
6931
6007
-70854
210
-2477
-4241
50064
-210
2479
20287
-239610
672
-7937
16045
-189588
462
-5459
-26081
308406
-714
8443
4747
-56154
252
-2981
20581
-243768
546
-6467
-17051
202020
-546
6469
5251
-62244
294
-3485
-19781
234696
-924
10963
-21587
256200
-630
7477
9283
-110208
336
-3989
-5753
68334
-336
3991
-50945
605304
-1764
20959
11551
-137298
378
-4493
-8021
95382
-378
4495
17347
-206388
420
-4997
-6761
80472
-420
4999
-17849
212604
-462
5503
18355
-218694
504
-6005
-14825
176694
-504
6007
-18857
224868
-546
6511
8779
-104706
588
-7013
-23897
285306
-672
8023
-17345
207144
-714
8527
-28433
339654
-756
9031
-32465
387912
-798
9535
-11801
141036
-840
10039
505
-6048
42
-503
20203
-243474
798
-9617
21463
-258720
756
-9113
29779
-359058
714
-8609
20455
-246708
672
-8105
14659
-176862
630
-7601
8863
-106974
588
-7097
17179
-207438
546
-6593
-11885
143556
-546
6595
18439
-222768
504
-6089
-14909
180180
-504
6091
12643
-152838
462
-5585
-7349
88872
-462
5587
-10373
125538
-420
5083
-13397
162288
-378
4579
-12893
156366
-336
4075
19993
-242550
630
-7643
5335
-64764
294
-3569
18985
-230706
546
-6635
-15455
187866
-546
6637
4831
-58758
252
-3065
21043
-256200
714
-8693
10921
-133014
462
-5627
-14447
176022
-462
5629
-24065
293328
-672
8191
-7853
95844
-210
2563
23059
-281610
588
-7181
-16001
195468
-588
7183
19027
-232680
546
-6677
-11969
146412
-546
6679
-3821
46830
-168
2059
-30449
373380
-1764
21631
20077
-246246
630
-7727
16255
-199458
462
-5669
-12725
156198
-462
5671
10669
-131040
294
-3611
-8903
109410
-294
3613
29947
-368130
714
-8777
-28181
346500
-714
8779
-10457
128646
-420
5167
20833
-256368
546
-6719
23479
-289002
1764
-21713
20623
-253890
672
-8273
-32759
403494
-798
9829
3319
-40908
126
-1553
-5081
62706
-126
1555
24697
-305046
714
-8819
-12557
155190
-588
7267
11005
-136038
462
-5711
-18059
223314
-462
5713
9451
-116928
336
-4157
-5921
73290
-336
4159
8527
-105588
546
-6761
-22637
280392
-546
6763
-28769
356454
-756
9367
6133
-76020
210
-2603
26419
-327768
1134
-14069
24739
-307020
714
-8861
18607
-231000
504
-6257
-15077
187236
-504
6259
7183
-89250
294
-3653
13651
-169764
672
-8357
-24233
301434
-672
8359
11761
-146328
378
-4703
-12221
152166
-840
10459
66067
-822654
1764
-21965
-51953
646968
-1764
21967
-12809
159558
-462
5755
13861
-172704
546
-6803
-19151
238686
-546
6805
19489
-243012
714
-8903
-26543
331044
-714
8905
-18773
234192
-798
9955
2815
-35154
84
-1049
-2813
35196
-84
1051
21295
-266784
714
-8945
-28349
355236
-714
8947
17431
-218526
546
-6845
-22721
284928
-546
6847
18145
-227598
462
-5795
6511
-81732
378
-4745
-13565
170352
-378
4747
20791
-261156
672
-8441
7225
-90804
294
-3695
18691
-235158
504
-6341
-15161
190806
-504
6343
-23099
290808
-714
8989
-20453
257544
-924
11635
-32801
413112
-1344
16927
-31037
390936
-1764
22219
-7937
100044
-210
2647
21883
-275940
756
-9533
13945
-175896
546
-6887
-13061
164934
-336
4243
12895
-162918
462
-5837
-12725
160902
-588
7435
-23141
292698
-714
9031
3361
-42546
126
-1595
-5123
64932
-126
1597
20707
-262626
798
-10121
13819
-175308
672
-8525
-24401
309624
-672
8527
24151
-306474
1764
-22385
-15749
199920
-546
6931
26755
-339864
1134
-14405
19657
-249732
714
-9071
-17891
227346
-714
9073
10795
-137214
294
-3737
-9029
114828
-294
3739
18229
-231966
462
-5879
-14699
187110
-462
5881
15079
-191982
630
-8021
-22133
281862
-630
8023
-3905
49812
-168
2143
10879
-138852
714
-9113
-17555
224196
-546
6973
6595
-84252
378
-4829
-8357
106806
-378
4831
23395
-299082
588
-7517
-16337
208908
-588
7519
6217
-79548
210
-2687
-4451
56994
-210
2689
20959
-268506
672
-8609
16507
-211554
462
-5921
-26795
343644
-714
9157
4999
-64134
252
-3233
21127
-271362
546
-7013
-17597
226086
-546
7015
5545
-71274
294
-3779
-20705
266364
-924
11887
-22217
285894
-630
8107
9619
-123816
336
-4325
-6089
78414
-336
4327
-52709
678972
-1764
22723
11929
-153720
378
-4871
-8399
108276
-378
4873
-7181
92652
-420
5419
-18311
236418
-462
5965
18859
-243558
504
-6509
-15329
198030
-504
6511
-19403
250782
-546
7057
9367
-121086
588
-7601
-24569
317898
-672
8695
-18059
233730
-714
9241
-29189
377874
-756
9787
-33263
430710
-798
10333
-12641
163716
-840
10879
547
-7098
42
-545
21001
-274092
798
-10415
22219
-290052
756
-9869
21127
-275940
672
-8777
15289
-199752
630
-8231
9451
-123522
588
-7685
17725
-231756
546
-7139
-12431
162582
-546
7141
18943
-247800
504
-6593
-15413
201684
-504
6595
13105
-171528
462
-6047
-7811
102270
-462
6049
-10793
141414
-420
5503
-13775
180642
-378
4957
-13229
173670
-336
4411
20623
-270816
630
-8273
5629
-73962
294
-3863
19531
-256872
546
-7181
-16001
210504
-546
7183
5083
-66906
252
-3317
21757
-286650
714
-9407
11383
-150024
462
-6089
-14909
196560
-462
6091
-24737
326256
-672
8863
-8063
106470
-210
2773
23647
-312438
588
-7769
-16589
219240
-588
7771
19573
-258930
546
-7223
-12515
165606
-546
7225
-3989
52878
-168
2227
-32213
427224
-1764
23395
20707
-274680
630
-8357
16717
-221844
462
-6131
-13187
175056
-462
6133
10963
-145614
294
-3905
-9197
122220
-294
3907
-28895
384174
-714
9493
-10877
144690
-420
5587
21379
-284466
546
-7265
25243
-335958
1764
-23477
21295
-283458
672
-8945
3445
-45906
126
-1679
-5207
69468
-126
1681
25411
-339276
714
-9533
-13145
175602
-588
7855
11467
-153216
462
-6173
-18521
247548
-462
6175
9787
-130872
336
-4493
-6257
83706
-336
4495
9073
-121422
546
-7307
-29525
395346
-756
10123
6343
-84966
210
-2813
27553
-369390
1134
-15203
25453
-341334
714
-9575
19111
-256368
504
-6761
-15581
209076
-504
6763
7477
-100380
294
-3947
14323
-192444
672
-9029
-24905
334698
-672
9031
12139
-163170
378
-5081
-13061
175686
-840
11299
67831
-912450
1764
-23729
-53717
722652
-1764
23731
-13271
178584
-462
6217
14407
-193914
546
-7349
-19697
265188
-546
7351
20203
-272118
714
-9617
-27257
367206
-714
9619
-19571
263718
-798
10753
2899
-39102
84
-1133
-2897
39144
-84
1135
22009
-297738
714
-9659
-29063
393246
-714
9661
17977
-243348
546
-7391
18607
-252000
462
-6257
6889
-93366
378
-5123
-13943
189042
-378
5125
21463
-291060
672
-9113
7519
-102018
294
-3989
19195
-260694
504
-6845
-15665
212814
-504
6847
-23813
323610
-714
9703
-21377
290556
-924
12559
-34145
464184
-1344
18271
-32801
445956
-1764
23983
-8147
110838
-210
2857
22639
-308112
756
-10289
14491
-197274
546
-7433
-13397
182574
-336
4579
13357
-182112
462
-6299
-13313
181650
-588
8023
-23855
325584
-714
9745
3487
-47628
126
-1721
-5249
71778
-126
1723
21505
-294252
798
-10919
14491
-198324
672
-9197
-25073
343224
-672
9199
25915
-354774
1764
-24149
-16295
223146
-546
7477
27889
-382158
1134
-15539
20371
-279174
714
-9785
-18605
255024
-714
9787
11089
-152040
294
-4031
-9323
127890
-294
4033
18691
-256536
462
-6341
-15161
208152
-462
6343
15709
-215712
630
-8651
-22763
312648
-630
8653
-4073
56028
-168
2311
11593
-159558
714
-9827
-18101
249270
-546
7519
6973
-96054
378
-5207
-8735
120372
-378
5209
23983
-330582
588
-8105
-16925
233352
-588
8107
6427
-88662
210
-2897
-4661
64344
-210
2899
21631
-298746
672
-9281
16969
-234444
462
-6383
-27509
380310
-714
9871
5251
-72618
252
-3485
21673
-300048
546
-7559
-18143
251244
-546
7561
5839
-80892
294
-4073
-21629
299880
-924
12811
-22847
316848
-630
8737
9955
-138096
336
-4661
-6425
89166
-336
4663
-54473
756168
-1764
24487
12307
-170898
378
-5249
-8777
121926
-378
5251
-7601
105672
-420
5839
-18773
261156
-462
6427
19363
-269430
504
-7013
-15833
220374
-504
7015
-19949
277788
-546
7603
9955
-138642
588
-8189
-25241
351834
-672
9367
-18773
261744
-714
9955
-29945
417606
-756
10543
-13481
188076
-840
11719
589
-8232
42
-587
21799
-306306
798
-11213
22975
-322896
756
-10625
21799
-306516
672
-9449
15919
-223902
630
-8861
10039
-141246
588
-8273
18271
-257166
546
-7685
-12977
182700
-546
7687
19447
-273840
504
-7097
-15917
224196
-504
7099
13567
-191142
462
-6509
-8273
116592
-462
6511
-11213
158130
-420
5923
-14153
199752
-378
5335
-13565
191646
-336
4747
21253
-300342
630
-8903
5923
-83748
294
-4157
20077
-284130
546
-7727
-16547
234234
-546
7729
5335
-75558
252
-3569
22471
-318528
714
-10121
11845
-167958
462
-6551
-15371
218022
-462
6553
-25409
360528
-672
9535
-8273
117516
-210
2983
24235
-344442
588
-8357
-17177
244188
-588
8359
20119
-286272
546
-7769
-13061
185892
-546
7771
-4157
59262
-168
2395
-33977
484596
-1764
25159
21337
-304374
630
-8987
17179
-245154
462
-6593
-13649
194838
-462
6595
11257
-160776
294
-4199
-9491
135618
-294
4201
-29609
423276
-714
10207
-11297
161574
-420
6007
21925
-313656
546
-7811
27007
-386442
1764
-25241
21967
-314370
672
-9617
3571
-51156
126
-1805
26125
-374934
714
-10247
-13733
197190
-588
8443
11929
-171318
462
-6635
-18983
272706
-462
6637
10123
-145488
336
-4829
-6593
94794
-336
4831
9619
-138348
546
-7853
-30281
435750
-756
10879
6553
-94332
210
-3023
28687
-413280
1134
-16337
26167
-377076
714
-10289
19615
-282744
504
-7265
-16085
231924
-504
7267
7771
-112098
294
-4241
14995
-216468
672
-9701
-25577
369306
-672
9703
12517
-180768
378
-5459
-13901
200886
-840
12139
69595
-1005774
1764
-25493
-55481
801864
-1764
25495
-13733
198534
-462
6679
14953
-216216
546
-7895
-20243
292782
-546
7897
20917
-302652
714
-10331
-27971
404796
-714
10333
-20369
294840
-798
11551
2983
-43218
84
-1217
-2981
43260
-84
1219
22723
-330120
714
-10373
-29777
432684
-714
10375
18523
-269262
546
-7937
19069
-277326
462
-6719
7267
-105756
378
-5501
-14321
208488
-378
5503
22135
-322308
672
-9785
7813
-113820
294
-4283
19699
-287238
504
-7349
-16169
235830
-504
7351
-24527
357840
-714
10417
-22301
325416
-924
13483
-35489
517944
-1344
19615
-34565
504504
-1764
25747
-8357
122052
-210
3067
23395
-341796
756
-11045
15037
-219744
546
-7979
-13733
200886
-336
4915
13819
-202230
462
-6761
-13901
203574
-588
8611
-24569
359898
-714
10459
3613
-52962
126
-1847
22303
-327474
798
-11717
15163
-222684
672
-9869
-25745
378168
-672
9871
27679
-406602
1764
-25913
-16841
247464
-546
8023
29023
-426720
1134
-16673
21085
-310044
714
-10499
-19319
284130
-714
10501
11383
-167454
294
-4325
-9617
141540
-294
4327
19153
-282030
462
-6803
-15623
230118
-462
6805
16339
-240702
630
-9281
-23393
344694
-630
9283
-4241
62580
-168
2479
12307
-181692
714
-10541
-18647
275436
-546
8065
7351
-108612
378
-5585
-9113
134694
-378
5587
24571
-363258
588
-8693
-17513
258972
-588
8695
6637
-98196
210
-3107
-4871
72114
-210
3109
22303
-330330
672
-9953
17431
-258258
462
-6845
-28223
418404
-714
10585
5503
-81606
252
-3737
22219
-329826
546
-8105
-18689
277494
-546
8107
6133
-91098
294
-4367
-22553
335244
-924
13735
-23477
349062
-630
9367
10291
-153048
336
-4997
-6761
100590
-336
4999
-56237
836892
-1764
26251
12685
-188832
378
-5627
-9155
136332
-378
5629
-8021
119532
-420
6259
-19235
286818
-462
6889
19867
-296310
504
-7517
-16337
243726
-504
7519
-20495
305886
-546
8149
10543
-157374
588
-8777
-25913
387114
-672
10039
-19487
291186
-714
10669
-30701
458850
-756
11299
-14321
214116
-840
12559
631
-9450
42
-629
22597
-340116
798
-12011
23731
-357252
756
-11381
22471
-338436
672
-10121
16549
-249312
630
-9491
10627
-160146
588
-8861
18817
-283668
546
-8231
-13523
203910
-546
8233
19951
-300888
504
-7601
-16421
247716
-504
7603
14029
-211680
462
-6971
-8735
131838
-462
6973
-11633
175686
-420
6343
-14531
219618
-378
5713
-13901
210294
-336
5083
21883
-331128
630
-9533
6217
-94122
294
-4451
20623
-312480
546
-8273
-17093
259056
-546
8275
5587
-84714
252
-3821
23185
-351834
714
-10835
12307
-186816
462
-7013
-15833
240408
-462
7015
-26081
396144
-672
10207
-8483
128982
-210
3193
-17765
270312
-588
8947
20665
-314706
546
-8315
-13607
207270
-546
8317
-4325
65982
-168
2563
-35741
545496
-1764
26923
21967
-335328
630
-9617
17641
-269388
462
-7055
-14111
215544
-462
7057
11551
-176526
294
-4493
-9785
149604
-294
4495
-11717
179298
-420
6427
22471
-343938
546
-8357
28771
-440454
1764
-27005
22639
-346626
672
-10289
3697
-56658
126
-1931
26839
-412020
714
-10961
-14321
219954
-588
9031
12391
-190344
462
-7097
10459
-160776
336
-5165
-6929
106554
-336
5167
10165
-156366
546
-8399
-31037
477666
-756
11635
6763
-104118
210
-3233
29821
-459438
1134
-17471
26881
-414246
714
-11003
20119
-310128
504
-7769
-16589
255780
-504
7771
8065
-124404
294
-4535
15667
-241836
672
-10373
-26249
405258
-672
10375
12895
-199122
378
-5837
-14741
227766
-840
12979
-57245
884604
-1764
27259
-14195
219408
-462
7141
15499
-239610
546
-8441
-20789
321468
-546
8443
21631
-334614
714
-11045
-28685
443814
-714
11047
-21167
327558
-798
12349
3067
-47502
84
-1301
-3065
47544
-84
1303
23437
-363930
714
-11087
19069
-296268
546
-8483
7645
-118902
378
-5879
-14699
228690
-378
5881
22807
-354900
672
-10457
8107
-126210
294
-4577
20203
-314790
504
-7853
-16673
259854
-504
7855
-25241
393498
-714
11131
-23225
362124
-924
14407
-36833
574392
-1344
20959
-36329
566580
-1764
27511
-8567
133686
-210
3277
24151
-376992
756
-11801
15583
-243306
546
-8525
-14069
219870
-336
5251
14281
-223272
462
-7223
-14489
226674
-588
9199
-25283
395640
-714
11173
3739
-58548
126
-1973
23101
-362292
798
-12515
15835
-248388
672
-10541
-26417
414456
-672
10543
29443
-461958
1764
-27677
-17387
272874
-546
8569
30157
-473550
1134
-17807
21799
-342342
714
-11213
-20033
314664
-714
11215
11677
-183456
294
-4619
-9911
155778
-294
4621
-16085
253008
-462
7267
16969
-266952
630
-9911
-24023
378000
-630
9913
-4409
69468
-168
2647
13021
-205254
714
-11255
-19193
302694
-546
8611
7729
-121926
378
-5963
-9491
149772
-378
5965
-18101
285768
-588
9283
6847
-108150
210
-3317
-5081
80304
-210
3319
22975
-363258
672
-10625
17893
-282996
462
-7307
-28937
457926
-714
11299
5755
-91098
252
-3989
22765
-360696
546
-8651
-19235
304836
-546
8653
6427
-101892
294
-4661
-23477
372456
-924
14659
-24107
382536
-630
9997
10627
-168672
336
-5333
-7097
112686
-336
5335
-58001
921144
-1764
28015
13063
-207522
378
-6005
-9533
151494
-378
6007
-8441
134232
-420
6679
20371
-324198
504
-8021
-16841
268086
-504
8023
-21041
335076
-546
8695
11131
-177282
588
-9365
-26585
423738
-672
10711
-20201
322056
-714
11383
-31457
501606
-756
12055
-15161
241836
-840
13399
673
-10752
42
-671
23395
-375522
798
-12809
24487
-393120
756
-12137
23143
-371700
672
-10793
17179
-275982
630
-10121
11215
-180222
588
-9449
19363
-311262
546
-8777
-14069
226212
-546
8779
20455
-328944
504
-8105
-16925
272244
-504
8107
14491
-233142
462
-7433
-9197
148008
-462
7435
-12053
194082
-420
6763
-14909
240240
-378
6091
22513
-363174
630
-10163
6511
-105084
294
-4745
21169
-341922
546
-8819
-17639
284970
-546
8821
5839
-94374
252
-4073
23899
-386568
714
-11549
12769
-206598
462
-7475
-16295
263718
-462
7477
-26753
433104
-672
10879
-8693
140868
-210
3403
-18353
297612
-588
9535
21211
-344232
546
-8861
-14153
229740
-546
8863
-4493
73038
-168
2731
-37505
609924
-1764
28687
22597
-367542
630
-10247
18103
-294546
462
-7517
-14573
237174
-462
7519
11845
-192864
294
-4787
-10079
164178
-294
4789
-12137
197862
-420
6847
30535
-497994
1764
-28769
23311
-380226
672
-10961
3823
-62412
126
-2057
27553
-450534
714
-11675
-14909
243894
-588
9619
12853
-210294
462
-7559
10795
-176736
336
-5501
-7265
118986
-336
5503
10711
-175476
546
-8945
6973
-114324
210
-3443
30955
-507864
1134
-18605
27595
-452844
714
-11717
20623
-338520
504
-8273
-17093
280644
-504
8275
8359
-137298
294
-4829
16339
-268548
672
-11045
-26921
442554
-672
11047
13273
-218232
378
-6215
-15581
256326
-840
13819
-59009
970872
-1764
29023
-14657
241206
-462
7603
16045
-264096
546
-8987
-21335
351246
-546
8989
22345
-368004
714
-11759
-29399
484260
-714
11761
-21965
361872
-798
13147
3151
-51954
84
-1385
-3149
51996
-84
1387
24151
-399168
714
-11801
19615
-324366
546
-9029
8023
-132804
378
-6257
-15077
249648
-378
6259
23479
-388836
672
-11129
8401
-139188
294
-4871
20707
-343350
504
-8357
-17177
284886
-504
8359
-25955
430584
-714
11845
-24149
400680
-924
15331
-38177
633528
-1344
22303
-38093
632184
-1764
29275
-8777
145740
-210
3487
24907
-413700
756
-12557
16129
-267960
546
-9071
14743
-245238
462
-7685
-15077
250950
-588
9787
-25997
432810
-714
11887
3865
-64386
126
-2099
23899
-398706
798
-13313
16507
-275436
672
-11213
-27089
452088
-672
11215
31207
-520842
1764
-29441
-17933
299376
-546
9115
31291
-522648
1134
-18941
22513
-376068
714
-11927
-20747
346626
-714
11929
11971
-200046
294
-4913
-10205
170604
-294
4915
-16547
276822
-462
7729
17599
-294462
630
-10541
-24653
412566
-630
10543
-4577
76692
-168
2815
13735
-230244
714
-11969
-19739
331044
-546
9157
8107
-135996
378
-6341
-9869
165606
-378
6343
-18689
313740
-588
9871
7057
-118524
210
-3527
-5291
88914
-210
3529
23647
-397530
672
-11297
18355
-308658
462
-7769
-29651
498876
-714
12013
6007
-101094
252
-4241
-19781
333270
-546
9199
6721
-113274
294
-4955
-24401
411516
-924
15583
-24737
417270
-630
10627
10963
-184968
336
-5669
-7433
125454
-336
5671
-59765
1008924
-1764
29779
13441
-226968
378
-6383
-9911
167412
-378
6385
-8861
149772
-420
7099
20875
-353094
504
-8525
-17345
293454
-504
8527
-21587
365358
-546
9241
11719
-198366
588
-9953
-27257
461706
-672
11383
-20915
354354
-714
12097
-16001
271236
-840
14239
715
-12138
42
-713
24193
-412524
798
-13607
25243
-430500
756
-12893
23815
-406308
672
-11465
17809
-303912
630
-10751
11803
-201474
588
-10037
19909
-339948
546
-9323
-14615
249606
-546
9325
20959
-358008
504
-8609
-17429
297780
-504
8611
14953
-255528
462
-7895
-9659
165102
-462
7897
-12473
213318
-420
7183
-15287
261618
-378
6469
23143
-396480
630
-10793
6805
-116634
294
-5039
21715
-372456
546
-9365
-18185
311976
-546
9367
6091
-104538
252
-4325
24613
-422730
714
-12263
13231
-227304
462
-7937
-16757
287952
-462
7939
-27425
471408
-672
11551
-18941
326088
-588
10123
21757
-374850
546
-9407
-14699
253302
-546
9409
-4661
80430
-168
2899
-39269
677880
-1764
30451
23227
-401016
630
-10877
18565
-320628
462
-7979
-15035
259728
-462
7981
12139
-209790
294
-5081
-10373
179340
-294
5083
-12557
217266
-420
7267
32299
-559062
1764
-30533
23983
-415170
672
-11633
3949
-68418
126
-2183
28267
-490476
714
-12389
-15497
269010
-588
10207
13315
-231168
462
-8021
11131
-193368
336
-5837
-7601
132090
-336
5839
11257
-195678
546
-9491
7183
-124950
210
-3653
32089
-558558
1134
-19739
28309
-492870
714
-12431
21127
-367920
504
-8777
-17597
306516
-504
8779
8653
-150780
294
-5123
17011
-296604
672
-11717
-27593
481194
-672
11719
13651
-238098
378
-6593
-16421
286566
-840
14659
-60773
1060668
-1764
30787
-15119
263928
-462
8065
16591
-289674
546
-9533
-21881
382116
-546
9535
23059
-402822
714
-12473
-22763
397782
-798
13945
3235
-56574
84
-1469
-3233
56616
-84
1471
24865
-435834
714
-12515
20161
-353556
546
-9575
8401
-147462
378
-6635
-15455
271362
-378
6637
24151
-424116
672
-11801
8695
-152754
294
-5165
-17681
310926
-504
8863
-26669
469098
-714
12559
-25073
441084
-924
16255
-39521
695352
-1344
23647
-39857
701316
-1764
31039
25663
-451920
756
-13313
16675
-293706
546
-9617
15205
-268128
462
-8147
-15665
276402
-588
10375
-26711
471408
-714
12601
3991
-70476
126
-2225
24697
-436716
798
-14111
17179
-303828
672
-11885
-27761
491064
-672
11887
-18479
326970
-546
9661
32425
-574014
1134
-20075
23227
-411222
714
-12641
-21461
380016
-714
12643
12265
-217224
294
-5207
-10499
186018
-294
5209
-17009
301560
-462
8191
18229
-323232
630
-11171
-25283
448392
-630
11173
-4745
84252
-168
2983
14449
-256662
714
-12683
-20285
360486
-546
9703
8485
-150822
378
-6719
-10247
182196
-378
6721
-19277
342888
-588
10459
7267
-129318
210
-3737
-5501
97944
-210
3739
24319
-433146
672
-11969
18817
-335244
462
-8231
6259
-111594
252
-4493
-20327
362796
-546
9745
7015
-125244
294
-5249
-25325
452424
-924
16507
-25367
453264
-630
11257
11299
-201936
336
-6005
-7769
138894
-336
6007
-61529
1100232
-1764
31543
13819
-247170
378
-6761
-10289
184086
-378
6763
-9281
166152
-420
7519
-17849
319830
-504
9031
-22133
396732
-546
9787
12307
-220626
588
-10541
-27929
501018
-672
12055
-21629
388080
-714
12811
-16841
302316
-840
15079
757
-13608
42
-755
24991
-451122
798
-14405
25999
-469392
756
-13649
24487
-442260
672
-12137
18439
-333102
630
-11381
12391
-223902
588
-10625
20455
-369726
546
-9869
-15161
274092
-546
9871
-17933
324324
-504
9115
15415
-278838
462
-8357
-10121
183120
-462
8359
-12893
233394
-420
7603
-15665
283752
-378
6847
23773
-431046
630
-11423
7099
-128772
294
-5333
22261
-404082
546
-9911
-18731
340074
-546
9913
6343
-115206
252
-4577
25327
-460320
714
-12977
13693
-248934
462
-8399
-17219
313110
-462
8401
-28097
511056
-672
12223
-19529
355740
-588
10711
22303
-406560
546
-9953
-15245
277956
-546
9955
-4829
88158
-168
3067
-41033
749364
-1764
32215
23857
-435750
630
-11507
19027
-347634
462
-8441
-15497
283206
-462
8443
-10667
195090
-294
5377
-12977
237510
-420
7687
34063
-623658
1764
-32297
24655
-451458
672
-12305
4075
-74676
126
-2309
28981
-531846
714
-13103
-16085
295302
-588
10795
13777
-252966
462
-8483
11467
-210672
336
-6173
-7937
145866
-336
6175
11803
-216972
546
-10037
7393
-135996
210
-3863
33223
-611520
1134
-20873
29023
-534324
714
-13145
-18101
333396
-504
9283
8947
-164850
294
-5417
17683
-326004
672
-12389
14029
-258720
378
-6971
-17261
318486
-840
15499
-62537
1153992
-1764
32551
-15581
287574
-462
8527
17137
-316344
546
-10079
-22427
414078
-546
10081
23773
-439068
714
-13187
-23561
435288
-798
14743
3319
-61362
84
-1553
-3317
61404
-84
1555
25579
-473928
714
-13229
20707
-383838
546
-10121
8779
-162876
378
-7013
-15833
293832
-378
7015
24823
-460740
672
-12473
8989
-166908
294
-5459
-18185
337974
-504
9367
-27383
509040
-714
13273
-25997
483336
-924
17179
-40865
759864
-1344
24991
-41621
773976
-1764
32803
26419
-491652
756
-14069
17221
-320544
546
-10163
15667
-291942
462
-8609
-16253
303030
-588
10963
-27425
511434
-714
13315
4117
-76818
126
-2351
25495
-476322
798
-14909
17851
-333564
672
-12557
-19025
355656
-546
10207
33559
-627648
1134
-21209
23941
-447804
714
-13355
-22175
414834
-714
13357
-10793
202020
-294
5503
-17471
327222
-462
8653
18859
-353262
630
-11801
-25913
485478
-630
11803
-4913
92148
-168
3151
15163
-284508
714
-13397
-20831
391020
-546
10249
8863
-166404
378
-7097
-10625
199542
-378
7099
-19865
373212
-588
11047
7477
-140532
210
-3947
-5711
107394
-210
3949
24991
-470106
672
-12641
19279
-362754
462
-8693
6511
-122598
252
-4745
-20873
393414
-546
10291
7309
-137802
294
-5543
-26249
495180
-924
17431
-25997
490518
-630
11887
11635
-219576
336
-6341
-8105
153006
-336
6343
-63293
1195068
-1764
33307
14197
-268128
378
-7139
-10667
201516
-378
7141
-9701
183372
-420
7939
-18353
347214
-504
9535
-22679
429198
-546
10333
12895
-244062
588
-11129
-22343
423234
-714
13525
-17681
335076
-840
15919
799
-15162
42
-797
25789
-491316
798
-15203
26755
-509796
756
-14405
25159
-479556
672
-12809
19069
-363552
630
-12011
12979
-247506
588
-11213
21001
-400596
546
-10415
-15707
299670
-546
10417
-18437
351876
-504
9619
15877
-303072
462
-8819
-10583
202062
-462
8821
-13313
254310
-420
8023
24403
-466872
630
-12053
7393
-141498
294
-5627
22807
-436800
546
-10457
-19277
369264
-546
10459
6595
-126378
252
-4829
26041
-499338
714
-13691
14155
-271488
462
-8861
-17681
339192
-462
8863
-20117
386568
-588
11299
22849
-439362
546
-10499
-15791
303702
-546
10501
-4997
96222
-168
3235
-42797
824376
-1764
33979
24487
-471744
630
-12137
-15959
307608
-462
8905
-10961
211428
-294
5671
-13397
258594
-420
8107
35827
-691782
1764
-34061
25327
-489090
672
-12977
4201
-81186
126
-2435
29695
-574644
714
-13817
-16673
322770
-588
11383
14239
-275688
462
-8945
11803
-228648
336
-6509
-8273
160314
-336
6511
12349
-239358
546
-10583
7603
-147462
210
-4073
34357
-666750
1134
-22007
29737
-577206
714
-13859
-18605
361284
-504
9787
9241
-179508
294
-5711
18355
-356748
672
-13061
14407
-280098
378
-7349
-18101
352086
-840
16339
-64301
1250844
-1764
34315
-16043
312144
-462
8989
17683
-344106
546
-10625
24487
-476742
714
-13901
-24359
474390
-798
15541
3403
-66318
84
-1637
-3401
66360
-84
1639
26293
-513450
714
-13943
21253
-415212
546
-10667
9157
-179046
378
-7391
25495
-498708
672
-13145
9283
-181650
294
-5753
-18689
366030
-504
9871
-28097
550410
-714
13987
-26921
527436
-924
18103
-42209
827064
-1344
26335
-43385
850164
-1764
34567
27175
-532896
756
-14825
17767
-348474
546
-10709
16129
-316680
462
-9071
-16841
330834
-588
11551
-28139
552888
-714
14029
4243
-83412
126
-2477
26293
-517524
798
-15707
18523
-364644
672
-13229
-19571
385434
-546
10753
34693
-683550
1134
-22343
24655
-485814
714
-14069
-22889
451080
-714
14071
-11087
218610
-294
5797
-17933
353808
-462
9115
19489
-384552
630
-12431
-5081
100380
-168
3319
15877
-313782
714
-14111
-21377
422646
-546
10795
9241
-182742
378
-7475
-11003
217644
-378
7477
-20453
404712
-588
11635
7687
-152166
210
-4157
-5921
117264
-210
4159
25663
-508410
672
-13313
6763
-134106
252
-4997
-21419
425124
-546
10837
7603
-150948
294
-5837
-27173
539784
-924
18355
11971
-237888
336
-6677
-8441
167790
-336
6679
14575
-289842
378
-7517
-11045
219702
-378
7519
-10121
201432
-420
8359
-18857
375606
-504
10039
13483
-268674
588
-11717
-23057
459816
-714
14239
-18521
369516
-840
16759
841
-16800
42
-839
26587
-533106
798
-16001
27511
-551712
756
-15161
25831
-518196
672
-13481
19699
-395262
630
-12641
13567
-272286
588
-11801
21547
-432558
546
-10961
-16253
326340
-546
10963
-18941
380436
-504
10123
16339
-328230
462
-9281
-11045
221928
-462
9283
-13733
276066
-420
8443
25033
-503958
630
-12683
7687
-154812
294
-5921
-19823
399546
-546
11005
6847
-138054
252
-5081
26755
-539784
714
-14405
14617
-294966
462
-9323
-18143
366198
-462
9325
-20705
418572
-588
11887
-16337
330540
-546
11047
-5165
104622
-168
3403
-44561
902916
-1764
35743
25117
-508998
630
-12767
-16421
332934
-462
9367
-11255
228354
-294
5965
-13817
280518
-420
8527
37591
-763434
1764
-35825
25999
-528066
672
-13649
4327
-87948
126
-2561
-17261
351414
-588
11971
14701
-299334
462
-9407
12139
-247296
336
-6845
-8609
175434
-336
6847
12895
-262836
546
-11129
7813
-159348
210
-4283
35491
-724248
1134
-23141
-19109
390180
-504
10291
9535
-194754
294
-6005
19027
-388836
672
-13733
14785
-302232
378
-7727
-18941
387366
-840
17179
-66065
1351224
-1764
36079
-16505
337638
-462
9451
18229
-372960
546
-11171
25201
-515844
714
-14615
-25157
515088
-798
16339
3487
-71442
84
-1721
-3485
71484
-84
1723
27007
-554400
714
-14657
21799
-447678
546
-11213
9535
-195972
378
-7769
26167
-538020
672
-13817
9577
-196980
294
-6047
-19193
395094
-504
10375
-28811
593208
-714
14701
-27845
573384
-924
19027
-43553
896952
-1344
27679
-45149
929880
-1764
36331
27931
-575652
756
-15581
18313
-377496
546
-11255
16591
-342342
462
-9533
-17429
359814
-588
12139
-28853
595770
-714
14743
4369
-90258
126
-2603
27091
-560322
798
-16505
19195
-397068
672
-13901
-20117
416304
-546
11299
35827
-741720
1134
-23477
25369
-525252
714
-14783
-23603
488754
-714
14785
-11381
235788
-294
6091
-18395
381318
-462
9577
20119
-417102
630
-13061
-5249
108948
-168
3487
16591
-344484
714
-14825
-21923
455364
-546
11341
9619
-199836
378
-7853
-11381
236502
-378
7855
-21041
437388
-588
12223
7897
-164220
210
-4367
-6131
127554
-210
4369
26335
-548058
672
-13985
7015
-146118
252
-5249
-21965
457926
-546
11383
7897
-164682
294
-6131
-28097
586236
-924
19279
12307
-256872
336
-7013
-8777
183246
-336
7015
14953
-312312
378
-7895
-11423
238644
-378
7897
-10541
220332
-420
8779
-19361
405006
-504
10543
14071
-294462
588
-12305
-23771
497826
-714
14953
-19361
405636
-840
17599
883
-18522
42
-881
27385
-576492
798
-16799
28267
-595140
756
-15917
26503
-558180
672
-14153
20329
-428232
630
-13271
14155
-298242
588
-12389
22093
-465612
546
-11507
-16799
354102
-546
11509
-19445
410004
-504
10627
16801
-354312
462
-9743
-11507
242718
-462
9745
-14153
298662
-420
8863
25663
-542304
630
-13313
7981
-168714
294
-6215
-20369
430920
-546
11551
7099
-150234
252
-5333
27469
-581658
714
-15119
15079
-319368
462
-9785
-18605
394128
-462
9787
-21293
451752
-588
12475
-16883
358470
-546
11593
-5333
113358
-168
3571
-46325
984984
-1764
37507
25747
-547512
630
-13397
-16883
359184
-462
9829
-11549
245868
-294
6259
-14237
303282
-420
8947
39355
-838614
1764
-37589
26671
-568386
672
-14321
4453
-94962
126
-2687
-17849
381234
-588
12559
15163
-323904
462
-9869
12475
-266616
336
-7181
-8945
191226
-336
7183
13441
-287406
546
-11675
8023
-171654
210
-4493
36625
-784014
1134
-24275
-19613
420084
-504
10795
9829
-210588
294
-6299
19699
-422268
672
-14405
15163
-325122
378
-8105
-19781
424326
-840
18019
-67829
1455132
-1764
37843
-16967
364056
-462
9913
18775
-402906
546
-11717
25915
-556374
714
-15329
-25955
557382
-798
17137
27721
-596778
714
-15371
22345
-481236
546
-11759
9913
-213654
378
-8147
26839
-578676
672
-14489
9871
-212898
294
-6341
-19697
425166
-504
10879
-29525
637434
-714
15415
-28769
621180
-924
19951
-44897
969528
-1344
29023
-46913
1013124
-1764
38095
28687
-619920
756
-16337
18859
-407610
546
-11801
17053
-368928
462
-9995
-18017
389970
-588
12727
-29567
640080
-714
15457
4495
-97356
126
-2729
27889
-604716
798
-17303
19867
-430836
672
-14573
-20663
448266
-546
11845
36961
-802158
1134
-24611
26083
-566118
714
-15497
-24317
527856
-714
15499
-11675
253554
-294
6385
-18857
409752
-462
10039
20749
-450912
630
-13691
-5417
117852
-168
3655
17305
-376614
714
-15539
-22469
489174
-546
11887
9997
-217686
378
-8231
-11759
256116
-378
8233
-21629
471240
-588
12811
8107
-176694
210
-4577
-6341
138264
-210
4579
27007
-589050
672
-14657
7267
-158634
252
-5501
-22511
491820
-546
11929
8191
-179004
294
-6425
-29021
634536
-924
20203
12643
-276528
336
-7349
-9113
199374
-336
7351
15331
-335538
378
-8273
-11801
258342
-378
8275
-10961
240072
-420
9199
-19865
435414
-504
11047
14659
-321426
588
-12893
-24485
537264
-714
15667
-20201
443436
-840
18439
925
-20328
42
-923
28183
-621474
798
-17597
29023
-640080
756
-16673
27175
-599508
672
-14825
20959
-462462
630
-13901
14743
-325374
588
-12977
22639
-499758
546
-12053
-17345
382956
-546
12055
-19949
440580
-504
11131
17263
-381318
462
-10205
-11969
264432
-462
10207
-14573
322098
-420
9283
26293
-581910
630
-13943
8275
-183204
294
-6509
-20915
463386
-546
12097
7351
-162918
252
-5585
28183
-624960
714
-15833
15541
-344694
462
-10247
-19067
422982
-462
10249
-21881
486108
-588
13063
-17429
387492
-546
12139
-5501
122430
-168
3739
-48089
1070580
-1764
39271
26377
-587286
630
-14027
-17345
386358
-462
10291
-11843
263970
-294
6553
-14657
326886
-420
9367
41119
-917322
1764
-39353
27343
-610050
672
-14993
4579
-102228
126
-2813
-18437
412230
-588
13147
15625
-349398
462
-10331
12811
-286608
336
-7517
-9281
207690
-336
7519
13987
-313068
546
-12221
8233
-184380
210
-4703
37759
-846048
1134
-25409
-20117
450996
-504
11299
10123
-227010
294
-6593
20371
-457044
672
-15077
15541
-348768
378
-8483
-20621
462966
-840
18859
-69593
1562568
-1764
39607
-17429
391398
-462
10375
19321
-433944
546
-12263
26629
-598332
714
-16043
-26753
601272
-798
17935
28435
-640584
714
-16085
22891
-515886
546
-12305
10291
-232092
378
-8525
27511
-620676
672
-15161
10165
-229404
294
-6635
-20201
456246
-504
11383
-29693
670824
-924
20875
-46241
1044792
-1344
30367
-48677
1099896
-1764
39859
29443
-665700
756
-17093
19405
-438816
546
-12347
17515
-396438
462
-10457
-18605
421302
-588
13315
4621
-104706
126
-2855
28687
-650706
798
-18101
20539
-465948
672
-15245
-21209
481320
-546
12391
38095
-864864
1134
-25745
26797
-608412
714
-16211
-25031
568386
-714
16213
-11969
271908
-294
6679
-19319
439110
-462
10501
21379
-485982
630
-14321
-5585
127092
-168
3823
18019
-410172
714
-16253
10375
-236292
378
-8609
-12137
276486
-378
8611
-22217
506268
-588
13399
8317
-189588
210
-4787
-6551
149394
-210
4789
27679
-631386
672
-15329
7519
-171654
252
-5753
8485
-193914
294
-6719
-29945
684684
-924
21127
12979
-296856
336
-7685
-9449
216174
-336
7687
15709
-359520
378
-8651
-12179
278796
-378
8653
-11381
260652
-420
9619
-20369
466830
-504
11551
15247
-349566
588
-13481
-25199
578130
-714
16381
-21041
482916
-840
19279
967
-22218
42
-965
28981
-668052
798
-18395
29779
-686532
756
-17429
27847
-642180
672
-15497
21589
-497952
630
-14531
15331
-353682
588
-13565
-17891
412902
-546
12601
-20453
472164
-504
11635
17725
-409248
462
-10667
-12431
287070
-462
10669
-14993
346374
-420
9703
8569
-198282
294
-6803
-21461
496944
-546
12643
7603
-176106
252
-5837
28897
-669690
714
-16547
16003
-370944
462
-10709
-22469
521640
-588
13651
-17975
417606
-546
12685
-5669
131838
-168
3907
-49853
1159704
-1764
41035
-17807
414456
-462
10753
-12137
282660
-294
6847
-15077
351330
-420
9787
28015
-653058
672
-15665
4705
-109746
126
-2939
-19025
444402
-588
13735
16087
-375816
462
-10793
13147
-307272
336
-7853
-9617
224826
-336
7855
14533
-339822
546
-12767
8443
-197526
210
-4913
38893
-910350
1134
-26543
-20621
482916
-504
11803
10417
-244020
294
-6887
21043
-493164
672
-15749
-21461
503286
-840
19699
-17891
419664
-462
10837
19867
-466074
546
-12809
27343
-641718
714
-16757
-27551
646758
-798
18733
29149
-685818
714
-16799
10669
-251286
378
-8903
28183
-664020
672
-15833
10459
-246498
294
-6929
-20705
488334
-504
11887
-30617
722316
-924
21799
-47585
1122744
-1344
31711
-50441
1190196
-1764
41623
30199
-712992
756
-17849
19951
-471114
546
-12893
17977
-424872
462
-10919
-19193
453810
-588
13903
4747
-112308
126
-2981
29485
-698292
798
-18899
21211
-502404
672
-15917
-21755
515466
-546
12937
39229
-929838
1134
-26879
27511
-652134
714
-16925
-25745
610344
-714
16927
-12263
290850
-294
6973
22009
-522312
630
-14951
-5753
136668
-168
3991
18733
-445158
714
-16967
10753
-255654
378
-8987
-12515
297612
-378
8989
-22805
542472
-588
13987
8527
-202902
210
-4997
-6761
160944
-210
4999
7771
-185178
252
-6005
8779
-209412
294
-7013
-30869
736680
-924
22051
13315
-317856
336
-8021
-9785
233646
-336
8023
-12557
300006
-378
9031
-11801
282072
-420
10039
-20873
499254
-504
12055
15835
-378882
588
-14069
-25913
620424
-714
17095
-21881
524076
-840
20119
1009
-24192
42
-1007
29779
-716226
798
-19193
30535
-734496
756
-18185
22219
-534702
630
-15161
15919
-383166
588
-14153
-18437
443940
-546
13147
-20957
504756
-504
12139
18187
-438102
462
-11129
-12893
310632
-462
11131
-15413
371490
-420
10123
8863
-213948
294
-7097
-22007
531594
-546
13189
7855
-189798
252
-6089
29611
-715848
714
-17261
16465
-398118
462
-11171
-23057
558348
-588
14239
-18521
448812
-546
13231
-5837
141582
-168
4075
-51617
1252356
-1764
42799
-18269
443478
-462
11215
-15497
376614
-420
10207
4831
-117516
126
-3065
-19613
477750
-588
14323
16549
-403158
462
-11255
13483
-328608
336
-8189
-9953
242634
-336
8191
15079
-367668
546
-13313
8653
-211092
210
-5123
40027
-976920
1134
-27677
-21125
515844
-504
12307
10711
-261618
294
-7181
21715
-530628
672
-16421
-22301
545286
-840
20539
-18353
448854
-462
11299
20413
-499296
546
-13355
28057
-686532
714
-17471
-28349
693840
-798
19531
29863
-732480
714
-17513
11047
-271236
378
-9281
10753
-264180
294
-7223
-31541
775656
-924
22723
-48929
1203384
-1344
33055
-52205
1284024
-1764
43387
30955
-761796
756
-18605
20497
-504504
546
-13439
18439
-454230
462
-11381
-19781
487494
-588
14491
4873
-120162
126
-3107
30283
-747474
798
-19697
21883
-540204
672
-16589
-22301
550704
-546
13483
40363
-997080
1134
-28013
28225
-697284
714
-17639
-26459
653730
-714
17641
22639
-559902
630
-15581
-5921
146580
-168
4159
19447
-481572
714
-17681
11131
-275772
378
-9365
-12893
319494
-378
9367
-23393
579852
-588
14575
8737
-216636
210
-5207
-6971
172914
-210
5209
8023
-199206
252
-6257
9073
-225498
294
-7307
-31793
790524
-924
22975
13651
-339528
336
-8357
-10121
251790
-336
8359
-12935
321972
-378
9409
-12221
304332
-420
10459
16423
-409374
588
-14657
-26627
664146
-714
17809
-22721
566916
-840
20959
1051
-26250
42
-1049
30577
-765996
798
-19991
31291
-783972
756
-18941
22849
-572712
630
-15791
16507
-413826
588
-14741
-18983
476070
-546
13693
18649
-467880
462
-11591
-13355
335118
-462
11593
-15833
397446
-420
10543
9157
-230202
294
-7391
-22553
567336
-546
13735
8107
-203994
252
-6341
16927
-426216
462
-11633
-23645
596232
-588
14827
-19067
481110
-546
13777
-6005
151662
-168
4243
-53381
1348536
-1764
44563
-18731
473424
-462
11677
-15917
402738
-420
10627
4957
-125538
126
-3191
-20201
512274
-588
14911
17011
-431424
462
-11717
13819
-350616
336
-8525
-10289
261114
-336
8527
15625
-396606
546
-13859
41161
-1045758
1134
-28811
11005
-279804
294
-7475
22387
-569436
672
-17093
-23141
588966
-840
21379
-18815
478968
-462
11761
20959
-533610
546
-13901
28771
-732774
714
-18185
-29147
742518
-798
20329
11425
-291942
378
-9659
11047
-282450
294
-7517
-32465
830844
-924
23647
-50273
1286712
-1344
34399
31711
-812112
756
-19361
21043
-538986
546
-13985
18901
-484512
462
-11843
-20369
522354
-588
15079
4999
-128268
126
-3233
31081
-798252
798
-20495
22555
-579348
672
-17261
-22847
587034
-546
14029
41497
-1066590
1134
-29147
28939
-743862
714
-18353
-27173
698544
-714
18355
23269
-598752
630
-16211
-6089
156828
-168
4327
20161
-519414
714
-18395
11509
-296646
378
-9743
-13271
342132
-378
9745
-23981
618408
-588
15163
-7181
185304
-210
5419
8275
-213738
252
-6509
9367
-242172
294
-7601
-32717
846216
-924
23899
13987
-361872
336
-8693
-10457
270606
-336
8695
-13313
344694
-378
9787
-12641
327432
-420
10879
17011
-441042
588
-15245
-27341
709296
-714
18523
-23561
611436
-840
21799
1093
-28392
42
-1091
31375
-817362
798
-20789
23479
-611982
630
-16421
17095
-445662
588
-15329
-19529
509292
-546
14239
19111
-498582
462
-12053
-13817
360528
-462
12055
-16253
424242
-420
10963
9451
-247044
294
-7685
8359
-218694
252
-6593
17389
-455238
462
-12095
-24233
635292
-588
15415
-19613
514500
-546
14323
-6173
162078
-168
4411
-55145
1448244
-1764
46327
-19193
504294
-462
12139
-16337
429702
-420
11047
5083
-133812
126
-3317
-20789
547974
-588
15499
17473
-460614
462
-12179
-10625
280266
-336
8863
16171
-426636
546
-14405
42295
-1116864
1134
-29945
11299
-298578
294
-7769
23059
-609588
672
-17765
-23981
634326
-840
22219
-19277
510006
-462
12223
21505
-569016
546
-14447
29485
-780444
714
-18899
-29945
792792
-798
21127
11803
-313404
378
-10037
11341
-301308
294
-7811
-33389
887880
-924
24571
-51617
1372728
-1344
35743
21589
-574560
546
-14531
19363
-515718
462
-12305
-20957
558390
-588
15667
5125
-136626
126
-3359
31879
-850626
798
-21293
23227
-619836
672
-17933
42631
-1138368
1134
-30281
29653
-791868
714
-19067
-27887
744786
-714
19069
23899
-638862
630
-16841
-6257
167412
-168
4495
20875
-558684
714
-19109
11887
-318276
378
-10121
-13649
365526
-378
10123
-24569
658140
-588
15751
-7391
198114
-210
5629
8527
-228774
252
-6761
9661
-259434
294
-7895
-33641
903756
-924
24823
-10793
290094
-336
9031
-13691
368172
-378
10165
-13061
351372
-420
11299
17599
-473886
588
-15833
-28055
755874
-714
19237
-24401
657636
-840
22639
1135
-30618
42
-1133
32173
-870324
798
-21587
24109
-652512
630
-17051
17683
-478674
588
-15917
-20075
543606
-546
14785
-14279
386862
-462
12517
-16673
451878
-420
11383
9745
-264474
294
-7979
8611
-233898
252
-6845
17851
-485184
462
-12557
-20159
548982
-546
14869
-6341
172830
-168
4579
-16757
457506
-420
11467
5209
-142338
126
-3443
-21377
584850
-588
16087
17935
-490728
462
-12641
-10961
300090
-336
9199
16717
-457758
546
-14951
43429
-1190238
1134
-31079
11593
-317940
294
-8063
23731
-651084
672
-18437
-24821
681366
-840
23059
22051
-605514
546
-14993
-30743
844662
-798
21925
12181
-335622
378
-10415
11635
-320754
294
-8105
-34313
946764
-924
25495
-52961
1461432
-1344
37087
22135
-611226
546
-15077
-21545
595602
-588
16255
5251
-145236
126
-3485
32677
-904596
798
-22091
23899
-661668
672
-18605
43765
-1212414
1134
-31415
-28601
792456
-714
19783
24529
-680232
630
-17471
-6425
178332
-168
4663
21589
-599382
714
-19823
12265
-340662
378
-10499
-14027
389676
-378
10501
-7601
211344
-210
5839
8779
-244314
252
-7013
9955
-277284
294
-8189
-34565
963144
-924
25747
-11129
310254
-336
9367
-14069
392406
-378
10543
-13481
376152
-420
11719
18187
-507906
588
-16421
-28769
803880
-714
19951
-25241
705516
-840
23479
1177
-32928
42
-1175
32971
-924882
798
-22385
24739
-694302
630
-17681
18271
-512862
588
-16505
-20621
579012
-546
15331
-14741
414120
-462
12979
-17093
480354
-420
11803
10039
-282492
294
-8273
8863
-249606
252
-7097
18313
-516054
462
-13019
-20705
584556
-546
15415
-6509
183918
-168
4747
-17177
486150
-420
11887
-21965
622902
-588
16675
18397
-521766
462
-13103
-11297
320586
-336
9535
17263
-489972
546
-15497
44563
-1265880
1134
-32213
11887
-337890
294
-8357
24403
-693924
672
-19109
-25661
730086
-840
23899
22597
-643104
546
-15539
-31541
898128
-798
22723
12559
-358596
378
-10793
11929
-340788
294
-8399
-35237
1007496
-924
26419
-54305
1552824
-1344
38431
22681
-648984
546
-15623
-22133
633990
-588
16843
33475
-960162
798
-22889
24571
-704844
672
-19277
44899
-1288728
1134
-32549
-29315
841554
-714
20497
25159
-722862
630
-18101
-6593
189588
-168
4831
22303
-641508
714
-20537
12643
-363804
378
-10877
-14405
414582
-378
10879
-7811
224994
-210
6049
9031
-260358
252
-7265
10249
-295722
294
-8483
-35489
1024380
-924
26671
-11465
331086
-336
9703
-14447
417396
-378
10921
-13901
401772
-420
12139
18775
-543102
588
-17009
-29483
853314
-714
20665
-26081
755076
-840
24319
1219
-35322
42
-1217
25369
-737352
630
-18311
18859
-548226
588
-17093
-21167
615510
-546
15877
-15203
442302
-462
13441
-17513
509670
-420
12223
10333
-301098
294
-8567
9115
-265818
252
-7349
18775
-547848
462
-13481
-21251
621222
-546
15961
-6677
195342
-168
4915
-17597
515634
-420
12307
-22553
662130
-588
17263
18859
-553728
462
-13565
-11633
341754
-336
9871
17809
-523278
546
-16043
45697
-1343790
1134
-33347
12181
-358428
294
-8651
25075
-738108
672
-19781
-26501
780486
-840
24739
-32339
953190
-798
23521
12937
-382326
378
-11171
12223
-361410
294
-8693
-36161
1070076
-924
27343
-55649
1646904
-1344
39775
-22721
673554
-588
17431
25243
-749364
672
-19949
46033
-1367310
1134
-33683
25789
-766752
630
-18731
-6761
201180
-168
4999
23017
-685062
714
-21251
13021
-387702
378
-11255
-14783
440244
-378
11257
-8021
239064
-210
6259
9283
-276906
252
-7517
10543
-314748
294
-8777
-36413
1087464
-924
27595
-11801
352590
-336
10039
-14825
443142
-378
11299
-14321
428232
-420
12559
19363
-579474
588
-17597
-26921
806316
-840
25159
1261
-37800
42
-1259
25999
-781662
630
-18941
19447
-584766
588
-17681
-21713
653100
-546
16423
-15665
471408
-462
13903
10627
-320292
294
-8861
9367
-282534
252
-7601
19237
-580566
462
-13943
-21797
658980
-546
16507
-6845
207102
-168
5083
-23141
702534
-588
17851
19321
-586614
462
-14027
-11969
363594
-336
10207
18355
-557676
546
-16589
46831
-1423968
1134
-34481
25747
-783636
672
-20453
-27341
832566
-840
25579
-33137
1009848
-798
24319
13315
-406812
378
-11549
-37085
1134504
-924
28267
-23309
714294
-588
18019
25915
-795228
672
-20621
47167
-1448160
1134
-34817
26419
-811902
630
-19361
-6929
213108
-168
5167
23731
-730044
714
-21965
13399
-412356
378
-11633
-15161
466662
-378
11635
-8231
253554
-210
6469
9535
-293958
252
-7769
10837
-334362
294
-9071
-37337
1152396
-924
28519
-12137
374766
-336
10375
-15203
469644
-378
11677
-14741
455532
-420
12979
19951
-617022
588
-18185
-27761
859236
-840
25999
1303
-40362
42
-1301
20035
-622482
588
-18269
-22259
691782
-546
16969
-16127
501438
-462
14365
10921
-340074
294
-9155
9619
-299754
252
-7853
-22343
697830
-546
17053
-7013
219198
-168
5251
-23729
744114
-588
18439
-12305
386106
-336
10543
18901
-593166
546
-17135
26419
-830508
672
-21125
-28181
886326
-840
26419
13693
-432054
378
-11927
-38009
1200780
-924
29191
-23897
756210
-588
18607
26587
-842436
672
-21293
24445
-776454
714
-22679
13777
-437766
378
-12011
-15539
493836
-378
12013
-8441
268464
-210
6679
9787
-311514
252
-8021
11131
-354564
294
-9365
-38261
1219176
-924
29443
-12473
397614
-336
10711
-15581
496902
-378
12055
-15161
483672
-420
13399
20539
-655746
588
-18773
-28601
913836
-840
26839
1345
-43008
42
-1343
20623
-661374
588
-18857
-22805
731556
-546
17515
-16589
532392
-462
14827
11215
-360444
294
-9449
9871
-317478
252
-8105
-22889
737772
-546
17599
-24317
786870
-588
19027
-12641
409290
-336
10879
19447
-629748
546
-17681
27091
-878724
672
-21797
-29021
941766
-840
27259
14071
-458052
378
-12305
-24485
799302
-588
19195
27259
-890988
672
-21965
25159
-824292
714
-23393
14155
-463932
378
-12389
-8651
283794
-210
6889
10039
-329574
252
-8273
11425
-375354
294
-9659
-12809
421134
-336
11047
-15581
512652
-420
13819
21127
-695646
588
-19361
-29441
970116
-840
27679
1387
-45738
42
-1385
21211
-701442
588
-19445
-17051
564270
-462
15289
11509
-381402
294
-9743
10123
-335706
252
-8357
-12977
433146
-336
11215
19993
-667422
546
-18227
27763
-928284
672
-22469
-29861
998886
-840
28099
14449
-484806
378
-12683
27931
-940884
672
-22637
25873
-873558
714
-24107
14533
-490854
378
-12767
10291
-348138
252
-8525
11719
-396732
294
-9953
-13145
445326
-336
11383
-16001
542472
-420
14239
21715
-736722
588
-19949
-30281
1028076
-840
28519
1429
-48552
42
-1427
21799
-742686
588
-20033
-17513
597072
-462
15751
11803
-402948
294
-10037
10375
-354438
252
-8609
-13313
457674
-336
11551
20539
-706188
546
-18773
-30701
1057686
-840
28939
14827
-512316
378
-13061
26587
-924252
714
-24821
14911
-518532
378
-13145
10543
-367206
252
-8777
12013
-418698
294
-10247
-13481
470190
-336
11719
-16421
573132
-420
14659
22303
-778974
588
-20537
-31121
1087716
-840
29359
1471
-51450
42
-1469
22387
-785106
588
-20621
-17975
630798
-462
16213
12097
-425082
294
-10331
-13649
482874
-336
11887
21085
-746046
546
-19319
-31541
1118166
-840
29779
15205
-540582
378
-13439
27301
-976374
714
-25535
15289
-546966
378
-13523
12307
-441252
294
-10541
-13817
495726
-336
12055
-16841
604632
-420
15079
22891
-822402
588
-21125
-31961
1149036
-840
30199
1513
-54432
42
-1511
22975
-828702
588
-21209
-18437
665448
-462
16675
-13985
508746
-336
12223
21631
-786996
546
-19865
-32381
1180326
-840
30619
15583
-569604
378
-13817
28015
-1029924
714
-26249
15667
-576156
378
-13901
-17261
636972
-420
15499
23479
-867006
588
-21713
-32801
1212036
-840
31039
1555
-57498
42
-1553
23563
-873474
588
-21797
-18899
701022
-462
17137
22177
-829038
546
-20411
-33221
1244166
-840
31459
28729
-1084902
714
-26963
24067
-912786
588
-22301
-33641
1276716
-840
31879
1597
-60648
42
-1595
24151
-919422
588
-22385
-19361
737520
-462
17599
22723
-872172
546
-20957
-34061
1309686
-840
32299
29443
-1141308
714
-27677
24655
-959742
588
-22889
-34481
1343076
-840
32719
1639
-63882
42
-1637
-34901
1376886
-840
33139
1681
-67200
42
-1679
1723
-70602
42
-1721
