1
14
0
1
-195
14
-14
1
995
-154
84
-13
603
-112
70
-13
-811
168
-140
29
449
-98
252
-55
603
-140
56
-13
-209
56
-56
15
407
-126
42
-13
-811
280
-84
29
505
-182
308
-111
1415
-518
112
-41
617
-238
70
-27
-811
336
-70
29
211
-98
28
-13
-209
112
-28
15
239
-140
70
-41
-433
266
-70
43
-265
168
-112
71
2283
-1456
196
-125
-713
462
-196
127
-223
154
-42
29
631
-462
56
-41
-237
182
-56
43
1919
-1498
196
-153
-1133
896
-196
155
-447
364
-70
57
-265
224
-84
71
15
-14
14
-13
1079
-1246
84
-97
673
-798
70
-83
-951
1148
-140
169
701
-854
252
-307
659
-812
56
-69
-265
336
-56
71
449
-588
42
-55
-895
1204
-84
113
813
-1106
308
-419
1527
-2086
112
-153
687
-952
70
-97
-881
1246
-70
99
239
-350
28
-41
-237
364
-28
43
309
-490
70
-111
-503
812
-70
113
-377
616
-112
183
-909
1498
-196
323
-265
448
-42
71
687
-1190
56
-97
-293
518
-56
99
-1329
2380
-196
351
-517
938
-70
127
-349
644
-84
155
29
-56
14
-27
1163
-2506
84
-181
743
-1624
70
-153
-1091
2408
-140
309
953
-2114
252
-559
715
-1596
56
-125
-321
728
-56
127
491
-1134
42
-97
757
-1806
70
-167
-951
2296
-70
169
267
-658
28
-69
-265
672
-28
71
379
-980
70
-181
-573
1498
-70
183
-489
1288
-112
295
-1105
2926
-196
519
-307
826
-42
113
743
-2030
56
-153
-349
966
-56
155
-1525
4256
-196
547
-587
1652
-70
197
-433
1232
-84
239
43
-126
14
-41
813
-2590
70
-223
-1231
3948
-140
449
1205
-3878
252
-811
771
-2492
56
-181
-377
1232
-56
183
533
-1764
42
-139
827
-2800
70
-237
295
-1022
28
-97
-293
1036
-28
99
449
-1610
70
-251
-643
2324
-70
253
-601
2184
-112
407
-1301
4746
-196
715
-349
1288
-42
155
-405
1526
-56
211
-1721
6524
-196
743
-657
2506
-70
267
-517
1988
-84
323
57
-224
14
-55
883
-3696
70
-293
-433
1848
-56
239
575
-2478
42
-181
897
-3934
70
-307
323
-1442
28
-125
-321
1456
-28
127
519
-2380
70
-321
-713
3290
-70
323
-713
3304
-112
519
-1497
6958
-196
911
-391
1834
-42
197
-461
2198
-56
267
-1917
9184
-196
939
-727
3500
-70
337
-601
2912
-84
407
71
-350
14
-69
953
-4942
70
-363
-489
2576
-56
295
967
-5208
70
-377
351
-1918
28
-153
-349
1932
-28
155
589
-3290
70
-391
-783
4396
-70
393
-825
4648
-112
631
-1693
9562
-196
1107
-433
2464
-42
239
-517
2982
-56
323
-797
4634
-70
407
-685
4004
-84
491
85
-504
14
-83
-545
3416
-56
351
379
-2450
28
-181
-377
2464
-28
183
659
-4340
70
-461
-853
5642
-70
463
-937
6216
-112
743
-1889
12558
-196
1303
-475
3178
-42
281
-573
3878
-56
379
-867
5908
-70
477
-769
5264
-84
575
99
-686
14
-97
-601
4368
-56
407
729
-5530
70
-531
-923
7028
-70
533
-1049
8008
-112
855
-2085
15946
-196
1499
-517
3976
-42
323
-629
4886
-56
435
-937
7322
-70
547
-853
6692
-84
659
113
-896
14
-111
-657
5432
-56
463
799
-6860
70
-601
-1161
10024
-112
967
-2281
19726
-196
1695
-559
4858
-42
365
-685
6006
-56
491
-937
8288
-84
743
127
-1134
14
-125
-713
6608
-56
519
869
-8330
70
-671
-1273
12264
-112
1079
-741
7238
-56
547
-1021
10052
-84
827
141
-1400
14
-139
-769
7896
-56
575
939
-9940
70
-741
-1385
14728
-112
1191
-1105
11984
-84
911
155
-1694
14
-153
-1497
17416
-112
1303
169
-2016
14
-167
183
-2366
14
-181
