1
11
0
1
-120
11
-11
1
-505
88
-132
23
749
-143
110
-21
-252
55
-55
12
-505
132
-88
23
-274
77
-121
34
254
-77
33
-10
650
-231
121
-43
-769
286
-121
45
144
-55
55
-21
-263
110
-55
23
-274
121
-77
34
419
-187
121
-54
23
-11
44
-21
1079
-594
198
-109
650
-363
77
-43
397
-231
55
-32
-516
319
-55
34
-593
374
-176
111
287
-187
66
-43
-142
99
-33
23
-351
253
-154
111
-329
242
-121
89
408
-319
55
-43
584
-473
121
-98
-945
781
-121
100
12
-11
11
-10
-307
374
-55
67
-593
748
-88
111
-395
506
-121
155
287
-374
33
-43
771
-1045
121
-164
-890
1221
-121
166
199
-275
55
-76
-318
451
-55
78
-351
506
-77
111
540
-781
121
-175
67
-99
44
-65
1277
-1980
198
-307
727
-1133
77
-120
452
-715
55
-87
-571
924
-55
89
-769
1254
-176
287
353
-583
66
-109
-175
297
-33
56
-505
869
-154
265
-450
781
-121
210
463
-825
55
-98
705
-1276
121
-219
-1066
1947
-121
221
23
-44
11
-21
-362
803
-55
122
320
-737
33
-76
892
-2101
121
-285
-1011
2398
-121
287
254
-605
55
-131
-373
902
-55
133
-428
1045
-77
188
661
-1617
121
-296
111
-275
44
-109
1475
-3762
198
-505
804
-2057
77
-197
507
-1309
55
-142
-208
561
-33
89
-571
1562
-121
331
518
-1441
55
-153
826
-2321
121
-340
-1187
3355
-121
342
34
-99
11
-32
-417
1342
-55
177
353
-1166
33
-109
1013
-3399
121
-406
309
-1045
55
-186
-428
1463
-55
188
-505
1738
-77
265
782
-2695
121
-417
562
-2013
55
-197
-241
891
-33
122
-692
2585
-121
452
573
-2167
55
-208
947
-3608
121
-461
45
-176
11
-43
-472
1991
-55
232
364
-1595
55
-241
-483
2134
-55
243
-582
2585
-77
342
903
-4015
121
-538
-274
1287
-33
155
-813
3850
-121
573
1068
-5137
121
-582
56
-275
11
-54
-527
2750
-55
287
419
-2255
55
-296
-538
2915
-55
298
-659
3586
-77
419
-307
1749
-33
188
1189
-6908
121
-703
67
-396
11
-65
-582
3619
-55
342
474
-3025
55
-351
-593
3806
-55
353
-736
4741
-77
496
-340
2277
-33
221
78
-539
11
-76
529
-3905
55
-406
-813
6050
-77
573
89
-704
11
-87
584
-4895
55
-461
100
-891
11
-98
111
-1100
11
-109
