1
38
0
1
-1443
38
-38
1
24587
-1330
684
-37
15923
-912
646
-37
4371
-266
608
-37
2927
-190
570
-37
4371
-304
532
-37
10147
-760
494
-37
-5851
456
-988
77
49249
-3914
1900
-151
15923
-1292
456
-37
10185
-874
874
-75
11591
-1026
418
-37
-13033
1216
-418
39
10147
-988
380
-37
-1481
152
-380
39
11591
-1254
342
-37
36215
-4142
988
-113
20293
-2356
646
-75
4371
-532
304
-37
-1481
190
-304
39
36291
-4750
1444
-189
-18961
2508
-1444
191
-18847
2546
-570
77
4371
-608
266
-37
-7257
1064
-266
39
14517
-2204
494
-75
-5851
912
-494
77
7259
-1178
228
-37
11743
-2014
1102
-189
29033
-5016
874
-151
14555
-2546
646
-113
2965
-532
418
-75
16151
-2964
1444
-265
11933
-2204
2052
-379
10223
-1900
608
-113
-18885
3572
-608
115
2927
-570
190
-37
-1481
304
-190
39
7335
-1558
532
-113
-15997
3458
-532
115
-4521
988
-874
191
-1519
342
-342
77
17443
-3990
494
-113
-15997
3724
-494
115
7563
-1786
1444
-341
37925
-9006
1596
-379
4371
-1064
152
-37
-1481
380
-152
39
20369
-5396
570
-151
11667
-3154
418
-113
-10221
2812
-418
115
2965
-836
266
-75
-3039
874
-532
153
69997
-20292
2356
-683
33479
-9728
912
-265
18963
-5548
646
-189
10223
-3040
380
-113
24815
-7524
874
-265
16037
-4902
494
-151
-1595
494
-494
153
-13185
4142
-608
191
2927
-950
114
-37
25043
-8550
1444
-493
-30817
10564
-1444
495
10527
-3610
1216
-417
11933
-4104
1102
-379
36443
-12578
988
-341
10413
-3610
874
-303
-29183
10184
-874
305
16113
-5662
646
-227
-6003
2128
-646
229
13149
-4750
418
-151
-7371
2698
-418
153
10223
-3800
304
-113
-7333
2774
-304
115
3079
-1178
494
-189
-4521
1748
-494
191
4675
-1824
874
-341
-9005
3534
-874
343
-13413
5282
-1064
419
-24091
9500
-2508
989
-4901
1938
-1444
571
-4407
1786
-190
77
-4597
1900
-646
267
-1633
684
-456
191
7335
-3116
266
-113
-5889
2546
-266
115
11705
-5168
342
-151
-14743
6574
-684
305
29869
-13376
2204
-987
27779
-12464
760
-341
5967
-2698
418
-189
-3077
1406
-418
191
10337
-4750
494
-227
-3115
1444
-494
229
14745
-6916
646
-303
-19075
9006
-646
305
1483
-722
76
-37
-1481
760
-76
39
6119
-3230
646
-341
-10449
5548
-646
343
16151
-8664
494
-265
-8929
4826
-494
267
13225
-7182
418
-227
-10335
5662
-418
229
-1861
1026
-760
419
34011
-18772
1444
-797
-22457
12426
-1444
799
-1633
912
-342
191
4485
-2546
266
-151
-3039
1748
-266
153
16151
-9386
456
-265
20597
-12084
646
-379
3003
-1786
190
-113
-8891
5358
-380
229
-5205
3154
-1444
875
28083
-17024
1064
-645
25081
-15238
874
-531
-29411
17936
-874
533
14745
-9044
494
-303
-16187
9994
-494
305
4523
-2812
304
-189
-1633
1026
-304
191
8931
-5662
418
-265
-3153
2014
-418
267
19191
-12388
646
-417
-9081
5890
-646
419
4903
-3192
874
-569
-23673
15466
-874
571
-2089
1368
-988
647
-31045
20368
-1102
723
-36897
24244
-1216
799
-24851
16340
-2660
1749
3041
-2014
228
-151
-1519
1026
-114
77
10527
-7220
608
-417
17671
-12198
494
-341
-3229
2242
-494
343
-9271
6460
-874
609
-4597
3230
-380
267
-6231
4408
-646
457
-2089
1482
-912
647
11135
-7904
1444
-1025
-45789
32566
-1444
1027
-7409
5320
-266
191
6081
-4408
418
-303
-4635
3382
-418
305
-1861
1368
-570
419
4447
-3306
152
-113
-1557
1178
-152
115
8323
-6346
1444
-1101
6765
-5168
1292
-987
3269
-2508
494
-379
-1823
1406
-494
381
11819
-9158
342
-265
29565
-23104
874
-683
4751
-3724
532
-417
-13413
10564
-532
419
5929
-4712
190
-151
-4483
3610
-190
153
4827
-3914
608
-493
-13489
10982
-608
495
17063
-13908
1444
-1177
9349
-7638
836
-683
-13337
10944
-418
343
-10639
8778
-646
533
-5053
4180
-874
723
-31235
25878
-1102
913
-1633
1368
-228
191
13415
-11324
494
-417
-4749
4028
-494
419
3117
-2660
266
-227
-6003
5168
-266
229
3383
-2926
570
-493
-24091
20900
-1140
989
15961
-13870
1748
-1519
10375
-9044
304
-265
-7485
6574
-304
267
-4901
4332
-646
571
-2317
2052
-988
875
-1747
1558
-342
305
13339
-11970
380
-341
-4673
4218
-380
343
3269
-2964
418
-379
-4711
4294
-418
381
-23901
21850
-874
799
-1861
1710
-456
419
14327
-13186
1444
-1329
-43205
39824
-1444
1331
-9119
8436
-494
457
-16377
15238
-532
495
-19303
18050
-570
533
-19341
18164
-608
571
-9271
8740
-646
609
-2089
1976
-684
647
39
-38
38
-37
25271
-26638
684
-721
16569
-17518
646
-683
4979
-5282
608
-645
3497
-3724
570
-607
4903
-5244
532
-569
10641
-11438
494
-531
-6839
7372
-988
1065
51149
-55214
1900
-2051
16379
-17708
456
-493
11059
-12008
874
-949
12009
-13072
418
-455
-13451
14706
-418
457
10527
-11552
380
-417
-1861
2052
-380
419
11933
-13224
342
-379
37203
-41458
988
-1101
20939
-23370
646
-721
4675
-5244
304
-341
-1785
2014
-304
343
37735
-42674
1444
-1633
-20405
23104
-1444
1635
-19417
22040
-570
647
4637
-5282
266
-303
-7523
8626
-266
305
15011
-17290
494
-569
-6345
7334
-494
571
7487
-8702
228
-265
12845
-15048
1102
-1291
29907
-35074
874
-1025
15201
-17860
646
-759
3383
-3990
418
-493
17595
-20824
1444
-1709
13985
-16568
2052
-2431
10831
-12844
608
-721
-19493
23180
-608
723
3117
-3724
190
-227
-1671
2014
-190
229
7867
-9538
532
-645
-16529
20102
-532
647
-5395
6574
-874
1065
-1861
2280
-342
419
17937
-22040
494
-607
-16491
20330
-494
609
9007
-11134
1444
-1785
39521
-48906
1596
-1975
4523
-5624
152
-189
-1633
2052
-152
191
20939
-26486
570
-721
12085
-15352
418
-531
-10639
13566
-418
533
3231
-4142
266
-341
-3571
4598
-532
685
72353
-93328
2356
-3039
34391
-44384
912
-1177
19609
-25346
646
-835
10603
-13756
380
-493
25689
-33478
874
-1139
16531
-21584
494
-645
-2089
2736
-494
647
-13793
18126
-608
799
3041
-4028
114
-151
26487
-35530
1444
-1937
-32261
43320
-1444
1939
11743
-15770
1216
-1633
13035
-17518
1102
-1481
37431
-50350
988
-1329
11287
-15200
874
-1177
-30057
40546
-874
1179
16759
-22648
646
-873
-6649
9006
-646
875
13567
-18468
418
-569
-7789
10640
-418
571
10527
-14440
304
-417
-7637
10526
-304
419
3573
-4940
494
-683
-5015
6954
-494
685
5549
-7714
874
-1215
-9879
13756
-874
1217
-14477
20178
-1064
1483
-26599
37088
-2508
3497
-6345
8854
-1444
2015
-4597
6460
-190
267
-5243
7410
-646
913
-2089
2964
-456
647
7601
-10830
266
-379
-6155
8816
-266
381
12047
-17366
342
-493
-15427
22306
-684
989
32073
-46436
2204
-3191
28539
-41344
760
-1101
6385
-9272
418
-607
-3495
5092
-418
609
10831
-15808
494
-721
-3609
5282
-494
723
15391
-22610
646
-949
-19721
29032
-646
951
1559
-2318
76
-113
-1557
2356
-76
115
6765
-10336
646
-987
-11095
16986
-646
989
16645
-25574
494
-759
-9423
14516
-494
761
13643
-21052
418
-645
-10753
16644
-418
647
-2621
4066
-760
1179
35455
-55024
1444
-2241
-23901
37126
-1444
2243
-1975
3078
-342
533
4751
-7448
266
-417
-3305
5206
-266
419
16607
-26258
456
-721
21243
-33706
646
-1025
3193
-5092
190
-303
-9271
14858
-380
609
-6649
10678
-1444
2319
29147
-46816
1064
-1709
25955
-41724
874
-1405
-30285
48754
-874
1407
15239
-24586
494
-797
-16681
26980
-494
799
4827
-7828
304
-493
-1937
3154
-304
495
9349
-15276
418
-683
-3571
5852
-418
685
19837
-32642
646
-1063
-9727
16036
-646
1065
5777
-9538
874
-1443
-24547
40584
-874
1445
-3077
5092
-988
1635
-32147
53238
-1102
1825
-38113
63156
-1216
2015
-27511
45600
-2660
4409
3269
-5434
228
-379
-1633
2736
-114
191
11135
-18772
608
-1025
18165
-30704
494
-835
-3723
6308
-494
837
-10145
17214
-874
1483
-4977
8474
-380
647
-6877
11742
-646
1103
-3001
5130
-912
1559
12579
-21508
1444
-2469
-47233
80826
-1444
2471
-7675
13186
-266
457
6499
-11210
418
-721
-5053
8740
-418
723
-2431
4218
-570
989
4599
-8018
152
-265
-1709
3002
-152
267
9767
-17214
1444
-2545
8057
-14212
1292
-2279
3763
-6650
494
-873
-2317
4104
-494
875
12161
-21584
342
-607
30439
-54226
874
-1557
5283
-9424
532
-949
-13945
24928
-532
951
6119
-10982
190
-341
-4673
8436
-190
343
5435
-9842
608
-1101
-14097
25574
-608
1103
18507
-33592
1444
-2621
10185
-18506
836
-1519
-13755
25042
-418
761
-11285
20596
-646
1179
-5927
10830
-874
1597
-32337
59128
-1102
2015
-1861
3420
-228
419
13909
-25650
494
-911
-5243
9690
-494
913
3383
-6270
266
-493
-6269
11666
-266
495
3953
-7372
570
-1063
-25231
47120
-1140
2129
17709
-33098
1748
-3267
10679
-19988
304
-569
-7789
14630
-304
571
-5547
10450
-646
1217
-3305
6232
-988
1863
-2089
3952
-342
647
13719
-26030
380
-721
-5053
9614
-380
723
3687
-7030
418
-797
-5129
9804
-418
799
-24775
47424
-874
1673
-2317
4446
-456
875
15771
-30286
1444
-2773
-44649
85804
-1444
2775
-9613
18506
-494
951
-16909
32642
-532
1027
-19873
38456
-570
1103
-19949
38684
-608
1179
-9917
19266
-646
1255
-2773
5396
-684
1331
77
-152
38
-75
25955
-53314
684
-1405
17215
-35416
646
-1329
5587
-11514
608
-1253
4067
-8398
570
-1177
5435
-11248
532
-1101
11135
-23104
494
-1025
-7827
16264
-988
2053
53049
-110314
1900
-3951
16835
-35036
456
-949
11933
-24890
874
-1823
12427
-25954
418
-873
-13869
29032
-418
875
10907
-22876
380
-797
-2241
4712
-380
799
12275
-25878
342
-721
21585
-45676
646
-1367
4979
-10564
304
-645
-2089
4446
-304
647
39179
-83486
1444
-3077
-21849
46588
-1444
3079
-19987
42674
-570
1217
4903
-10488
266
-569
-7789
16720
-266
571
15505
-33364
494
-1063
-6839
14744
-494
1065
7715
-16682
228
-493
13947
-30286
1102
-2393
30781
-66880
874
-1899
15847
-34466
646
-1405
3801
-8284
418
-911
19039
-41572
1444
-3153
16037
-35036
2052
-4483
11439
-25004
608
-1329
-20101
44004
-608
1331
3307
-7258
190
-417
-1861
4104
-190
419
8399
-18582
532
-1177
-17061
37810
-532
1179
-6269
13908
-874
1939
-2203
4902
-342
761
18431
-41078
494
-1101
-16985
37924
-494
1103
10451
-23370
1444
-3229
41117
-91998
1596
-3571
4675
-10488
152
-341
-1785
4028
-152
343
21509
-48716
570
-1291
12503
-28386
418
-949
-11057
25156
-418
951
3497
-7980
266
-607
20255
-46436
646
-1481
10983
-25232
380
-873
26563
-61180
874
-2013
17025
-39254
494
-1139
-2583
5966
-494
1141
-14401
33326
-608
1407
3155
-7334
114
-265
27931
-65398
1444
-3381
-33705
78964
-1444
3383
12959
-30362
1216
-2849
14137
-33136
1102
-2583
12161
-28538
874
-2051
-30931
72656
-874
2053
17405
-40926
646
-1519
-7295
17176
-646
1521
13985
-33022
418
-987
-8207
19418
-418
989
10831
-25688
304
-721
-7941
18886
-304
723
4067
-9690
494
-1177
-5509
13148
-494
1179
6423
-15352
874
-2089
-10753
25726
-874
2091
-15541
37202
-1064
2547
-29107
69692
-2508
6005
-7789
18658
-1444
3459
-4787
11514
-190
457
-5889
14212
-646
1559
-2545
6156
-456
1103
7867
-19076
266
-645
-6421
15618
-266
647
12389
-30248
342
-835
6803
-16682
418
-1025
-3913
9614
-418
1027
11325
-27854
494
-1215
-4103
10108
-494
1217
16037
-39596
646
-1595
-20367
50350
-646
1597
1635
-4066
76
-189
-1633
4104
-76
191
7411
-18734
646
-1633
-11741
29716
-646
1635
17139
-43472
494
-1253
-9917
25194
-494
1255
14061
-35758
418
-1063
-11171
28462
-418
1065
-3381
8626
-760
1939
36899
-94164
1444
-3685
-25345
64714
-1444
3687
-2317
5928
-342
875
5017
-12882
266
-683
-3571
9196
-266
685
17063
-44042
456
-1177
21889
-56620
646
-1671
3383
-8778
190
-493
-9651
25118
-380
989
-8093
21090
-1444
3763
30211
-78736
1064
-2773
26829
-69958
874
-2279
-31159
81320
-874
2281
15733
-41116
494
-1291
-17175
44954
-494
1293
5131
-13452
304
-797
-2241
5890
-304
799
9767
-25726
418
-1101
-3989
10526
-418
1103
20483
-54188
646
-1709
-10373
27474
-646
1711
6651
-17632
874
-2317
-25421
67450
-874
2319
-4065
10792
-988
2623
-33249
88312
-1102
2927
-39329
104500
-1216
3231
-30171
80180
-2660
7069
3497
-9310
228
-607
-1747
4674
-114
305
11743
-31540
608
-1633
18659
-50198
494
-1329
-4217
11362
-494
1331
-11019
29716
-874
2357
-5357
14478
-380
1027
-7523
20368
-646
1749
-3913
10602
-912
2471
14023
-38000
1444
-3913
-48677
131974
-1444
3915
-7941
21584
-266
723
6917
-18848
418
-1139
-5471
14934
-418
1141
-3001
8208
-570
1559
4751
-13034
152
-417
-1861
5130
-152
419
11211
-30970
1444
-3989
9349
-25840
1292
-3571
4257
-11780
494
-1367
-2811
7790
-494
1369
12503
-34694
342
-949
31313
-87096
874
-2431
5815
-16188
532
-1481
-14477
40356
-532
1483
6309
-17632
190
-531
-4863
13642
-190
533
6043
-16986
608
-1709
-14705
41382
-608
1711
19951
-56164
1444
-4065
11021
-31046
836
-2355
-14173
39976
-418
1179
-11931
33706
-646
1825
-6801
19228
-874
2471
-33439
94582
-1102
3117
-2089
5928
-228
647
14403
-40964
494
-1405
-5737
16340
-494
1407
3649
-10412
266
-759
-6535
18696
-266
761
4523
-12958
570
-1633
-26371
75620
-1140
3269
19457
-55822
1748
-5015
10983
-31540
304
-873
-8093
23294
-304
875
-6193
17860
-646
1863
-4293
12388
-988
2851
-2431
7030
-342
989
14099
-40850
380
-1101
-5433
15770
-380
1103
4105
-11932
418
-1215
-5547
16150
-418
1217
-25649
74746
-874
2547
-2773
8094
-456
1331
17215
-50274
1444
-4217
-46093
134672
-1444
4219
-10107
29564
-494
1445
-17441
51110
-532
1559
-20443
60002
-570
1673
-20557
60420
-608
1787
-10563
31084
-646
1901
-3457
10184
-684
2015
115
-342
38
-113
17861
-54606
646
-1975
6195
-18962
608
-1861
4637
-14212
570
-1747
5967
-18316
532
-1633
11629
-35758
494
-1519
-8815
27132
-988
3041
54949
-169214
1900
-5851
17291
-53276
456
-1405
12807
-39520
874
-2697
12845
-39672
418
-1291
-14287
44194
-418
1293
11287
-34960
380
-1177
-2621
8132
-380
1179
12617
-39216
342
-1063
22231
-69274
646
-2013
5283
-16492
304
-949
-2393
7486
-304
951
40623
-127186
1444
-4521
-23293
72960
-1444
4523
-20557
64448
-570
1787
5169
-16226
266
-835
-8055
25346
-266
837
15999
-50426
494
-1557
-7333
23142
-494
1559
7943
-25118
228
-721
15049
-47728
1102
-3495
31655
-100434
874
-2773
16493
-52364
646
-2051
4219
-13414
418
-1329
20483
-65208
1444
-4597
18089
-57608
2052
-6535
12047
-38380
608
-1937
-20709
66044
-608
1939
3497
-11172
190
-607
-2051
6574
-190
609
8931
-28690
532
-1709
-17593
56582
-532
1711
-7143
22990
-874
2813
-2545
8208
-342
1103
-17479
56506
-494
1597
11895
-38494
1444
-4673
42713
-138282
1596
-5167
4827
-15656
152
-493
-1937
6308
-152
495
12921
-42256
418
-1367
-11475
37582
-418
1369
3763
-12350
266
-873
20901
-68818
646
-2127
11363
-37468
380
-1253
27437
-90630
874
-2887
17519
-57912
494
-1633
-3077
10184
-494
1635
-15009
49742
-608
2015
3269
-10868
114
-379
29375
-98154
1444
-4825
-35149
117496
-1444
4827
14175
-47386
1216
-4065
15239
-50958
1102
-3685
13035
-43624
874
-2925
-31805
106514
-874
2927
18051
-60496
646
-2165
-7941
26638
-646
2167
14403
-48412
418
-1405
-8625
29032
-418
1407
11135
-37544
304
-1025
-8245
27854
-304
1027
4561
-15428
494
-1671
-6003
20330
-494
1673
7297
-24738
874
-2963
-11627
39444
-874
2965
-16605
56354
-1064
3611
-9233
31350
-1444
4903
-4977
16948
-190
647
-6535
22306
-646
2205
-3001
10260
-456
1559
8133
-27854
266
-911
-6687
22952
-266
913
12731
-43814
342
-1177
7221
-24928
418
-1443
-4331
14972
-418
1445
11819
-40888
494
-1709
-4597
15922
-494
1711
16683
-57874
646
-2241
-21013
72960
-646
2243
1711
-5966
76
-265
-1709
6004
-76
267
8057
-28424
646
-2279
-12387
43738
-646
2281
17633
-62358
494
-1747
-10411
36860
-494
1749
14479
-51300
418
-1481
-11589
41116
-418
1483
-4141
14706
-760
2699
38343
-136192
1444
-5129
-26789
95190
-1444
5131
-2659
9462
-342
1217
5283
-18848
266
-949
-3837
13718
-266
951
22535
-80826
646
-2317
3573
-12844
190
-683
-9537
34390
-1444
5207
31275
-112784
1064
-3837
27703
-99940
874
-3153
-32033
115634
-874
3155
16227
-58634
494
-1785
-17669
63916
-494
1787
5435
-19684
304
-1101
-2545
9234
-304
1103
10185
-37012
418
-1519
-4407
16036
-418
1521
21129
-77026
646
-2355
-11019
40204
-646
2357
7525
-27474
874
-3191
-26295
96064
-874
3193
-5053
18468
-988
3611
-34351
125590
-1102
4029
-40545
148276
-1216
4447
-32831
120080
-2660
9729
3725
-13642
228
-835
-1861
6840
-114
419
12351
-45524
608
-2241
-4711
17404
-494
1825
-11893
43966
-874
3231
-5737
21242
-380
1407
-8169
30286
-646
2395
-4825
17898
-912
3383
15467
-57380
1444
-5357
-50121
186010
-1444
5359
-8207
30514
-266
989
7335
-27322
418
-1557
-5889
21964
-418
1559
-3571
13338
-570
2129
4903
-18354
152
-569
-2013
7562
-152
571
12655
-47614
1444
-5433
10641
-40052
1292
-4863
4751
-17898
494
-1861
-3305
12464
-494
1863
12845
-48488
342
-1291
32187
-121714
874
-3305
6347
-24016
532
-2013
-15009
56848
-532
2015
6499
-24662
190
-721
-5053
19228
-190
723
6651
-25346
608
-2317
-15313
58406
-608
2319
21395
-81624
1444
-5509
11857
-45258
836
-3191
-14591
55746
-418
1597
-12577
48108
-646
2471
-7675
29374
-874
3345
-34541
132240
-1102
4219
-2317
8892
-228
875
14897
-57266
494
-1899
-6231
23978
-494
1901
3915
-15086
266
-1025
-6801
26258
-266
1027
5093
-19684
570
-2203
-27511
106400
-1140
4409
21205
-82042
1748
-6763
11287
-43700
304
-1177
-8397
32566
-304
1179
-6839
26562
-646
2509
-5281
20520
-988
3839
-2773
10792
-342
1331
-5813
22686
-380
1483
4523
-17670
418
-1633
-5965
23332
-418
1635
-26523
103816
-874
3421
-3229
12654
-456
1787
18659
-73150
1444
-5661
-47537
186428
-1444
5663
-10601
41610
-494
1939
-17973
70642
-532
2091
-21013
82688
-570
2243
-21165
83372
-608
2395
-11209
44194
-646
2547
-4141
16340
-684
2699
153
-608
38
-151
18507
-75088
646
-2621
6803
-27626
608
-2469
5207
-21166
570
-2317
6499
-26448
532
-2165
12123
-49400
494
-2013
13681
-55898
874
-3571
13263
-54226
418
-1709
-14705
60192
-418
1711
11667
-47804
380
-1557
-3001
12312
-380
1559
12959
-53238
342
-1405
22877
-94164
646
-2659
5587
-23028
304
-1253
-2697
11134
-304
1255
42067
-173774
1444
-5965
-24737
102220
-1444
5967
-21127
87362
-570
2357
5435
-22496
266
-1101
-8321
34504
-266
1103
16493
-68476
494
-2051
-7827
32528
-494
2053
8171
-34010
228
-949
16151
-67374
1102
-4597
32529
-135736
874
-3647
17139
-71554
646
-2697
4637
-19380
418
-1747
21927
-91732
1444
-6041
20141
-84284
2052
-8587
12655
-52972
608
-2545
-21317
89300
-608
2547
3687
-15466
190
-797
-2241
9424
-190
799
9463
-39862
532
-2241
-18125
76418
-532
2243
-8017
33820
-874
3687
-2887
12198
-342
1445
-17973
76076
-494
2091
13339
-56506
1444
-6117
44309
-187758
1596
-6763
4979
-21128
152
-645
-2089
8892
-152
647
13339
-56962
418
-1785
-11893
50844
-418
1787
4029
-17252
266
-1139
21547
-92492
646
-2773
11743
-50464
380
-1633
28311
-121828
874
-3761
18013
-77558
494
-2127
-3571
15390
-494
2129
-15617
67374
-608
2623
3383
-14630
114
-493
30819
-133798
1444
-6269
-36593
158916
-1444
6271
15391
-66842
1216
-5281
16341
-70984
1102
-4787
13909
-60458
874
-3799
-32679
142120
-874
3801
18697
-81358
646
-2811
-8587
37392
-646
2813
14821
-64638
418
-1823
-9043
39482
-418
1825
11439
-50008
304
-1329
-8549
37430
-304
1331
5055
-22154
494
-2165
-6497
28500
-494
2167
8171
-35872
874
-3837
-12501
54910
-874
3839
-17669
77634
-1064
4675
-10677
46930
-1444
6347
-5167
22762
-190
837
-7181
31692
-646
2851
-3457
15276
-456
2015
8399
-37164
266
-1177
-6953
30818
-266
1179
7639
-34010
418
-1861
-4749
21166
-418
1863
12313
-54910
494
-2203
-5091
22724
-494
2205
17329
-77444
646
-2887
-21659
96862
-646
2889
1787
-8018
76
-341
-1785
8056
-76
343
8703
-39406
646
-2925
-13033
59052
-646
2927
18127
-82232
494
-2241
-10905
49514
-494
2243
14897
-67678
418
-1899
-12007
54606
-418
1901
-4901
22306
-760
3459
39787
-181108
1444
-6573
-28233
128554
-1444
6575
-3001
13680
-342
1559
5549
-25346
266
-1215
-4103
18772
-266
1217
23181
-106324
646
-2963
3763
-17290
190
-873
-10981
50578
-1444
6651
32339
-148960
1064
-4901
28577
-131670
874
-4027
-32907
151696
-874
4029
16721
-77140
494
-2279
-18163
83866
-494
2281
5739
-26524
304
-1405
-2849
13186
-304
1407
10603
-49134
418
-1937
-4825
22382
-418
1939
21775
-101156
646
-3001
-11665
54226
-646
3003
8399
-39064
874
-4065
-27169
126426
-874
4067
-6041
28120
-988
4599
-35453
165072
-1102
5131
-41761
194484
-1216
5663
-35491
165300
-2660
12389
3953
-18430
228
-1063
-1975
9234
-114
533
12959
-60724
608
-2849
-5205
24434
-494
2319
-12767
59964
-874
4105
-6117
28766
-380
1787
-8815
41496
-646
3041
-5737
27018
-912
4295
16911
-79648
1444
-6801
-51565
242934
-1444
6803
-8473
39976
-266
1255
7753
-36632
418
-1975
-6307
29830
-418
1977
-4141
19608
-570
2699
5055
-23978
152
-721
-2165
10298
-152
723
14099
-67146
1444
-6877
11933
-56848
1292
-6155
5245
-25004
494
-2355
-3799
18126
-494
2357
33061
-158080
874
-4179
6879
-32908
532
-2545
-15541
74404
-532
2547
6689
-32072
190
-911
-5243
25194
-190
913
7259
-34922
608
-2925
-15921
76646
-608
2927
22839
-109972
1444
-6953
12693
-61142
836
-4027
-15009
72352
-418
2015
-13223
63802
-646
3117
-8549
41268
-874
4219
-35643
172102
-1102
5321
-2545
12312
-228
1103
15391
-74556
494
-2393
-6725
32604
-494
2395
4181
-20292
266
-1291
-7067
34352
-266
1293
5663
-27550
570
-2773
-8701
42446
-304
1483
-7485
36556
-646
3155
-6269
30628
-988
4827
-3115
15238
-342
1673
-6193
30362
-380
1863
4941
-24244
418
-2051
-6383
31350
-418
2053
-27397
134634
-874
4295
-3685
18126
-456
2243
20103
-98914
1444
-7105
-48981
241072
-1444
7107
-11095
54644
-494
2433
-18505
91238
-532
2623
-21583
106514
-570
2813
-21773
107540
-608
3003
-11855
58596
-646
3193
-4825
23864
-684
3383
191
-950
38
-189
19153
-96862
646
-3267
7411
-37506
608
-3077
5777
-29260
570
-2887
7031
-35644
532
-2697
12617
-64030
494
-2507
14555
-74024
874
-4445
13681
-69616
418
-2127
-15123
77026
-418
2129
12047
-61408
380
-1937
-3381
17252
-380
1939
23523
-120346
646
-3305
5891
-30172
304
-1557
-3001
15390
-304
1559
43511
-223250
1444
-7409
-26181
134368
-1444
7411
5701
-29298
266
-1367
-8587
44194
-266
1369
16987
-87514
494
-2545
-8321
42902
-494
2547
8399
-43358
228
-1177
17253
-89224
1102
-5699
17785
-92036
646
-3343
5055
-26182
418
-2165
23371
-121144
1444
-7485
22193
-115064
2052
-10639
13263
-68780
608
-3153
-21925
113772
-608
3155
3877
-20140
190
-987
-2431
12654
-190
989
9995
-52098
532
-2773
-18657
97318
-532
2775
-8891
46398
-874
4561
-3229
16872
-342
1787
-18467
96634
-494
2585
5131
-26904
152
-797
-2241
11780
-152
799
13757
-72504
418
-2203
-12311
64942
-418
2205
4295
-22686
266
-1405
22193
-117458
646
-3419
12123
-64220
380
-2013
29185
-154774
874
-4635
18507
-98192
494
-2621
-4065
21584
-494
2623
-16225
86222
-608
3231
3497
-18620
114
-607
32263
-172330
1444
-7713
-38037
203224
-1444
7715
16607
-88730
1216
-6497
17443
-93214
1102
-5889
14783
-79040
874
-4673
19343
-103512
646
-3457
-9233
49438
-646
3459
15239
-81700
418
-2241
-9461
50768
-418
2243
-8853
47614
-304
1635
5549
-29868
494
-2659
-6991
37658
-494
2661
9045
-48754
874
-4711
-13375
72124
-874
4713
-18733
101042
-1064
5739
-12121
65398
-1444
7791
-5357
28956
-190
1027
-7827
42370
-646
3497
-3913
21204
-456
2471
8665
-47006
266
-1443
-7219
39216
-266
1445
8057
-43928
418
-2279
-5167
28196
-418
2281
12807
-69920
494
-2697
-5585
30514
-494
2699
17975
-98306
646
-3533
-22305
122056
-646
3535
1863
-10222
76
-417
-1861
10260
-76
419
9349
-51680
646
-3571
-13679
75658
-646
3573
18621
-103094
494
-2735
-11399
63156
-494
2737
15315
-84892
418
-2317
-12425
68932
-418
2319
-5661
31426
-760
4219
41231
-228912
1444
-8017
-29677
164806
-1444
8019
-3343
18582
-342
1901
5815
-32376
266
-1481
-4369
24358
-266
1483
23827
-133114
646
-3609
3953
-22116
190
-1063
-12425
69654
-1444
8095
33403
-187264
1064
-5965
29451
-165148
874
-4901
17215
-96634
494
-2773
-18657
104804
-494
2775
6043
-33972
304
-1709
-3153
17746
-304
1711
11021
-62092
418
-2355
-5243
29564
-418
2357
22421
-126578
646
-3647
-12311
69540
-646
3649
9273
-52402
874
-4939
-28043
158536
-874
4941
-7029
39748
-988
5587
-36555
206758
-1102
6233
-42977
243124
-1216
6879
-38151
215840
-2660
15049
4181
-23674
228
-1291
-2089
11856
-114
647
13567
-77140
608
-3457
-5699
32452
-494
2813
-13641
77710
-874
4979
-6497
37050
-380
2167
-9461
53998
-646
3687
-6649
37962
-912
5207
18355
-104804
1444
-8245
-8739
49970
-266
1521
8171
-46778
418
-2393
-6725
38532
-418
2395
-4711
27018
-570
3269
5207
-29906
152
-873
-2317
13338
-152
875
15543
-89566
1444
-8321
5739
-33098
494
-2849
-4293
24776
-494
2851
7411
-42864
532
-3077
-16073
93024
-532
3079
6879
-39862
190
-1101
-5433
31540
-190
1103
7867
-45714
608
-3533
-16529
96102
-608
3535
13529
-78698
836
-4863
-15427
89794
-418
2433
-13869
80788
-646
3763
-9423
54910
-874
5093
-36745
214168
-1102
6423
-2773
16188
-228
1331
15885
-92834
494
-2887
-7219
42218
-494
2889
4447
-26030
266
-1557
-7333
42978
-266
1559
6233
-36556
570
-3343
-9005
52934
-304
1787
-8131
47842
-646
3801
-7257
42712
-988
5815
-3457
20368
-342
2015
-6573
38798
-380
2243
5359
-31654
418
-2469
-6801
40204
-418
2471
-28271
167200
-874
5169
-4141
24510
-456
2699
21547
-127566
1444
-8549
-11589
68666
-494
2927
-19037
112898
-532
3155
-22381
132924
-608
3611
-12501
74290
-646
3839
-5509
32756
-684
4067
229
-1368
38
-227
19799
-119928
646
-3913
8019
-48602
608
-3685
6347
-38494
570
-3457
7563
-45904
532
-3229
13111
-79648
494
-3001
15429
-93898
874
-5319
14099
-85842
418
-2545
-15541
94696
-418
2547
12427
-75772
380
-2317
-3761
22952
-380
2319
24169
-147820
646
-3951
6195
-37924
304
-1861
-3305
20254
-304
1863
44955
-275614
1444
-8853
-27625
169404
-1444
8855
5967
-36632
266
-1633
-8853
54416
-266
1635
17481
-107540
494
-3039
-8815
54264
-494
3041
8627
-53162
228
-1405
18355
-113278
1102
-6801
18431
-113810
646
-3989
5473
-33820
418
-2583
24815
-153444
1444
-8929
24245
-149948
2052
-12691
13871
-85804
608
-3761
-22533
139460
-608
3763
4067
-25194
190
-1177
-2621
16264
-190
1179
10527
-65398
532
-3305
-19189
119282
-532
3307
-9765
60724
-874
5435
-3571
22230
-342
2129
5283
-32984
152
-949
-2393
14972
-152
951
14175
-88882
418
-2621
-12729
79876
-418
2623
4561
-28652
266
-1671
22839
-143716
646
-4065
12503
-78736
380
-2393
30059
-189468
874
-5509
-4559
28766
-494
3117
-16833
106286
-608
3839
3611
-22838
114
-721
33707
-213750
1444
-9157
-39481
250420
-1444
9159
17823
-113050
1216
-7713
18545
-117648
1102
-6991
15657
-99370
874
-5547
19989
-126958
646
-4103
-9879
62776
-646
4105
15657
-99598
418
-2659
-9879
62890
-418
2661
-9157
58406
-304
1939
6043
-38570
494
-3153
-7485
47804
-494
3155
9919
-63384
874
-5585
-14249
91086
-874
5587
-19797
126578
-1064
6803
-13565
86754
-1444
9235
-5547
35530
-190
1217
-8473
54340
-646
4143
-4369
28044
-456
2927
8931
-57380
266
-1709
-7485
48146
-266
1711
8475
-54682
418
-2697
-5585
36062
-418
2699
13301
-85918
494
-3191
-6079
39292
-494
3193
18621
-120460
646
-4179
-22951
148542
-646
4181
1939
-12578
76
-493
-1937
12616
-76
495
9995
-65246
646
-4217
-14325
93556
-646
4219
-11893
77786
-494
3231
15733
-102942
418
-2735
-12843
84094
-418
2737
-6421
42066
-760
4979
42675
-279604
1444
-9461
-31121
203946
-1444
9463
-3685
24168
-342
2243
6081
-39938
266
-1747
-4635
30476
-266
1749
24473
-161196
646
-4255
4143
-27322
190
-1253
-13869
91618
-1444
9539
34467
-227696
1064
-7029
30325
-200374
874
-5775
17709
-117116
494
-3267
6347
-42028
304
-2013
-3457
22914
-304
2015
11439
-75886
418
-2773
-5661
37582
-418
2775
23067
-153292
646
-4293
-12957
86146
-646
4295
10147
-67488
874
-5813
-28917
192394
-874
5815
-8017
53352
-988
6575
-37657
250648
-1102
7335
-44193
294196
-1216
8095
-40811
271700
-2660
17709
4409
-29374
228
-1519
-2203
14706
-114
761
14175
-94772
608
-4065
-6193
41458
-494
3307
-14515
97204
-874
5853
-6877
46094
-380
2547
-10107
67792
-646
4333
-7561
50730
-912
6119
19799
-132848
1444
-9689
-9005
60496
-266
1787
8589
-57760
418
-2811
-7143
48070
-418
2813
-5281
35568
-570
3839
5359
-36138
152
-1025
-2469
16682
-152
1027
16987
-114874
1444
-9765
6233
-42180
494
-3343
-4787
32414
-494
3345
7943
-53884
532
-3609
-16605
112708
-532
3611
7069
-48032
190
-1291
-5623
38266
-190
1293
8475
-57722
608
-4141
-17137
116774
-608
4143
14365
-97926
836
-5699
-15845
108072
-418
2851
-14515
99066
-646
4409
-10297
70300
-874
5967
-37847
258438
-1102
7525
-3001
20520
-228
1559
16379
-112100
494
-3381
-7713
52820
-494
3383
4713
-32300
266
-1823
-7599
52136
-266
1825
6803
-46702
570
-3913
-9309
64030
-304
2091
-8777
60420
-646
4447
-8245
56772
-988
6803
-3799
26182
-342
2357
-6953
47994
-380
2623
5777
-39900
418
-2887
-7219
49894
-418
2889
-29145
201514
-874
6043
-4597
31806
-456
3155
22991
-159106
1444
-9993
-12083
83676
-494
3421
-19569
135622
-532
3687
-22989
159524
-608
4219
-13147
91276
-646
4485
-6193
43016
-684
4751
267
-1862
38
-265
20445
-144286
646
-4559
8627
-60914
608
-4293
6917
-48868
570
-4027
8095
-57228
532
-3761
13605
-96254
494
-3495
16303
-115520
874
-6193
14517
-102904
418
-2963
12807
-90896
380
-2697
-4141
29412
-380
2699
6499
-46284
304
-2165
-3609
25726
-304
2167
46399
-330866
1444
-10297
-29069
207328
-1444
10299
6233
-44498
266
-1899
-9119
65170
-266
1901
17975
-128554
494
-3533
-9309
66614
-494
3535
19457
-139536
1102
-7903
19077
-136876
646
-4635
5891
-42294
418
-3001
26259
-188632
1444
-10373
26297
-188936
2052
-14743
14479
-104044
608
-4369
4257
-30628
190
-1367
-2811
20254
-190
1369
11059
-79762
532
-3837
-19721
142310
-532
3839
-10639
76798
-874
6309
-3913
28272
-342
2471
5435
-39368
152
-1101
-2545
18468
-152
1103
14593
-106096
418
-3039
-13147
95646
-418
3041
4827
-35150
266
-1937
23485
-171266
646
-4711
12883
-94012
380
-2773
30933
-225910
874
-6383
-5053
36936
-494
3611
-17441
127566
-608
4447
3725
-27284
114
-835
35151
-258058
1444
-10601
-40925
300504
-1444
10603
19039
-139802
1216
-8929
19647
-144286
1102
-8093
16531
-121448
874
-6421
20635
-151696
646
-4749
-10525
77406
-646
4751
-10297
75848
-418
3079
-9461
69806
-304
2243
6537
-48260
494
-3647
-7979
58938
-494
3649
10793
-79762
874
-6459
-15123
111796
-874
6461
-20861
154242
-1064
7867
-15009
110998
-1444
10679
-5737
42484
-190
1407
-9119
67602
-646
4789
-4825
35796
-456
3383
9197
-68286
266
-1975
-7751
57608
-266
1977
8893
-66272
418
-3115
-6003
44764
-418
3117
13795
-102904
494
-3685
-6573
49058
-494
3687
19267
-143906
646
-4825
-23597
176320
-646
4827
2015
-15086
76
-569
-2013
15124
-76
571
10641
-80104
646
-4863
-14971
112746
-646
4865
-12387
93404
-494
3725
-13261
100092
-418
3155
-7181
54226
-760
5739
44119
-333184
1444
-10905
-32565
245974
-1444
10907
-4027
30438
-342
2585
6347
-48032
266
-2013
-4901
37126
-266
2015
4333
-32908
190
-1443
-15313
116470
-1444
10983
35531
-270256
1064
-8093
31199
-237348
874
-6649
18203
-138586
494
-3761
6651
-50692
304
-2317
-3761
28690
-304
2319
11857
-90516
418
-3191
-6079
46436
-418
3193
23713
-181298
646
-4939
-13603
104044
-646
4941
11021
-84322
874
-6687
-29791
228000
-874
6689
-9005
68932
-988
7563
-38759
296742
-1102
8437
-45409
347700
-1216
9311
-43471
332880
-2660
20369
4637
-35530
228
-1747
-2317
17784
-114
875
14783
-113620
608
-4673
-6687
51452
-494
3801
-15389
118446
-874
6727
-7257
55898
-380
2927
-10753
82878
-646
4979
-8473
65322
-912
7031
21243
-163780
1444
-11133
-9271
71554
-266
2053
9007
-69578
418
-3229
-7561
58444
-418
3231
-5851
45258
-570
4409
5511
-42674
152
-1177
-2621
20330
-152
1179
18431
-143070
1444
-11209
6727
-52250
494
-3837
-5281
41040
-494
3839
8475
-65968
532
-4141
-17137
133456
-532
4143
-5813
45372
-190
1483
9083
-70946
608
-4749
-17745
138662
-608
4751
15201
-118826
836
-6535
-15161
118636
-646
5055
-11171
87438
-874
6841
-38949
304912
-1102
8627
-3229
25308
-228
1787
16873
-132354
494
-3875
-8207
64410
-494
3877
4979
-39102
266
-2089
-7865
61826
-266
2091
7373
-57988
570
-4483
-9613
75734
-304
2395
-9423
74290
-646
5093
-9233
72808
-988
7791
-4141
32680
-342
2699
-7333
57950
-380
3003
6195
-48982
418
-3305
-7637
60420
-418
3307
-30019
237576
-874
6917
-5053
40014
-456
3611
24435
-193534
1444
-11437
-12577
99674
-494
3915
-20101
159410
-532
4219
-13793
109554
-646
5131
-6877
54644
-684
5435
305
-2432
38
-303
21091
-169936
646
-5205
9235
-74442
608
-4901
7487
-60382
570
-4597
8627
-69616
532
-4293
14099
-113848
494
-3989
17177
-138890
874
-7067
14935
-120802
418
-3381
13187
-106780
380
-3077
-4521
36632
-380
3079
6803
-55252
304
-2469
-3913
31806
-304
2471
47843
-389006
1444
-11741
-30513
248140
-1444
11743
6499
-52896
266
-2165
-9385
76456
-266
2167
18469
-150556
494
-4027
-9803
79952
-494
4029
20559
-167998
1102
-9005
19723
-161234
646
-5281
6309
-51604
418
-3419
27703
-226708
1444
-11817
28349
-232028
2052
-16795
15087
-123500
608
-4977
4447
-36442
190
-1557
-3001
24624
-190
1559
11591
-95190
532
-4369
-11513
94620
-874
7183
-4255
34998
-342
2813
5587
-46056
152
-1253
-2697
22268
-152
1255
15011
-124146
418
-3457
-13565
112252
-418
3459
5093
-42180
266
-2203
24131
-200108
646
-5357
13263
-110048
380
-3153
31807
-264100
874
-7257
-5547
46094
-494
4105
-18049
150062
-608
5055
3839
-31958
114
-949
36595
-305254
1444
-12045
-42369
353476
-1444
12047
20255
-168986
1216
-10145
20749
-173128
1102
-9195
17405
-145274
874
-7295
21281
-177726
646
-5395
-11171
93328
-646
5397
-10715
89642
-418
3497
-9765
81814
-304
2547
7031
-58938
494
-4141
-8473
71060
-494
4143
11667
-97888
874
-7333
-15997
134254
-874
7335
-21925
184034
-1064
8931
-16453
138130
-1444
12123
-5927
49818
-190
1597
-9765
82156
-646
5435
-5281
44460
-456
3839
9463
-79724
266
-2241
-8017
67602
-266
2243
9311
-78698
418
-3533
-6421
54302
-418
3535
14289
-120878
494
-4179
-7067
59812
-494
4181
19913
-168644
646
-5471
-24243
205390
-646
5473
2091
-17746
76
-645
-2089
17784
-76
647
11287
-96254
646
-5509
-15617
133228
-646
5511
-12881
110010
-494
4219
-13679
116926
-418
3573
-7941
67906
-760
6499
45563
-389652
1444
-12349
-34009
290890
-1444
12351
-4369
37392
-342
2927
6613
-56658
266
-2279
-5167
44308
-266
2281
4523
-38874
190
-1633
-16757
144210
-1444
12427
36595
-314944
1064
-9157
32073
-276070
874
-7523
18697
-161044
494
-4255
6955
-59964
304
-2621
-4065
35074
-304
2623
12275
-105982
418
-3609
-6497
56126
-418
3611
24359
-210596
646
-5585
-14249
123234
-646
5587
11895
-102904
874
-7561
-30665
265354
-874
7563
-9993
86488
-988
8551
-39861
345040
-1102
9539
-2431
21090
-114
989
15391
-133684
608
-5281
-7181
62434
-494
4295
-16263
141436
-874
7601
-7637
66462
-380
3307
-11399
99256
-646
5625
-9385
81738
-912
7943
22687
-197600
1444
-12577
-9537
83144
-266
2319
9425
-82232
418
-3647
-7979
69654
-418
3649
-6421
56088
-570
4979
5663
-49514
152
-1329
-2773
24282
-152
1331
19875
-174154
1444
-12653
7221
-63308
494
-4331
-5775
50654
-494
4333
9007
-79116
532
-4673
-17669
155268
-532
4675
-6003
52858
-190
1673
9691
-85386
608
-5357
-18353
161766
-608
5359
16037
-141398
836
-7371
-15807
139498
-646
5701
-12045
106324
-874
7715
-40051
353590
-1102
9729
-3457
30552
-228
2015
17367
-153596
494
-4369
-8701
76988
-494
4371
5245
-46436
266
-2355
-8131
72048
-266
2357
7943
-70414
570
-5053
-9917
88046
-304
2699
-10069
89452
-646
5739
-10221
90820
-988
8779
-4483
39862
-342
3041
-7713
68666
-380
3383
6613
-58900
418
-3723
-8055
71782
-418
3725
-30893
275386
-874
7791
-5509
49134
-456
4067
25879
-230850
1444
-12881
-13071
116660
-494
4409
-14439
129124
-646
5777
-7561
67640
-684
6119
343
-3078
38
-341
21737
-196878
646
-5851
9843
-89186
608
-5509
8057
-73036
570
-5167
9159
-83068
532
-4825
14593
-132430
494
-4483
18051
-164008
874
-7941
15353
-139536
418
-3799
13567
-123424
380
-3457
-4901
44612
-380
3459
7107
-64828
304
-2773
-4217
38494
-304
2775
-31957
291840
-1444
13187
6765
-61826
266
-2431
-9651
88274
-266
2433
-10297
94278
-494
4523
21661
-198664
1102
-10107
20369
-186884
646
-5927
6727
-61750
418
-3837
29147
-267672
1444
-13261
30401
-279224
2052
-18847
15695
-144172
608
-5585
4637
-42636
190
-1747
-3191
29374
-190
1749
12123
-111682
532
-4901
-12387
114190
-874
8057
-4597
42408
-342
3155
5739
-53048
152
-1405
-2849
26372
-152
1407
15429
-143032
418
-3875
-13983
129694
-418
3877
5359
-49742
266
-2469
13643
-126844
380
-3533
32681
-304038
874
-8131
-6041
56240
-494
4599
-18657
173774
-608
5663
3953
-36860
114
-1063
38039
-355338
1444
-13489
21471
-200602
1216
-11361
21851
-204174
1102
-10297
18279
-170848
874
-8169
21927
-205048
646
-6041
-11817
110542
-646
6043
-11133
104272
-418
3915
-10069
94430
-304
2851
7525
-70604
494
-4635
-8967
84170
-494
4637
12541
-117762
874
-8207
-16871
158460
-874
8209
-22989
215954
-1064
9995
-17897
168150
-1444
13567
-6117
57532
-190
1787
-10411
98002
-646
6081
-5737
54036
-456
4295
9729
-91694
266
-2507
-8283
78128
-266
2509
9729
-91960
418
-3951
-6839
64676
-418
3953
14783
-139840
494
-4673
-7561
71554
-494
4675
20559
-194674
646
-6117
2167
-20558
76
-721
-2165
20596
-76
723
11933
-113696
646
-6155
-16263
155002
-646
6157
-13375
127604
-494
4713
-14097
134596
-418
3991
-8701
83106
-760
7259
47007
-449008
1444
-13793
-35453
338694
-1444
13795
-4711
45030
-342
3269
6879
-65816
266
-2545
-5433
52022
-266
2547
4713
-45220
190
-1823
37659
-361760
1064
-10221
32947
-316540
874
-8397
7259
-69844
304
-2925
-4369
42066
-304
2927
12693
-122284
418
-4027
-6915
66652
-418
4029
-14895
143716
-646
6233
12769
-123234
874
-8435
-31539
304456
-874
8437
-10981
106020
-988
9539
-40963
395542
-1102
10641
-2545
24624
-114
1103
15999
-154964
608
-5889
-7675
74404
-494
4789
-17137
166174
-874
8475
-8017
77786
-380
3687
-12045
116926
-646
6271
-10297
99978
-912
8855
24131
-234308
1444
-14021
-9803
95266
-266
2585
9843
-95722
418
-4065
-8397
81700
-418
4067
-6991
68058
-570
5549
-2925
28538
-152
1483
21319
-208126
1444
-14097
7715
-75354
494
-4825
-6269
61256
-494
4827
9539
-93328
532
-5205
-18201
178144
-532
5207
-6193
60724
-190
1863
10299
-101042
608
-5965
-18961
186086
-608
5967
16873
-165642
836
-8207
-16453
161652
-646
6347
-12919
126958
-874
8589
-41153
404472
-1102
10831
-3685
36252
-228
2243
17861
-175826
494
-4863
-9195
90554
-494
4865
5511
-54302
266
-2621
-8397
82802
-266
2623
8513
-83980
570
-5623
-10221
100966
-304
3003
-10715
105906
-646
6385
-11209
110808
-988
9767
-4825
47728
-342
3383
-8093
80142
-380
3763
7031
-69654
418
-4141
-8473
83980
-418
4143
-31767
314944
-874
8665
-5965
59166
-456
4523
27323
-271054
1444
-14325
-13565
134634
-494
4903
-15085
149986
-646
6423
-8245
82004
-684
6803
381
-3800
38
-379
22383
-225112
646
-6497
10451
-105146
608
-6117
8627
-86830
570
-5737
9691
-97584
532
-5357
15087
-152000
494
-4977
18925
-190874
874
-8815
15771
-159106
418
-4217
13947
-140828
380
-3837
-5281
53352
-380
3839
7411
-75012
304
-3077
-4521
45790
-304
3079
-33401
338428
-1444
14631
7031
-71288
266
-2697
-9917
100624
-266
2699
-10791
109592
-494
5017
22763
-231534
1102
-11209
21015
-213826
646
-6573
7145
-72732
418
-4255
30591
-311524
1444
-14705
32453
-330524
2052
-20899
16303
-166060
608
-6193
4827
-49210
190
-1937
-3381
34504
-190
1939
12655
-129238
532
-5433
-13261
135508
-874
8931
-4939
50502
-342
3497
-3001
30780
-152
1559
15847
-162754
418
-4293
-14401
147972
-418
4295
5625
-57836
266
-2735
14023
-144400
380
-3913
-6535
67374
-494
5093
-19265
198702
-608
6271
4067
-41990
114
-1177
39483
-408310
1444
-14933
22687
-234650
1216
-12577
22953
-237424
1102
-11399
19153
-198170
874
-9043
22573
-233662
646
-6687
-12463
129048
-646
6689
-11551
119738
-418
4333
-10373
107654
-304
3155
8019
-83258
494
-5129
-9461
98268
-494
5131
13415
-139384
874
-9081
-17745
184414
-874
9083
-24053
250002
-1064
11059
-19341
201058
-1444
15011
-6307
65626
-190
1977
-11057
115140
-646
6727
-6193
64524
-456
4751
9995
-104196
266
-2773
-8549
89186
-266
2775
10147
-106058
418
-4369
-7257
75886
-418
4371
15277
-159790
494
-5167
-8055
84284
-494
5169
21205
-221996
646
-6763
2243
-23522
76
-797
-2241
23560
-76
799
12579
-132430
646
-6801
-16909
178068
-646
6803
-13869
146186
-494
5207
-14515
153102
-418
4409
-9461
99826
-760
8019
48451
-511252
1444
-15237
-36897
389386
-1444
15239
-5053
53352
-342
3611
7145
-75506
266
-2811
-5699
60268
-266
2813
4903
-51946
190
-2013
38723
-410704
1064
-11285
7563
-80332
304
-3229
-4673
49666
-304
3231
13111
-139422
418
-4445
-7333
78014
-418
4447
-15541
165490
-646
6879
13643
-145312
874
-9309
-32413
345306
-874
9311
-11969
127528
-988
10527
-2659
28386
-114
1217
16607
-177460
608
-6497
-8169
87362
-494
5283
-18011
192660
-874
9349
-8397
89870
-380
4067
-12691
135888
-646
6917
-11209
120042
-912
9767
25575
-273904
1444
-15465
-10069
107920
-266
2851
10261
-110048
418
-4483
-8815
94582
-418
4485
-7561
81168
-570
6119
-3077
33098
-152
1635
22763
-244986
1444
-15541
8209
-88388
494
-5319
-6763
72846
-494
5321
10071
-108604
532
-5737
-18733
202084
-532
5739
-6383
68970
-190
2053
10907
-117914
608
-6573
-19569
211622
-608
6575
17709
-191558
836
-9043
-17099
185098
-646
6993
-13793
149340
-874
9463
-3913
42408
-228
2471
18355
-199044
494
-5357
-9689
105108
-494
5359
5777
-62700
266
-2887
-8663
94088
-266
2889
9083
-98686
570
-6193
-10525
114494
-304
3307
-11361
123652
-646
7031
-12197
132772
-988
10755
-5167
56278
-342
3725
-8473
92378
-380
4143
7449
-81244
418
-4559
-8891
97014
-418
4561
-32641
356250
-874
9539
-6421
70110
-456
4979
28767
-314146
1444
-15769
-14059
153596
-494
5397
-15731
172140
-646
7069
-8929
97736
-684
7487
419
-4598
38
-417
23029
-254638
646
-7143
11059
-122322
608
-6725
9197
-101764
570
-6307
10223
-113164
532
-5889
15581
-172558
494
-5471
19799
-219488
874
-9689
14327
-158992
380
-4217
-5661
62852
-380
4219
7715
-85804
304
-3381
-4825
53694
-304
3383
-34845
387904
-1444
16075
7297
-81282
266
-2963
-11285
125894
-494
5511
23865
-266608
1102
-12311
21661
-242060
646
-7219
7563
-84550
418
-4673
16911
-189164
608
-6801
5017
-56164
190
-2127
-3571
40014
-190
2129
13187
-147858
532
-5965
-14135
158574
-874
9805
-5281
59280
-342
3839
-3153
35492
-152
1711
-14819
167086
-418
4713
5891
-66462
266
-3001
14403
-162716
380
-4293
-7029
79496
-494
5587
-19873
224846
-608
6879
4181
-47348
114
-1291
40927
-464170
1444
-16377
23903
-271130
1216
-13793
24055
-272878
1102
-12501
20027
-227240
874
-9917
23219
-263568
646
-7333
-13109
148846
-646
7335
-11969
136040
-418
4751
-10677
121486
-304
3459
8513
-96900
494
-5623
-9955
113354
-494
5625
14289
-162754
874
-9955
-18619
212116
-874
9957
-25117
286178
-1064
12123
-20785
236854
-1444
16455
-6497
74100
-190
2167
-11703
133570
-646
7373
-6649
75924
-456
5207
-8815
100776
-266
3041
10565
-120992
418
-4787
-7675
87932
-418
4789
15771
-180728
494
-5661
-8549
98002
-494
5663
21851
-250610
646
-7409
2319
-26638
76
-873
-2317
26676
-76
875
13225
-152456
646
-7447
-17555
202426
-646
7449
-14363
165756
-494
5701
-14933
172444
-418
4827
-10221
118066
-760
8779
49895
-576384
1444
-16681
-38341
442966
-1444
16683
-5395
62358
-342
3953
7411
-85728
266
-3077
-5965
69046
-266
3079
5093
-59052
190
-2203
39787
-461776
1064
-12349
7867
-91428
304
-3533
-4977
57874
-304
3535
13529
-157396
418
-4863
-7751
90212
-418
4865
-16187
188556
-646
7525
14517
-169138
874
-10183
-12957
151012
-988
11515
-2773
32376
-114
1331
17215
-201172
608
-7105
-8663
101308
-494
5777
-18885
220894
-874
10223
-8777
102714
-380
4447
-13337
156142
-646
7563
-12121
141930
-912
10679
27019
-316388
1444
-16909
10679
-125210
418
-4901
-9233
108300
-418
4903
-8131
95418
-570
6689
-3229
37962
-152
1787
24207
-284734
1444
-16985
8703
-102410
494
-5813
-7257
85424
-494
5815
10603
-124944
532
-6269
-19265
227088
-532
6271
-6573
77596
-190
2243
11515
-136002
608
-7181
-20177
238374
-608
7183
-17745
209836
-646
7639
-14667
173470
-874
10337
-4141
49020
-228
2699
-10183
120650
-494
5853
6043
-71630
266
-3153
-8929
105906
-266
3155
9653
-114532
570
-6763
-10829
128630
-304
3611
-12007
142690
-646
7677
-13185
156712
-988
11743
-5509
65512
-342
4067
-8853
105374
-380
4523
7867
-93670
418
-4977
-9309
110884
-418
4979
-6877
81966
-456
5435
30211
-360126
1444
-17213
-14553
173546
-494
5891
-16377
195586
-646
7715
-9613
114836
-684
8171
457
-5472
38
-455
23675
-285456
646
-7789
11667
-140714
608
-7333
9767
-117838
570
-6877
10755
-129808
532
-6421
16075
-194104
494
-5965
20673
-249850
874
-10563
-6041
73112
-380
4599
8019
-97204
304
-3685
-5129
62206
-304
3687
-36289
440268
-1444
17519
7563
-91808
266
-3229
-11779
143184
-494
6005
24967
-303886
1102
-13413
22307
-271586
646
-7865
7981
-97204
418
-5091
17519
-213484
608
-7409
5207
-63498
190
-2317
-3761
45904
-190
2319
13719
-167542
532
-6497
-15009
183388
-874
10679
-5623
68742
-342
4181
-3305
40508
-152
1863
-15237
187036
-418
5131
6157
-75620
266
-3267
-7523
92606
-494
6081
-20481
252206
-608
7487
4295
-52934
114
-1405
42371
-522918
1444
-17821
25119
-310042
1216
-15009
25157
-310536
1102
-13603
20901
-258058
874
-10791
23865
-294766
646
-7979
-13755
169936
-646
7981
-12387
153178
-418
5169
-10981
135926
-304
3763
9007
-111530
494
-6117
-10449
129428
-494
6119
15163
-187872
874
-10829
-19493
241566
-874
10831
-26181
324482
-1064
13187
-22229
275538
-1444
17899
-6687
82954
-190
2357
-12349
153292
-646
8019
-7105
88236
-456
5663
-9081
112898
-266
3307
10983
-136762
418
-5205
-8093
100814
-418
5207
16265
-202654
494
-6155
-9043
112708
-494
6157
22497
-280516
646
-8055
2395
-29906
76
-949
-2393
29944
-76
951
13871
-173774
646
-8093
-18201
228076
-646
8095
-14857
186314
-494
6195
-15351
192622
-418
5245
-10981
137826
-760
9539
51339
-644404
1444
-18125
-39785
499434
-1444
18127
-5737
72048
-342
4295
7677
-96482
266
-3343
-6231
78356
-266
3345
5283
-66538
190
-2393
8171
-103132
304
-3837
-5281
66690
-304
3839
13947
-176206
418
-5281
-8169
103246
-418
5283
-16833
212914
-646
8171
15391
-194712
874
-11057
-13945
176472
-988
12503
-2887
36594
-114
1445
17823
-226100
608
-7713
-9157
116242
-494
6271
-19759
250876
-874
11097
-9157
116318
-380
4827
-13983
177688
-646
8209
-13033
165642
-912
11591
28463
-361760
1444
-18353
11097
-141208
418
-5319
-9651
122854
-418
5321
-8701
110808
-570
7259
-3381
43130
-152
1939
25651
-327370
1444
-18429
9197
-117420
494
-6307
-7751
98990
-494
6309
11135
-142348
532
-6801
-19797
253156
-532
6803
-6763
86602
-190
2433
12123
-155306
608
-7789
-20785
266342
-608
7791
-18391
235866
-646
8285
-15541
199348
-874
11211
-4369
56088
-228
2927
-10677
137180
-494
6347
6309
-81092
266
-3419
-9195
118256
-266
3421
10223
-131518
570
-7333
-11133
143374
-304
3915
-12653
163020
-646
8323
-14173
182628
-988
12731
-5851
75430
-342
4409
-9233
119130
-380
4903
8285
-106932
418
-5395
-9727
125590
-418
5397
-7333
94734
-456
5891
31655
-408994
1444
-18657
-15047
194484
-494
6385
-17023
220324
-646
8361
-10297
133304
-684
8855
495
-6422
38
-493
24321
-317566
646
-8435
12275
-160322
608
-7941
10337
-135052
570
-7447
11287
-147516
532
-6953
16569
-216638
494
-6459
21547
-281960
874
-11437
-6421
84132
-380
4979
8323
-109212
304
-3989
-5433
71326
-304
3991
-37733
495520
-1444
18963
7829
-102866
266
-3495
-12273
161462
-494
6499
26069
-343368
1102
-14515
22953
-302404
646
-8511
8399
-110694
418
-5509
18127
-239020
608
-8017
5397
-71212
190
-2507
-3951
52174
-190
2509
14251
-188290
532
-7029
-15883
209950
-874
11553
-5965
78888
-342
4523
-3457
45828
-152
2015
-15655
207822
-418
5549
6423
-85310
266
-3533
-8017
106704
-494
6575
-21089
280782
-608
8095
26335
-351386
1216
-16225
26259
-350398
1102
-14705
21775
-290624
874
-11665
24511
-327256
646
-8625
-14401
192318
-646
8627
-12805
171152
-418
5587
-11285
150974
-304
4067
9501
-127148
494
-6611
-10943
146490
-494
6613
16037
-214738
874
-11703
-20367
272764
-874
11705
-27245
364914
-1064
14251
-23673
317110
-1444
19343
-6877
92188
-190
2547
-12995
174306
-646
8665
-7561
101460
-456
6119
-9347
125552
-266
3573
11401
-153368
418
-5623
-8511
114532
-418
5625
16759
-225568
494
-6649
-9537
128402
-494
6651
23143
-311714
646
-8701
2471
-33326
76
-1025
-2469
33364
-76
1027
14517
-196384
646
-8739
-18847
255018
-646
8741
-15351
207860
-494
6689
-15769
213636
-418
5663
-11741
159106
-760
10299
-41229
558790
-1444
19571
-6079
82422
-342
4637
7943
-107768
266
-3609
-6497
88198
-266
3611
5473
-74404
190
-2583
8475
-115444
304
-4141
-5585
76114
-304
4143
14365
-195852
418
-5699
-8587
117116
-418
5701
-17479
238564
-646
8817
16265
-222034
874
-11931
-14933
203908
-988
13491
-3001
41040
-114
1559
18431
-252244
608
-8321
-9651
132164
-494
6765
-20633
282606
-874
11971
-9537
130682
-380
5207
-14629
200526
-646
8855
-13945
191178
-912
12503
29907
-410020
1444
-19797
11515
-158042
418
-5737
-10069
138244
-418
5739
-9271
127338
-570
7829
-3533
48602
-152
2091
27095
-372894
1444
-19873
9691
-133418
494
-6801
-8245
113544
-494
6803
11667
-160816
532
-7333
-6953
95988
-190
2623
12731
-175826
608
-8397
-21393
295526
-608
8399
-19037
263188
-646
8931
-16415
226974
-874
12085
-4597
63612
-228
3155
-11171
154698
-494
6841
6575
-91086
266
-3685
-9461
131138
-266
3687
10793
-149644
570
-7903
-11437
158726
-304
4219
-13299
184642
-646
8969
-15161
210520
-988
13719
-6193
86032
-342
4751
-9613
133646
-380
5283
8703
-121030
418
-5813
-10145
141132
-418
5815
-7789
108414
-456
6347
33099
-460750
1444
-20101
-15541
216410
-494
6879
-17669
246354
-646
9007
-10981
153140
-684
9539
533
-7448
38
-531
12883
-181146
608
-8549
10907
-153406
570
-8017
11819
-166288
532
-7485
17063
-240160
494
-6953
22421
-315818
874
-12311
-6801
95912
-380
5359
8627
-121828
304
-4293
-5737
81054
-304
4295
-39177
553660
-1444
20407
8095
-114456
266
-3761
-12767
180728
-494
6993
27171
-385054
1102
-15617
23599
-334514
646
-9157
8817
-125020
418
-5927
18735
-265772
608
-8625
5587
-79306
190
-2697
-4141
58824
-190
2699
14783
-210102
532
-7561
-16757
238260
-874
12427
-6307
89718
-342
4865
-3609
51452
-152
2167
6689
-95532
266
-3799
-8511
121790
-494
7069
-21697
310574
-608
8703
27551
-395162
1216
-17441
27361
-392464
1102
-15807
22649
-324938
874
-12539
-15047
215992
-646
9273
-13223
189962
-418
6005
9995
-143754
494
-7105
-11437
164540
-494
7107
16911
-243352
874
-12577
-21241
305710
-874
12579
-28309
407474
-1064
15315
-25117
361570
-1444
20787
-7067
101802
-190
2737
-13641
196612
-646
9311
-8017
115596
-456
6575
-9613
138738
-266
3839
11819
-170810
418
-6041
-8929
129086
-418
6043
17253
-249470
494
-7143
-10031
145084
-494
7145
23789
-344204
646
-9347
2547
-36898
76
-1101
-2545
36936
-76
1103
15163
-220286
646
-9385
-19493
283252
-646
9387
-15845
230394
-494
7183
-12501
181906
-760
11059
-42673
621034
-1444
21015
-6421
93480
-342
4979
8209
-119586
266
-3875
-6763
98572
-266
3877
5663
-82650
190
-2773
8779
-128364
304
-4445
-5889
86146
-304
4447
14783
-216334
418
-6117
-9005
131822
-418
6119
-18125
265506
-646
9463
17139
-251104
874
-12805
-15921
233320
-988
14479
-3115
45714
-114
1673
19039
-279604
608
-8929
-10145
149074
-494
7259
-21507
316084
-874
12845
-9917
145806
-380
5587
-15275
224656
-646
9501
-14857
218538
-912
13415
31351
-461168
1444
-21241
11933
-175712
418
-6155
-10487
154470
-418
6157
-9841
145008
-570
8399
-3685
54378
-152
2243
28539
-421306
1444
-21317
10185
-150404
494
-7295
-8739
129086
-494
7297
12199
-180348
532
-7865
-7143
105754
-190
2813
13339
-197562
608
-9005
-22001
325926
-608
9007
-19683
291802
-646
9577
-17289
256348
-874
12959
-4825
71592
-228
3383
-11665
173204
-494
7335
6841
-101612
266
-3951
-9727
144552
-266
3953
11363
-168910
570
-8473
-13945
207556
-646
9615
-16149
240388
-988
14707
-6535
97318
-342
5093
-9993
148922
-380
5663
9121
-135964
418
-6231
-10563
157510
-418
6233
-8245
123006
-456
6803
34543
-515394
1444
-21545
-16035
239324
-494
7373
-18315
273676
-646
9653
-11665
174344
-684
10223
571
-8550
38
-569
13491
-203186
608
-9157
11477
-172900
570
-8587
12351
-186124
532
-8017
17557
-264670
494
-7447
23295
-351424
874
-13185
-7181
108452
-380
5739
8931
-135052
304
-4597
-6041
91390
-304
4599
-40621
614688
-1444
21851
8361
-126578
266
-4027
-13261
200982
-494
7487
28273
-428944
1102
-16719
24245
-367916
646
-9803
9235
-140182
418
-6345
19343
-293740
608
-9233
5777
-87780
190
-2887
-4331
65854
-190
2889
15315
-232978
532
-8093
-17631
268318
-874
13301
-6649
101232
-342
5207
-3761
57380
-152
2319
6955
-106286
266
-4065
-9005
137864
-494
7563
-22305
341582
-608
9311
28767
-441370
1216
-18657
28463
-436734
1102
-16909
23523
-361000
874
-13413
-15693
240958
-646
9919
-13641
209608
-418
6423
10489
-161348
494
-7599
-11931
183578
-494
7601
17785
-273714
874
-13451
-22115
340404
-874
13453
-29373
452162
-1064
16379
-26561
408918
-1444
22231
-14287
220210
-646
9957
-8473
130644
-456
7031
-9879
152456
-266
4105
12237
-189088
418
-6459
-9347
144476
-418
6461
17747
-274360
494
-7637
-10525
162754
-494
7639
24435
-377986
646
-9993
2623
-40622
76
-1177
-2621
40660
-76
1179
15809
-245480
646
-10031
-20139
312778
-646
10033
-16339
253916
-494
7677
-13261
206226
-760
11819
-44117
686166
-1444
22459
-6763
105222
-342
5321
8475
-131936
266
-4141
-7029
109478
-266
4143
5853
-91276
190
-2963
9083
-141892
304
-4749
-6193
96786
-304
4751
15201
-237652
418
-6535
-9423
147364
-418
6537
-18771
293740
-646
10109
18013
-281922
874
-13679
-16909
264708
-988
15467
-3229
50616
-114
1787
19647
-308180
608
-9537
-10639
166972
-494
7753
-22381
351310
-874
13719
-10297
161690
-380
5967
-15921
250078
-646
10147
-15769
247722
-912
14327
32795
-515204
1444
-22685
12351
-194218
418
-6573
-10905
171532
-418
6575
-10411
163818
-570
8969
-3837
60458
-152
2395
29983
-472606
1444
-22761
10679
-168378
494
-7789
-9233
145616
-494
7791
12731
-200944
532
-8397
13947
-220514
608
-9613
-22609
357542
-608
9615
-20329
321708
-646
10223
-18163
287470
-874
13833
-5053
80028
-228
3611
-12159
192698
-494
7829
7107
-112670
266
-4217
-9993
158498
-266
4219
11933
-189316
570
-9043
-14591
231762
-646
10261
-17137
272232
-988
15695
-6877
109288
-342
5435
-10373
164958
-380
6043
9539
-151734
418
-6649
-10981
174724
-418
6651
-8701
138510
-456
7259
35987
-572926
1444
-22989
-16529
263226
-494
7867
-18961
302290
-646
10299
-12349
196916
-684
10907
609
-9728
38
-607
14099
-226442
608
-9765
12047
-193534
570
-9157
12883
-207024
532
-8549
18051
-290168
494
-7941
24169
-388778
874
-14059
-7561
121752
-380
6119
9235
-148884
304
-4901
-6345
102334
-304
4903
-42065
678604
-1444
23295
8627
-139232
266
-4293
-13755
222224
-494
7981
29375
-475038
1102
-17821
9653
-156180
418
-6763
19951
-322924
608
-9841
5967
-96634
190
-3077
-4521
73264
-190
3079
15847
-256918
532
-8625
-18505
300124
-874
14175
-6991
113430
-342
5549
-3913
63612
-152
2471
7221
-117572
266
-4331
-9499
154926
-494
8057
-22913
373806
-608
9919
29983
-490010
1216
-19873
29565
-483208
1102
-18011
24397
-398810
874
-14287
-16339
267216
-646
10565
-14059
230090
-418
6841
10983
-179930
494
-8093
-12425
203604
-494
8095
18659
-305824
874
-14325
-22989
376846
-874
14327
-30437
498978
-1064
17443
-28005
459154
-1444
23675
-14933
245100
-646
10603
-8929
146604
-456
7487
12655
-208202
418
-6877
-9765
160702
-418
6879
18241
-300238
494
-8131
-11019
181412
-494
8133
2699
-44498
76
-1253
-2697
44536
-76
1255
16455
-271966
646
-10677
-20785
343596
-646
10679
-16833
278426
-494
8171
-14021
232066
-760
12579
-45561
754186
-1444
23903
-7105
117648
-342
5663
8741
-144818
266
-4407
-7295
120916
-266
4409
6043
-100282
190
-3153
9387
-156028
304
-5053
-6497
108034
-304
5055
15619
-259806
418
-6953
-9841
163742
-418
6955
-19417
323266
-646
10755
18887
-314488
874
-14553
-17897
298072
-988
16455
-3343
55746
-114
1901
20255
-337972
608
-10145
-11133
185858
-494
8247
-23255
388284
-874
14593
-10677
178334
-380
6347
-16567
276792
-646
10793
-16681
278730
-912
15239
34239
-572128
1444
-24129
12769
-213560
418
-6991
-11323
189430
-418
6993
-10981
183768
-570
9539
-3989
66842
-152
2547
31427
-526794
1444
-24205
11173
-187340
494
-8283
-9727
163134
-494
8285
13263
-222604
532
-8929
14555
-244682
608
-10221
-20975
352906
-646
10869
-19037
320340
-874
14707
-5281
88920
-228
3839
-12653
213180
-494
8323
7373
-124260
266
-4483
12503
-210862
570
-9613
-15237
257260
-646
10907
-18125
306052
-988
16683
-7219
121942
-342
5777
-10753
181754
-380
6423
9957
-168340
418
-7067
-11399
192774
-418
7069
-9157
154926
-456
7715
37431
-633346
1444
-24433
-17023
288116
-494
8361
-19607
332196
-646
10945
-13033
220856
-684
11591
647
-10982
38
-645
14707
-250914
608
-10373
12617
-215308
570
-9727
13415
-228988
532
-9081
18545
-316654
494
-8435
25043
-427880
874
-14933
-7941
135812
-380
6499
9539
-163324
304
-5205
-6649
113886
-304
5207
-43509
745408
-1444
24739
8893
-152418
266
-4559
-14249
244454
-494
8475
30477
-523336
1102
-18923
10071
-173014
418
-7181
20559
-353324
608
-10449
6157
-105868
190
-3267
-4711
81054
-190
3269
16379
-281922
532
-9157
-19379
333678
-874
15049
-7333
126312
-342
5891
-4065
70148
-152
2623
7487
-129390
266
-4597
-9993
172976
-494
8551
31199
-541082
1216
-21089
30667
-531886
1102
-19113
25271
-438368
874
-15161
-16985
294766
-646
11211
-14477
251408
-418
7259
11477
-199500
494
-8587
-12919
224618
-494
8589
19533
-339682
874
-15199
-23863
415036
-874
15201
-31501
547922
-1064
18507
-29449
512278
-1444
25119
-15579
271282
-646
11249
-9385
163476
-456
7943
13073
-228152
418
-7295
-10183
177764
-418
7297
18735
-327104
494
-8625
-11513
201058
-494
8627
2775
-48526
76
-1329
-2773
48564
-76
1331
17101
-299744
646
-11323
-21431
375706
-646
11325
-17327
303924
-494
8665
-14781
259426
-760
13339
-47005
825094
-1444
25347
-7447
130758
-342
6005
9007
-158232
266
-4673
-7561
132886
-266
4675
6233
-109668
190
-3343
9691
-170772
304
-5357
-6801
119890
-304
5359
-10259
180956
-418
7373
-20063
354084
-646
11401
19761
-348802
874
-15427
-18885
333412
-988
17443
-3457
61104
-114
2015
20863
-368980
608
-10753
-11627
205732
-494
8741
-24129
427006
-874
15467
-11057
195738
-380
6727
-17213
304798
-646
11439
-17593
311562
-912
16151
35683
-631940
1444
-25573
13187
-233738
418
-7409
-11741
208164
-418
7411
-11551
204858
-570
10109
-4141
73530
-152
2699
32871
-583870
1444
-25649
11667
-207290
494
-8777
-10221
181640
-494
8779
13795
-245328
532
-9461
15163
-270066
608
-10829
-21621
385396
-646
11515
-19911
354958
-874
15581
-5509
98268
-228
4067
-13147
234650
-494
8817
7639
-136382
266
-4749
13073
-233548
570
-10183
-15883
284050
-646
11553
-19113
341848
-988
17671
-7561
135280
-342
6119
-11133
199310
-380
6803
10375
-185782
418
-7485
-11817
211660
-418
7487
-9613
172254
-456
8171
38875
-696654
1444
-25877
-17517
313994
-494
8855
-20253
363394
-646
11591
-13717
246164
-684
12275
685
-12312
38
-683
15315
-276602
608
-10981
13187
-238222
570
-10297
13947
-252016
532
-9613
25917
-468730
874
-15807
-8321
150632
-380
6879
9843
-178372
304
-5509
-6953
126046
-304
5511
-44953
815100
-1444
26183
9159
-166136
266
-4825
-14743
267672
-494
8969
31579
-573838
1102
-20025
10489
-190684
418
-7599
21167
-384940
608
-11057
6347
-115482
190
-3457
-4901
89224
-190
3459
16911
-307990
532
-9689
-20253
368980
-874
15923
-7675
139878
-342
6233
-4217
76988
-152
2775
7753
-141740
266
-4863
-10487
192014
-494
9045
32415
-594586
1216
-22305
31769
-582768
1102
-20215
26145
-479674
874
-16035
-17631
323608
-646
11857
-14895
273562
-418
7677
11971
-220058
494
-9081
-13413
246620
-494
9083
20407
-375288
874
-16073
-24737
454974
-874
16075
-32565
598994
-1064
19571
-30893
568290
-1444
26563
-16225
298756
-646
11895
-9841
181260
-456
8399
13491
-248938
418
-7713
-10601
195662
-418
7715
-12007
221692
-494
9121
2851
-52706
76
-1405
-2849
52744
-76
1407
17747
-328814
646
-11969
-22077
409108
-646
11971
-17821
330410
-494
9159
-15541
288306
-760
14099
-48449
898890
-1444
26791
-7789
144552
-342
6347
9273
-172178
266
-4939
-7827
145388
-266
4941
6423
-119434
190
-3533
9995
-186124
304
-5661
-7105
132354
-304
5663
-10677
199006
-418
7791
-20709
386194
-646
12047
20635
-384864
874
-16301
-19873
370728
-988
18431
-3571
66690
-114
2129
21471
-401204
608
-11361
-12121
226594
-494
9235
-25003
467476
-874
16341
-11437
213902
-380
7107
-17859
334096
-646
12085
-18505
346218
-912
17063
37127
-694640
1444
-27017
13605
-254752
418
-7827
-12159
227734
-418
7829
-12121
227088
-570
10679
-4293
80522
-152
2851
34315
-643834
1444
-27093
12161
-228228
494
-9271
-10715
201134
-494
9273
14327
-269116
532
-9993
15771
-296666
608
-11437
-22267
419178
-646
12161
-20785
391324
-874
16455
-5737
108072
-228
4295
-13641
257108
-494
9311
7905
-149036
266
-5015
13643
-257374
570
-10753
-16529
312132
-646
12199
-20101
379620
-988
18659
-7903
149302
-342
6461
-11513
217626
-380
7183
10793
-204060
418
-7903
-12235
231382
-418
7905
-10069
190494
-456
8627
40319
-762850
1444
-27321
-18011
340860
-494
9349
-20899
395884
-646
12237
-14401
272840
-684
12959
723
-13718
38
-721
15923
-303506
608
-11589
13757
-262276
570
-10867
14479
-276108
532
-10145
26791
-511328
874
-16681
-8701
166212
-380
7259
10147
-194028
304
-5813
-7257
138814
-304
5815
-46397
887680
-1444
27627
9425
-180386
266
-5091
-15237
291878
-494
9463
32681
-626544
1102
-21127
10907
-209190
418
-8017
21775
-417772
608
-11665
6537
-125476
190
-3647
-5091
97774
-190
3649
17443
-335122
532
-10221
-21127
406030
-874
16797
-8017
154128
-342
6575
-4369
84132
-152
2927
8019
-154622
266
-5129
-10981
212040
-494
9539
33631
-650522
1216
-23521
32871
-635854
1102
-21317
27019
-522728
874
-16909
-18277
353742
-646
12503
-15313
296552
-418
8095
12465
-241604
494
-9575
-13907
269610
-494
9577
21281
-412642
874
-16947
-25611
496660
-874
16949
-33629
652194
-1064
20635
-32337
627190
-1444
28007
-16871
327522
-646
12541
-10297
199956
-456
8855
13909
-270560
418
-8131
-11019
214396
-418
8133
-12501
243314
-494
9615
18393
-359176
646
-12615
-22723
443802
-646
12617
-18315
357884
-494
9653
-16301
318706
-760
14859
-49893
975574
-1444
28235
-8131
159030
-342
6689
9539
-186656
266
-5205
-8093
158422
-266
5207
6613
-129580
190
-3723
10299
-202084
304
-5965
-7409
145426
-304
5967
-11095
217892
-418
8209
-21355
419596
-646
12693
21509
-422674
874
-17175
-20861
410020
-988
19419
-3685
72504
-114
2243
22079
-434644
608
-11969
-12615
248444
-494
9729
-25877
509694
-874
17215
-11817
232826
-380
7487
-18505
364686
-646
12731
-19417
382698
-912
17975
38571
-760228
1444
-28461
14023
-276602
418
-8245
-12577
248140
-418
8247
-12691
250458
-570
11249
-4445
87818
-152
3003
35759
-706686
1444
-28537
12655
-250154
494
-9765
-11209
221616
-494
9767
14859
-293968
532
-10525
16379
-324482
608
-12045
-22913
454252
-646
12807
-21659
429438
-874
17329
-5965
118332
-228
4523
-14135
280554
-494
9805
8171
-162222
266
-5281
14213
-282340
570
-11323
-17175
341506
-646
12845
-21089
419368
-988
19647
-8245
164008
-342
6803
-11893
236702
-380
7563
11211
-223174
418
-8321
-12653
251940
-418
8323
-10525
209646
-456
9083
41763
-831934
1444
-28765
-18505
368714
-494
9843
-21545
429666
-646
12883
-15085
300884
-684
13643
761
-15200
38
-759
16531
-331626
608
-12197
14327
-287470
570
-11437
15011
-301264
532
-10677
27665
-555674
874
-17555
-9081
182552
-380
7639
10451
-210292
304
-6117
-7561
152190
-304
6119
-47841
963148
-1444
29071
9691
-195168
266
-5357
-15731
317072
-494
9957
33783
-681454
1102
-22229
11325
-228532
418
-8435
22383
-451820
608
-12273
6727
-135850
190
-3837
-5281
106704
-190
3839
17975
-363318
532
-10753
-22001
444828
-874
17671
-8359
169062
-342
6917
-4521
91580
-152
3079
8285
-168036
266
-5395
-11475
233054
-494
10033
34847
-708890
1216
-24737
33973
-691144
1102
-22419
27893
-567530
874
-17783
-18923
385168
-646
13149
-15731
320378
-418
8513
12959
-264138
494
-10069
-14401
293588
-494
10071
22155
-451744
874
-17821
-26485
540094
-874
17823
-34693
707522
-1064
21699
-33781
688978
-1444
29451
-17517
357580
-646
13187
-10753
219564
-456
9311
14327
-293018
418
-8549
-11437
233966
-418
8551
-12995
265924
-494
10109
19039
-390830
646
-13261
-23369
479788
-646
13263
-17061
350626
-760
15619
-51337
1055146
-1444
29679
-8473
174192
-342
7031
9805
-201666
266
-5471
-8359
171988
-266
5473
6803
-140106
190
-3913
10603
-218652
304
-6269
-7713
159106
-304
6271
-11513
237614
-418
8627
-22001
454290
-646
13339
22383
-462232
874
-18049
-21849
451288
-988
20407
-3799
78546
-114
2357
22687
-469300
608
-12577
-13109
271282
-494
10223
-26751
553660
-874
18089
-12197
252510
-380
7867
-19151
396568
-646
13377
-20329
421002
-912
18887
40015
-828704
1444
-29905
14441
-299288
418
-8663
-12995
269382
-418
8665
-13261
274968
-570
11819
-4597
95418
-152
3155
37203
-772426
1444
-29981
13149
-273068
494
-10259
-11703
243086
-494
10261
15391
-319884
532
-11057
16987
-353514
608
-12653
-23559
490618
-646
13453
-22533
469300
-874
18203
-6193
129048
-228
4751
-14629
304988
-494
10299
8437
-175940
266
-5547
14783
-308446
570
-11893
-17821
372172
-646
13491
-22077
461092
-988
20635
-8587
179398
-342
7145
-12273
256538
-380
7943
11629
-243124
418
-8739
-13071
273334
-418
8741
-10981
229710
-456
9539
43207
-903906
1444
-30209
-22191
464740
-646
13529
-15769
330296
-684
14327
799
-16758
38
-797
17139
-360962
608
-12805
14897
-313804
570
-12007
15543
-327484
532
-11209
28539
-601768
874
-18429
-9461
199652
-380
8019
10755
-227164
304
-6421
-7865
166174
-304
6423
9957
-210482
266
-5623
-16225
343254
-494
10451
34885
-738568
1102
-23331
11743
-248710
418
-8853
22991
-487084
608
-12881
6917
-146604
190
-4027
-5471
116014
-190
4029
18507
-392578
532
-11285
-22875
485374
-874
18545
-8701
184680
-342
7259
-4673
99332
-152
3231
8551
-181982
266
-5661
-11969
255056
-494
10527
36063
-769690
1216
-25953
35075
-748638
1102
-23521
28767
-614080
874
-18657
-19569
417886
-646
13795
13453
-287660
494
-10563
-14895
318554
-494
10565
23029
-492594
874
-18695
-27359
585276
-874
18697
-35757
764978
-1064
22763
-35225
753654
-1444
30895
-18163
388930
-646
13833
-11209
240084
-456
9767
14745
-316312
418
-8967
-11855
254372
-418
8969
-13489
289522
-494
10603
19685
-423776
646
-13907
-24015
517066
-646
13909
-17821
384066
-760
16379
-8815
190038
-342
7373
10071
-217208
266
-5737
-8625
186086
-266
5739
6993
-151012
190
-4103
10907
-235828
304
-6573
-8017
173394
-304
6575
-11931
258172
-418
9045
-22647
490276
-646
13985
23257
-503538
874
-18923
-22837
494532
-988
21395
-3913
84816
-114
2471
-13603
295108
-494
10717
-27625
599374
-874
18963
-12577
272954
-380
8247
-19797
429742
-646
14023
-21241
461130
-912
19799
41459
-900068
1444
-31349
14859
-322810
418
-9081
-13413
291460
-418
9083
-13831
300618
-570
12389
-4749
103322
-152
3307
38647
-841054
1444
-31425
13643
-296970
494
-10753
-12197
265544
-494
10755
15923
-346864
532
-11589
17595
-383762
608
-13261
-24205
528276
-646
14099
-23407
510910
-874
19077
-6421
140220
-228
4979
-15123
330410
-494
10793
8703
-190190
266
-5813
15353
-335692
570
-12463
-18467
404130
-646
14137
-23065
504792
-988
21623
-8929
195472
-342
7487
-12653
277134
-380
8323
12047
-263910
418
-9157
-13489
295564
-418
9159
-11437
250686
-456
9995
44651
-978766
1444
-31653
-22837
501106
-646
14175
-16453
361076
-684
15011
837
-18392
38
-835
17747
-391514
608
-13413
15467
-341278
570
-12577
16075
-354768
532
-11741
29413
-649610
874
-19303
-9841
217512
-380
8399
11059
-244644
304
-6725
-8169
180766
-304
6727
-16719
370424
-494
10945
35987
-797886
1102
-24433
12161
-269724
418
-9271
7107
-157738
190
-4217
-5661
125704
-190
4219
19039
-422902
532
-11817
-23749
527668
-874
19419
-9043
200982
-342
7601
-4825
107388
-152
3383
8817
-196460
266
-5927
-12463
278046
-494
11021
37279
-832922
1216
-27169
36177
-808336
1102
-24623
29641
-662378
874
-19531
-20215
451896
-646
14441
13947
-312170
494
-11057
-15389
344508
-494
11059
23903
-535192
874
-19569
-28233
632206
-874
19571
-36821
824562
-1064
23827
-36669
821218
-1444
32339
-18809
421572
-646
14479
-11665
261516
-456
10223
15163
-340442
418
-9385
-12273
275614
-418
9387
-13983
314108
-494
11097
20331
-458014
646
-14553
-18581
419026
-760
17139
-9157
206568
-342
7715
-8891
200716
-266
6005
7183
-162298
190
-4293
11211
-253612
304
-6877
-8321
188290
-304
6879
-12349
279566
-418
9463
-23293
527554
-646
14631
24131
-546592
874
-19797
-23825
539752
-988
22383
-4027
91314
-114
2585
-14097
319922
-494
11211
-28499
646836
-874
19837
-12957
294158
-380
8627
-20443
464208
-646
14669
-22153
503082
-912
20711
42903
-974320
1444
-32793
15277
-347168
418
-9499
-13831
314374
-418
9501
-14401
327408
-570
12959
-4901
111530
-152
3459
40091
-912570
1444
-32869
14137
-321860
494
-11247
-12691
288990
-494
11249
16455
-374908
532
-12121
18203
-415226
608
-13869
-24281
554268
-874
19951
-6649
151848
-228
5207
-15617
356820
-494
11287
8969
-204972
266
-6079
15923
-364078
570
-13033
-19113
437380
-646
14783
-24053
550468
-988
22611
-9271
212230
-342
7829
-13033
298490
-380
8703
12465
-285532
418
-9575
-13907
318630
-418
9577
-11893
272574
-456
10451
46095
-1056514
1444
-33097
-23483
538764
-646
14821
-17137
393224
-684
15695
875
-20102
38
-873
18355
-423282
608
-14021
16037
-369892
570
-13147
16607
-383116
532
-12273
30287
-699200
874
-20177
-10221
236132
-380
8779
11363
-262732
304
-7029
-8473
195966
-304
7031
-17213
398582
-494
11439
37089
-859408
1102
-25535
12579
-291574
418
-9689
-5851
135774
-190
4409
19571
-454290
532
-12349
-24623
571710
-874
20293
-9385
217968
-342
7943
-4977
115748
-152
3535
9083
-211470
266
-6193
-12957
302024
-494
11515
38495
-898586
1216
-28385
37279
-870238
1102
-25725
30515
-712424
874
-20405
-20861
487198
-646
15087
14441
-337668
494
-11551
-15883
371450
-494
11553
24777
-579538
874
-20443
-29107
680884
-874
20445
-37885
886274
-1064
24891
-19455
455506
-646
15125
-12121
283860
-456
10679
15581
-365408
418
-9803
-12691
297692
-418
9805
-14477
339682
-494
11591
20977
-493544
646
-15199
-19341
455506
-760
17899
-9499
223782
-342
8057
-9157
215878
-266
6271
11515
-272004
304
-7181
-8625
203794
-304
7183
-12767
301796
-418
9881
-23939
566124
-646
15277
25005
-591394
874
-20671
-24813
586948
-988
23371
-4141
98040
-114
2699
-14591
345724
-494
11705
-29373
696046
-874
20711
-13337
316122
-380
9007
-21089
499966
-646
15315
-23065
546858
-912
21623
44347
-1051460
1444
-34237
15695
-372362
418
-9917
-14249
338124
-418
9919
-14971
355338
-570
13529
-5053
120042
-152
3611
14631
-347738
494
-11741
-13185
313424
-494
11743
16987
-404016
532
-12653
18811
-447906
608
-14477
-25155
599374
-874
20825
-6877
163932
-228
5435
-16111
384218
-494
11781
9235
-220286
266
-6345
16493
-393604
570
-13603
-19759
471922
-646
15429
-25041
598120
-988
23599
-9613
229672
-342
8171
-13413
320606
-380
9083
12883
-307990
418
-9993
-14325
342532
-418
9995
-12349
295374
-456
10907
47539
-1137150
1444
-34541
-24129
577714
-646
15467
-17821
426740
-684
16379
913
-21888
38
-911
18963
-456266
608
-14629
16607
-399646
570
-13717
17139
-412528
532
-12805
31161
-750538
874
-21051
-10601
255512
-380
9159
-8777
211774
-304
7335
-17707
427728
-494
11933
38191
-923134
1102
-26637
12997
-314260
418
-10107
-6041
146224
-190
4599
20103
-486742
532
-12881
-25497
617500
-874
21167
-9727
235638
-342
8285
-5129
124412
-152
3687
9349
-227012
266
-6459
-13451
326990
-494
12009
39711
-966682
1216
-29601
38381
-934344
1102
-26827
31389
-764218
874
-21279
-21507
523792
-646
15733
14935
-364154
494
-12045
-16377
399380
-494
12047
25651
-625632
874
-21317
-29981
731310
-874
21319
-38949
950114
-1064
25955
-20101
490732
-646
15771
-12577
307116
-456
11135
-13109
320606
-418
10223
-14971
366244
-494
12085
21623
-530366
646
-15845
-20101
493506
-760
18659
-9841
241680
-342
8399
-9423
231572
-266
6537
-8929
219906
-304
7487
-13185
324862
-418
10299
25879
-637944
874
-21545
-25801
636120
-988
24359
-4255
104994
-114
2813
-15085
372514
-494
12199
-30247
747004
-874
21585
-13717
338846
-380
9387
-21735
537016
-646
15961
-23977
592458
-912
22535
45791
-1131488
1444
-35681
-14667
362710
-418
10337
-15541
384408
-570
14099
-5205
128858
-152
3763
15125
-374604
494
-12235
-13679
338846
-494
12237
17519
-434188
532
-13185
19419
-481802
608
-15085
-26029
646228
-874
21699
-7105
176472
-228
5663
-16605
412604
-494
12275
9501
-236132
266
-6611
17063
-424270
570
-14173
-20405
507756
-646
16075
-26029
647748
-988
24587
-9955
247798
-342
8513
-13793
343482
-380
9463
13301
-331284
418
-10411
-14743
367270
-418
10413
-12805
319086
-456
11363
48983
-1220674
1444
-35985
-18505
461624
-684
17063
951
-23750
38
-949
19571
-490466
608
-15237
17177
-430540
570
-14287
17671
-443004
532
-13337
32035
-803624
874
-21925
-10981
275652
-380
9539
-9081
228190
-304
7639
-18201
457862
-494
12427
39293
-989064
1102
-27739
13415
-337782
418
-10525
-6231
157054
-190
4789
-26371
665038
-874
22041
-10069
253992
-342
8627
-5281
133380
-152
3839
9615
-243086
266
-6725
-13945
352944
-494
12503
40927
-1037210
1216
-30817
39483
-1000654
1102
-27929
32263
-817760
874
-22153
-22153
561678
-646
16379
15429
-391628
494
-12539
-16871
428298
-494
12541
26525
-673474
874
-22191
-30855
783484
-874
22193
-40013
1016082
-1064
27019
-20747
527250
-646
16417
-13033
331284
-456
11591
-13527
344356
-418
10641
-15465
393794
-494
12579
22269
-568480
646
-16491
-20861
533026
-760
19419
-10183
260262
-342
8741
-9689
247798
-266
6803
-9233
236626
-304
7791
-13603
348764
-418
10717
26753
-686242
874
-22419
-26789
687268
-988
25347
-15579
400292
-494
12693
-31121
799710
-874
22459
-14097
362330
-380
9767
-22381
575358
-646
16607
-24889
639882
-912
23447
47235
-1214404
1444
-37125
-15085
388132
-418
10755
-16111
414618
-570
14669
-5357
137978
-152
3915
15619
-402458
494
-12729
-14173
365256
-494
12731
18051
-465424
532
-13717
20027
-516914
608
-15693
-26903
694830
-874
22573
-7333
189468
-228
5891
-17099
441978
-494
12769
9767
-252510
266
-6877
17633
-456076
570
-14743
-21051
544882
-646
16721
-27017
699352
-988
25575
-10297
266608
-342
8855
-14173
367118
-380
9843
13719
-355414
418
-10829
-15161
392844
-418
10831
-13261
343710
-456
11819
-19189
497876
-684
17747
989
-25688
38
-987
20179
-525882
608
-15845
17747
-462574
570
-14857
18203
-474544
532
-13869
32909
-858458
874
-22799
-11361
296552
-380
9919
-9385
245214
-304
7943
-18695
488984
-494
12921
40395
-1057198
1102
-28841
13833
-362140
418
-10943
-6421
168264
-190
4979
-27245
714324
-874
22915
-10411
273030
-342
8969
-5433
142652
-152
3991
9881
-259692
266
-6991
-14439
379886
-494
12997
42143
-1110170
1216
-32033
40585
-1069168
1102
-29031
33137
-873050
874
-23027
-22799
600856
-646
17025
15923
-420090
494
-13033
-17365
458204
-494
13035
27399
-723064
874
-23065
-31729
837406
-874
23067
-21393
565060
-646
17063
-13489
356364
-456
12047
-13945
368942
-418
11059
-15959
422332
-494
13073
22915
-607886
646
-17137
-21621
574066
-760
20179
-10525
279528
-342
9083
-9955
264556
-266
7069
-9537
253954
-304
8095
-14021
373502
-418
11135
27627
-736288
874
-23293
-27777
740392
-988
26335
-16073
429058
-494
13187
-31995
854164
-874
23333
-23027
614992
-646
17253
-25801
689130
-912
24359
48679
-1300208
1444
-38569
-15503
414390
-418
11173
-16681
445968
-570
15239
-5509
147402
-152
4067
16113
-431300
494
-13223
-14667
392654
-494
13225
18583
-497724
532
-14249
20635
-553242
608
-16301
-27777
745180
-874
23447
-7561
202920
-228
6119
-17593
472340
-494
13263
10033
-269420
266
-7143
18203
-489022
570
-15313
-21697
583300
-646
17367
-28005
752932
-988
26563
-10639
286102
-342
9197
14137
-380380
418
-11247
-15579
419254
-418
11249
-13717
369246
-456
12275
-19873
535496
-684
18431
1027
-27702
38
-1025
20787
-562514
608
-16453
18317
-495748
570
-15427
18735
-507148
532
-14401
-11741
318212
-380
10299
-9689
262846
-304
8247
41497
-1127536
1102
-29943
14251
-387334
418
-11361
-6611
179854
-190
5169
-28119
765358
-874
23789
-10753
292752
-342
9311
-5585
152228
-152
4143
-14933
407816
-494
13491
43359
-1185562
1216
-33249
41687
-1139886
1102
-30133
-23445
641326
-646
17671
16417
-449540
494
-13527
-17859
489098
-494
13529
28273
-774402
874
-23939
-32603
893076
-874
23941
-22039
604162
-646
17709
-13945
382356
-456
12503
-14363
394364
-418
11477
-16453
451858
-494
13567
23561
-648584
646
-17783
-22381
616626
-760
20939
-10867
299478
-342
9425
-9841
271890
-304
8399
-14439
399076
-418
11553
28501
-788082
874
-24167
-28765
795492
-988
27323
-16567
458812
-494
13681
-32869
910366
-874
24207
-23673
655918
-646
17899
-26713
740202
-912
25271
50123
-1388900
1444
-40013
-17251
478458
-570
15809
-5661
157130
-152
4219
16607
-461130
494
-13717
-15161
421040
-494
13719
19115
-531088
532
-14781
21243
-590786
608
-16909
-28651
797278
-874
24321
-7789
216828
-228
6347
-18087
503690
-494
13757
18773
-523108
570
-15883
-22343
623010
-646
18013
-28993
808488
-988
27551
-10981
306280
-342
9539
14555
-406182
418
-11665
-14173
395694
-456
12731
-20557
574484
-684
19115
1065
-29792
38
-1063
21395
-600362
608
-17061
18887
-530062
570
-15997
19267
-540816
532
-14933
-12121
340632
-380
10679
-9993
281086
-304
8551
14669
-413364
418
-11779
-6801
191824
-190
5359
-28993
818140
-874
24663
-11095
313158
-342
9653
-5737
162108
-152
4295
-15427
436734
-494
13985
44575
-1263386
1216
-34465
-24091
683088
-646
18317
16911
-479978
494
-14021
-18353
520980
-494
14023
29147
-827488
874
-24813
-22685
644556
-646
18355
-14401
409260
-456
12959
-14781
420622
-418
11895
-16947
482372
-494
14061
24207
-690574
646
-18429
-23141
660706
-760
21699
-11209
320112
-342
9767
-10145
290434
-304
8703
-14857
425486
-418
11971
29375
-841624
874
-25041
-29753
852568
-988
28311
-17061
489554
-494
14175
-24319
698136
-646
18545
-27625
793098
-912
26183
51567
-1480480
1444
-41457
-17821
512088
-570
16379
17101
-491948
494
-14211
-15655
450414
-494
14213
19647
-565516
532
-15313
21851
-629546
608
-17517
-29525
851124
-874
25195
-8017
231192
-228
6575
-18581
536028
-494
14251
19343
-558334
570
-16453
-22989
664012
-646
18659
-29981
866020
-988
28539
-11323
327142
-342
9881
14973
-432820
418
-12083
-14629
423054
-456
13187
-21241
614840
-684
19799
1103
-31958
38
-1101
22003
-639426
608
-17669
19457
-565516
570
-16567
19799
-575548
532
-15465
-12501
363812
-380
11059
-10297
299934
-304
8855
15087
-440230
418
-12197
-6991
204174
-190
5549
-29867
872670
-874
25537
-11437
334248
-342
9995
-15921
466640
-494
14479
45791
-1343642
1216
-35681
17405
-511404
494
-14515
30021
-882322
874
-25687
-23331
686242
-646
19001
-14857
437076
-456
13415
-15199
447716
-418
12313
-17441
513874
-494
14555
-23901
706306
-760
22459
-11551
341430
-342
10109
-10449
309586
-304
9007
-15275
452732
-418
12389
30249
-896914
874
-25915
-30741
911620
-988
29299
-17555
521284
-494
14669
-28537
847818
-912
27095
-18391
546858
-570
16949
17595
-523754
494
-14705
-16149
480776
-494
14707
20179
-601008
532
-15845
22459
-669522
608
-18125
-30399
906718
-874
26069
-8245
246012
-228
6803
19913
-594700
570
-17023
-23635
706306
-646
19305
-30969
925528
-988
29527
-11665
348688
-342
10223
15391
-460294
418
-12501
-15085
451326
-456
13643
-21925
656564
-684
20483
1141
-34200
38
-1139
22611
-679706
608
-18277
20027
-602110
570
-17137
-12881
387752
-380
11439
-10601
319390
-304
9159
15505
-467932
418
-12615
-7181
216904
-190
5739
-30741
928948
-874
26411
-11779
356022
-342
10337
-16415
497534
-494
14973
17899
-543818
494
-15009
30895
-938904
874
-26561
-23977
729220
-646
19647
-15313
465804
-456
13871
-15617
475646
-418
12731
-17935
546364
-494
15049
-24661
753426
-760
23219
-11893
363432
-342
10451
-10753
329346
-304
9311
-15693
480814
-418
12807
31123
-953952
874
-26789
-31729
972648
-988
30287
-18049
554002
-494
15163
-29449
904362
-912
28007
-18961
582768
-570
17519
18089
-556548
494
-15199
-16643
512126
-494
15201
23067
-710714
608
-18733
-31273
964060
-874
26943
-8473
261288
-228
7031
20483
-632206
570
-17593
-24281
749892
-646
19951
-31957
987012
-988
30515
-12007
370918
-342
10565
15809
-488604
418
-12919
-15541
480510
-456
14099
-22609
699656
-684
21167
1179
-36518
38
-1177
20597
-639844
570
-17707
-13261
412452
-380
11819
-10905
339454
-304
9463
-31615
986974
-874
27285
-12121
378480
-342
10679
-16909
529416
-494
15467
18393
-577220
494
-15503
31769
-997234
874
-27435
-15769
495444
-456
14327
-18429
579842
-494
15543
-25421
802066
-760
23979
-12235
386118
-342
10793
-11057
349714
-304
9615
31997
-1012738
874
-27663
-32717
1035652
-988
31275
-18543
587708
-494
15657
-30361
962730
-912
28919
-19531
619818
-570
18089
18583
-590330
494
-15693
-17137
544464
-494
15695
-32147
1023150
-874
27817
21053
-670852
570
-18163
-32945
1050472
-988
31503
-12349
393832
-342
10907
-15997
510606
-456
14555
-23293
744116
-684
21851
1217
-38912
38
-1215
21167
-678718
570
-18277
-13641
437912
-380
12199
-11209
360126
-304
9767
-32489
1046748
-874
28159
-12463
401622
-342
11021
-17403
562286
-494
15961
32643
-1057312
874
-28309
-16225
525996
-456
14783
-26181
852226
-760
24739
-12577
409488
-342
11135
-11361
370690
-304
9919
32871
-1073272
874
-28537
-33705
1100632
-988
32263
-31273
1022922
-912
29831
-20101
658008
-570
18659
-17631
577790
-494
16189
-33021
1083988
-874
28691
21623
-710638
570
-18733
-33933
1115908
-988
32491
-12691
417430
-342
11249
-16453
541614
-456
15011
-23977
789944
-684
22535
1255
-41382
38
-1253
-14021
464132
-380
12579
-11513
381406
-304
10071
-12805
425448
-342
11363
-17897
596144
-494
16455
-16681
557460
-456
15239
-26941
903906
-760
25499
-12919
433542
-342
11477
-34693
1167588
-988
33251
-32185
1084938
-912
30743
-20671
697338
-570
19229
-18125
612104
-494
16683
-34921
1183320
-988
33479
-16909
573534
-456
15467
-24661
837140
-684
23219
1293
-43928
38
-1291
-14401
491112
-380
12959
-18391
630990
-494
16949
-17137
589836
-456
15695
-27701
957106
-760
26259
-35681
1236520
-988
34239
-33097
1148778
-912
31655
-21241
737808
-570
19799
-18619
647406
-494
17177
-35909
1252708
-988
34467
-25345
885704
-684
23903
1331
-46550
38
-1329
-28461
1011826
-760
27019
-36669
1307428
-988
35227
-34009
1214442
-912
32567
-36897
1324072
-988
35455
1369
-49248
38
-1367
1407
-52022
38
-1405
