1
26
0
1
-675
26
-26
1
7463
-598
312
-25
4759
-416
286
-25
-1377
130
-286
27
3407
-364
234
-25
-2755
312
-468
53
12273
-1430
884
-103
4759
-572
208
-25
-3405
442
-208
27
3407
-468
182
-25
-701
104
-182
27
3407
-546
156
-25
10895
-1898
442
-77
729
-130
286
-51
-1403
260
-286
53
-6161
1170
-416
79
-15079
2886
-1092
209
-805
156
-676
131
-1377
286
-130
27
-8865
1924
-364
79
-2755
624
-234
53
2055
-494
104
-25
-701
182
-104
27
-2911
780
-780
209
-2209
598
-676
183
3433
-962
182
-51
-4107
1196
-182
53
-6161
1872
-260
79
1379
-442
78
-25
2263
-780
676
-233
13937
-4836
1196
-415
7619
-2652
520
-181
10973
-3848
442
-155
807
-286
364
-129
4837
-1742
286
-103
2107
-780
208
-77
-753
286
-208
79
729
-286
130
-51
-1403
572
-130
53
-805
338
-312
131
11779
-4966
676
-285
-6369
2704
-676
287
-4133
1794
-182
79
3485
-1534
234
-103
807
-364
286
-129
-2157
988
-286
131
703
-338
52
-25
-701
364
-52
27
5565
-3016
286
-155
-6915
3796
-286
157
-2833
1586
-234
131
781
-442
182
-103
-5615
3224
-364
209
7333
-4238
988
-571
7619
-4420
312
-181
2107
-1248
130
-77
-2781
1690
-130
79
4863
-3016
208
-129
-3509
2210
-208
131
-2885
1846
-286
183
-9021
5824
-364
235
-961
624
-442
287
-6421
4186
-520
339
2471
-1612
676
-441
1457
-962
156
-103
-727
494
-78
53
859
-598
260
-181
807
-572
182
-129
-1481
1066
-182
131
-9879
7202
-572
417
-2521
1846
-676
495
2107
-1560
104
-77
-753
572
-104
79
3563
-2756
234
-181
963
-754
364
-285
2133
-1690
130
-103
-2911
2340
-260
209
-1221
988
-676
547
5071
-4108
416
-337
6319
-5148
286
-233
-6993
5746
-286
235
-1039
858
-442
365
-805
676
-156
131
4213
-3588
182
-155
-1507
1300
-182
157
2211
-1924
208
-181
-857
754
-208
183
6683
-5902
676
-597
-12089
10712
-676
599
-2911
2600
-234
209
6345
-5746
286
-259
-2963
2704
-286
261
-961
884
-312
287
27
-26
26
-25
7775
-8398
312
-337
5045
-5486
286
-311
-1663
1820
-286
313
3641
-4030
234
-259
-3223
3588
-468
521
13157
-14690
884
-987
4967
-5564
208
-233
-3613
4082
-208
235
3589
-4082
182
-207
-883
1014
-182
209
3563
-4134
156
-181
11337
-13312
442
-519
1015
-1196
286
-337
-1689
2002
-286
339
-6577
7826
-416
495
-1481
1768
-676
807
-1507
1820
-130
157
-9229
11232
-364
443
-2989
3666
-234
287
2159
-2678
104
-129
-805
1014
-104
131
-3691
4680
-780
989
-2885
3666
-676
859
3615
-4628
182
-233
-4289
5538
-182
235
-6421
8372
-260
339
1457
-1924
78
-103
2939
-3952
676
-909
15133
-20384
1196
-1611
8139
-10972
520
-701
11415
-15418
442
-597
1171
-1586
364
-493
5123
-6968
286
-389
2315
-3172
208
-285
-961
1326
-208
287
859
-1196
130
-181
-1533
2158
-130
183
-1117
1586
-312
443
12455
-17706
676
-961
-7045
10036
-676
963
-4315
6188
-182
261
3719
-5356
234
-337
1093
-1586
286
-415
-2443
3562
-286
417
755
-1118
52
-77
-753
1144
-52
79
5851
-9022
286
-441
-7201
11154
-286
443
-3067
4784
-234
365
963
-1508
182
-285
-5979
9412
-364
573
8321
-13130
988
-1559
7931
-12532
312
-493
2237
-3562
130
-207
-2911
4680
-130
209
5071
-8216
208
-337
-3717
6058
-208
339
-3171
5200
-286
469
-9385
15444
-364
599
-1403
2314
-442
729
-6941
11466
-520
859
3147
-5200
676
-1117
1613
-2678
156
-259
-805
1352
-78
131
1119
-1898
260
-441
989
-1690
182
-311
-1663
2860
-182
313
-10451
18070
-572
989
-3197
5538
-676
1171
2211
-3848
104
-181
-857
1508
-104
183
3797
-6734
234
-415
1327
-2366
364
-649
2263
-4056
130
-233
-1897
3432
-676
1223
5487
-9932
416
-753
6605
-11986
286
-519
-7279
13260
-286
521
-1481
2704
-442
807
-961
1768
-156
287
4395
-8138
182
-337
-1689
3146
-182
339
2419
-4524
208
-389
-1065
2002
-208
391
7359
-13858
676
-1273
-12765
24076
-676
1275
-3145
5954
-234
443
6631
-12636
286
-545
-3249
6214
-286
547
-1273
2444
-312
599
53
-104
26
-51
8087
-16822
312
-649
5331
-11128
286
-597
-1949
4082
-286
599
3875
-8164
234
-493
-3691
7800
-468
989
14041
-29718
884
-1871
5175
-10972
208
-441
-3821
8138
-208
443
3771
-8060
182
-389
-1065
2288
-182
391
3719
-8034
156
-337
1301
-2834
286
-623
-1975
4316
-286
625
-6993
15314
-416
911
-2157
4732
-676
1483
-1637
3614
-130
287
-3223
7176
-234
521
2263
-5070
104
-233
-909
2054
-104
235
-4471
10140
-780
1769
-3561
8086
-676
1535
3797
-8658
182
-415
-4471
10244
-182
417
-6681
15392
-260
599
1535
-3562
78
-181
3615
-8476
676
-1585
16329
-38324
1196
-2807
8659
-20332
520
-1221
1535
-3614
364
-857
5409
-12766
286
-675
2523
-5980
208
-493
-1169
2782
-208
495
989
-2366
130
-311
-1663
4004
-130
313
-1429
3458
-312
755
13131
-31798
676
-1637
-7721
18720
-676
1639
-4497
10946
-182
443
3953
-9646
234
-571
1379
-3380
286
-701
-2729
6708
-286
703
807
-2002
52
-129
-805
2028
-52
131
6137
-15600
286
-727
-3301
8450
-234
599
1145
-2938
182
-467
2367
-6136
130
-337
-3041
7930
-130
339
5279
-13832
208
-545
-3925
10322
-208
547
-3457
9126
-286
755
-1845
4888
-442
1171
-7461
19786
-520
1379
3823
-10140
676
-1793
1769
-4706
156
-415
-883
2366
-78
209
1379
-3718
260
-701
1171
-3172
182
-493
-1845
5018
-182
495
-11023
30082
-572
1561
-3873
10582
-676
1847
2315
-6344
104
-285
-961
2652
-104
287
4031
-11180
234
-649
1691
-4706
364
-1013
2393
-6682
130
-363
-2573
7228
-676
1899
5903
-16588
416
-1169
6891
-19396
286
-805
-1923
5434
-442
1249
-1117
3172
-156
443
4577
-13052
182
-519
-1871
5356
-182
521
2627
-7540
208
-597
-1273
3666
-208
599
8035
-23166
676
-1949
-13441
38792
-676
1951
-3379
9776
-234
677
6917
-20098
286
-831
-3535
10296
-286
833
-1585
4628
-312
911
79
-234
26
-77
5617
-17342
286
-883
-2235
6916
-286
885
4109
-12766
234
-727
-4159
12948
-468
1457
14925
-46514
884
-2755
5383
-16796
208
-649
-4029
12610
-208
651
3953
-12402
182
-571
-1247
3926
-182
573
3875
-12246
156
-493
1587
-5044
286
-909
-2261
7202
-286
911
-7409
23634
-416
1327
-2833
9048
-676
2159
-1767
5668
-130
417
-3457
11154
-234
755
2367
-7670
104
-337
-1013
3302
-104
339
-4237
13858
-676
2211
3979
-13052
182
-597
-4653
15314
-182
599
1613
-5356
78
-259
4291
-14352
676
-2261
9179
-30732
520
-1741
1899
-6370
364
-1221
5695
-19136
286
-961
2731
-9204
208
-701
-1377
4654
-208
703
1119
-3796
130
-441
-1793
6110
-130
443
-1741
5954
-312
1067
13807
-47242
676
-2313
-8397
28756
-676
2315
-4679
16068
-182
625
4187
-14404
234
-805
1665
-5746
286
-987
-3015
10426
-286
989
859
-2990
52
-181
-857
3016
-52
183
6423
-22750
286
-1013
-3535
12584
-234
833
1327
-4732
182
-649
2497
-8970
130
-467
-3171
11440
-130
469
-4133
15002
-208
755
-3743
13624
-286
1041
-2287
8346
-442
1613
-7981
29146
-520
1899
4499
-16432
676
-2469
-961
3536
-78
287
1639
-6058
260
-961
1353
-5018
182
-675
-2027
7540
-182
677
2419
-9048
104
-389
-1065
4004
-104
391
4265
-16094
234
-883
2055
-7774
364
-1377
2523
-9568
130
-493
-3249
12376
-676
2575
6319
-24076
416
-1585
7177
-27378
286
-1091
-2365
9048
-442
1691
-1273
4888
-156
599
-2053
7930
-182
703
2835
-10972
208
-805
-1481
5746
-208
807
8711
-33826
676
-2625
-14117
54860
-676
2627
-3613
14066
-234
911
7203
-28132
286
-1117
-3821
14950
-286
1119
-1897
7436
-312
1223
105
-416
26
-103
5903
-24128
286
-1169
-2521
10322
-286
1171
4343
-17836
234
-961
-4237
17498
-208
859
4135
-17108
182
-753
-1429
5928
-182
755
4031
-16770
156
-649
1873
-7826
286
-1195
-2547
10660
-286
1197
-7825
32786
-416
1743
-3509
14716
-676
2835
-1897
7982
-130
547
-3691
15600
-234
989
2471
-10478
104
-441
-1117
4758
-104
443
-4913
20982
-676
2887
4161
-17810
182
-779
1691
-7306
78
-337
4967
-21580
676
-2937
9699
-42172
520
-2261
2263
-9854
364
-1585
5981
-26078
286
-1247
2939
-12844
208
-909
-1585
6942
-208
911
1249
-5486
130
-571
-1923
8476
-130
573
-2053
9074
-312
1379
14483
-64038
676
-2989
-9073
40144
-676
2991
4421
-19630
234
-1039
1951
-8684
286
-1273
-3301
14716
-286
1275
911
-4082
52
-233
-909
4108
-52
235
6709
-30472
286
-1299
-3769
17186
-234
1067
1509
-6890
182
-831
2627
-12064
130
-597
-3301
15210
-130
599
-4341
20098
-208
963
-4029
18694
-286
1327
-2729
12688
-442
2055
-8501
39546
-520
2419
5175
-24076
676
-3145
-1039
4862
-78
365
1899
-8918
260
-1221
1535
-7228
182
-857
-2209
10426
-182
859
2523
-11960
104
-493
-1169
5564
-104
495
4499
-21476
234
-1117
2419
-11570
364
-1741
2653
-12714
130
-623
-3925
18876
-676
3251
6735
-32396
416
-2001
-2807
13546
-442
2133
-1429
6916
-156
755
-2235
10868
-182
885
3043
-14820
208
-1013
-1689
8242
-208
1015
9387
-45838
676
-3301
-14793
72280
-676
3303
-3847
18824
-234
1145
-4107
20176
-286
1405
-2209
10868
-312
1535
131
-650
26
-129
6189
-31486
286
-1455
-2807
14300
-286
1457
4577
-23374
234
-1195
-4445
22802
-208
1067
4317
-22178
182
-935
-1611
8294
-182
937
2159
-11180
286
-1481
-2833
14690
-286
1483
-8241
42770
-416
2159
-4185
21736
-676
3511
-2027
10556
-130
677
-3925
20514
-234
1223
2575
-13494
104
-545
-1221
6422
-104
547
-5589
29458
-676
3563
4343
-22932
182
-961
1769
-9412
78
-415
5643
-30160
676
-3613
10219
-54652
520
-2781
2627
-14066
364
-1949
6267
-33592
286
-1533
3147
-16900
208
-1117
-1793
9646
-208
1119
1379
-7436
130
-701
-2053
11102
-130
703
-2365
12818
-312
1691
15159
-82186
676
-3665
-9749
52884
-676
3667
4655
-25324
234
-1273
2237
-12194
286
-1559
-3587
19578
-286
1561
963
-5278
52
-285
-961
5304
-52
287
6995
-38766
286
-1585
-4003
22256
-234
1301
1691
-9412
182
-1013
2757
-15418
130
-727
-4549
25610
-208
1171
-4315
24336
-286
1613
-3171
17914
-442
2497
-9021
50986
-520
2939
5851
-33072
676
-3821
-1117
6344
-78
443
2159
-12298
260
-1481
1717
-9802
182
-1039
-2391
13676
-182
1041
2627
-15080
104
-597
-1273
7332
-104
599
4733
-27326
234
-1351
2783
-16094
364
-2105
2783
-16120
130
-753
-4601
26728
-676
3927
7151
-41548
416
-2417
-3249
18928
-442
2575
-1585
9256
-156
911
-2417
14170
-182
1067
3251
-19084
208
-1221
-1897
11154
-208
1223
10063
-59202
676
-3977
-4081
24050
-234
1379
-4393
25974
-286
1691
-2521
14924
-312
1847
157
-936
26
-155
6475
-39416
286
-1741
-3093
18850
-286
1743
4811
-29380
234
-1429
-4653
28522
-208
1275
4499
-27612
182
-1117
-1793
11024
-182
1119
2445
-15106
286
-1767
-3119
19292
-286
1769
-8657
53586
-416
2575
-4861
30108
-676
4187
-2157
13390
-130
807
-4159
25896
-234
1457
2679
-16718
104
-649
-1325
8294
-104
651
-6265
39286
-676
4239
4525
-28418
182
-1143
1847
-11674
78
-493
6319
-40092
676
-4289
10739
-68172
520
-3301
2991
-19006
364
-2313
6553
-41678
286
-1819
3355
-21372
208
-1325
-2001
12766
-208
1327
1509
-9646
130
-831
-2183
13988
-130
833
-2677
17186
-312
2003
15835
-101686
676
-4341
-10425
66976
-676
4343
4889
-31486
234
-1507
2523
-16276
286
-1845
-3873
25012
-286
1847
1015
-6578
52
-337
-1013
6604
-52
339
7281
-47632
286
-1871
-4237
27794
-234
1535
1873
-12298
182
-1195
2887
-19032
130
-857
-4757
31538
-208
1379
-4601
30550
-286
1899
-3613
24024
-442
2939
-9541
63466
-520
3459
6527
-43420
676
-4497
-1195
7982
-78
521
2419
-16198
260
-1741
1899
-12740
182
-1221
-2573
17290
-182
1223
-1377
9308
-104
703
4967
-33644
234
-1585
3147
-21346
364
-2469
2913
-19786
130
-883
-5277
35932
-676
4603
7567
-51532
416
-2833
-3691
25194
-442
3017
-1741
11908
-156
1067
-2599
17836
-182
1249
3459
-23764
208
-1429
-2105
14482
-208
1431
10739
-73918
676
-4653
-4315
29744
-234
1613
-4679
32344
-286
1977
-2833
19604
-312
2159
183
-1274
26
-181
6761
-47918
286
-2027
-3379
23972
-286
2029
5045
-35854
234
-1663
-4861
34658
-208
1483
4681
-33410
182
-1299
-1975
14118
-182
1301
2731
-19604
286
-2053
-3405
24466
-286
2055
-9073
65234
-416
2991
-5537
39832
-676
4863
-2287
16484
-130
937
-4393
31746
-234
1691
-1429
10374
-104
755
-6941
50466
-676
4915
4707
-34268
182
-1325
1925
-14092
78
-571
6995
-51376
676
-4965
11259
-82732
520
-3821
3355
-24674
364
-2677
6839
-50336
286
-2105
3563
-26260
208
-1533
-2209
16302
-208
1535
1639
-12116
130
-961
-2313
17134
-130
963
-2989
22178
-312
2315
-11101
82420
-676
5019
5123
-38116
234
-1741
2809
-20930
286
-2131
-4159
31018
-286
2133
1067
-7982
52
-389
-1065
8008
-52
391
-4471
33800
-234
1769
2055
-15548
182
-1377
3017
-22906
130
-987
-4965
37882
-208
1587
-4887
37336
-286
2185
-4055
31018
-442
3381
-10061
76986
-520
3979
7203
-55120
676
-5173
-1273
9776
-78
599
2679
-20618
260
-2001
2081
-16042
182
-1403
-2755
21268
-182
1405
-1481
11492
-104
807
5201
-40430
234
-1819
3511
-27326
364
-2833
3043
-23712
130
-1013
-5953
46488
-676
5279
7983
-62348
416
-3249
-4133
32344
-442
3459
-1897
14872
-156
1223
-2781
21866
-182
1431
3667
-28860
208
-1637
-2313
18226
-208
1639
11415
-89986
676
-5329
-4549
35906
-234
1847
-4965
39286
-286
2263
-3145
24908
-312
2471
209
-1664
26
-207
7047
-56992
286
-2313
-3665
29666
-286
2315
5279
-42796
234
-1897
-5069
41210
-208
1691
-2157
17576
-182
1483
3017
-24674
286
-2339
-3691
30212
-286
2341
-9489
77714
-416
3407
-6213
50908
-676
5539
-2417
19838
-130
1067
-4627
38064
-234
1925
-1533
12662
-104
859
-7617
62998
-676
5591
2003
-16666
78
-649
7671
-64012
676
-5641
11779
-98332
520
-4341
3719
-31070
364
-3041
7125
-59566
286
-2391
3771
-31564
208
-1741
-2417
20254
-208
1743
1769
-14846
130
-1091
-2443
20540
-130
1093
-3301
27794
-312
2627
-11777
99216
-676
5695
5357
-45214
234
-1975
3095
-26156
286
-2417
-4445
37596
-286
2419
1119
-9490
52
-441
-1117
9516
-52
443
-4705
40274
-234
2003
2237
-19162
182
-1559
3147
-27040
130
-1117
-5173
44642
-208
1795
-5173
44694
-286
2471
-4497
38896
-442
3823
-10581
91546
-520
4499
7879
-68172
676
-5849
-1351
11726
-78
677
2939
-25558
260
-2261
2263
-19708
182
-1585
-2937
25610
-182
1587
-1585
13884
-104
911
5435
-47684
234
-2053
3875
-34034
364
-3197
3173
-27898
130
-1143
-6629
58396
-676
5955
8399
-73996
416
-3665
-4575
40378
-442
3901
-2053
18148
-156
1379
-2963
26260
-182
1613
3875
-34372
208
-1845
-2521
22386
-208
1847
12091
-107406
676
-6005
-4783
42536
-234
2081
-5251
46800
-286
2549
-3457
30836
-312
2783
235
-2106
26
-233
7333
-66638
286
-2599
-3951
35932
-286
2601
5513
-50206
234
-2131
-5277
48178
-208
1899
-2339
21398
-182
1665
3303
-30316
286
-2625
-3977
36530
-286
2627
-9905
91026
-416
3823
-6889
63336
-676
6215
-2547
23452
-130
1197
-4861
44850
-234
2159
-1637
15158
-104
963
-8293
76882
-676
6267
12299
-114972
520
-4861
4083
-38194
364
-3405
7411
-69368
286
-2677
3979
-37284
208
-1949
-2625
24622
-208
1951
1899
-17836
130
-1221
-2573
24206
-130
1223
-3613
34034
-312
2939
-12453
117364
-676
6371
5591
-52780
234
-2209
3381
-31954
286
-2703
-4731
44746
-286
2705
1171
-11102
52
-493
-1169
11128
-52
495
-4939
47216
-234
2237
2419
-23140
182
-1741
3277
-31434
130
-1247
-5381
51818
-208
2003
-5459
52624
-286
2757
-4939
47658
-442
4265
-11101
107146
-520
5019
8555
-82576
676
-6525
-1429
13832
-78
755
3199
-31018
260
-2521
2445
-23738
182
-1767
-3119
30316
-182
1769
-1689
16484
-104
1015
5669
-55406
234
-2287
4239
-41470
364
-3561
3303
-32344
130
-1273
-7305
71656
-676
6631
8815
-86476
416
-4081
-5017
49296
-442
4343
-2209
21736
-156
1535
-3145
31018
-182
1795
4083
-40300
208
-2053
-2729
26962
-208
2055
12767
-126178
676
-6681
-5017
49634
-234
2315
-5537
54886
-286
2835
-3769
37388
-312
3095
261
-2600
26
-259
-4237
42770
-286
2887
5747
-58084
234
-2365
-2521
25584
-182
1847
3589
-36530
286
-2911
-4263
43420
-286
2913
-10321
105170
-416
4239
-7565
77116
-676
6891
-2677
27326
-130
1327
-5095
52104
-234
2393
-1741
17862
-104
1067
-8969
92118
-676
6943
12819
-132652
520
-5381
4447
-46046
364
-3769
4187
-43420
208
-2157
-2833
29406
-208
2159
2029
-21086
130
-1351
-2703
28132
-130
1353
-3925
40898
-312
3251
-13129
136864
-676
7047
5825
-60814
234
-2443
3667
-38324
286
-2989
-5017
52468
-286
2991
1223
-12818
52
-545
-1221
12844
-52
547
-5173
54626
-234
2471
2601
-27482
182
-1923
-5745
61126
-286
3043
-5381
57304
-442
4707
-11621
123786
-520
5539
9231
-98332
676
-7201
-1507
16094
-78
833
3459
-36998
260
-2781
2627
-28132
182
-1949
-3301
35386
-182
1951
-1793
19292
-104
1119
5903
-63596
234
-2521
4603
-49634
364
-3925
-7981
86268
-676
7307
9231
-99788
416
-4497
-5459
59098
-442
4785
-2365
25636
-156
1691
-3327
36140
-182
1977
4291
-46644
208
-2261
-2937
31954
-208
2263
13443
-146302
676
-7357
-5251
57200
-234
2549
-5823
63544
-286
3121
-4081
44564
-312
3407
287
-3146
26
-285
-4523
50180
-286
3173
5981
-66430
234
-2599
-2703
30134
-182
2029
3875
-43316
286
-3197
-4549
50882
-286
3199
-10737
120146
-416
4655
-2807
31460
-130
1457
-5329
59826
-234
2627
-1845
20774
-104
1171
-9645
108706
-676
7619
13339
-151372
520
-5901
4811
-54626
364
-4133
4395
-49972
208
-2365
-3041
34606
-208
2367
2159
-24596
130
-1481
-2833
32318
-130
1483
-4237
48386
-312
3563
-13805
157716
-676
7723
6059
-69316
234
-2677
3953
-45266
286
-3275
-5303
60762
-286
3277
1275
-14638
52
-597
-1273
14664
-52
599
-5407
62504
-234
2705
2783
-32188
182
-2105
-6031
70200
-286
3329
-5823
67834
-442
5149
-12141
141466
-520
6059
-1585
18512
-78
911
3719
-43498
260
-3041
2809
-32890
182
-2131
-3483
40820
-182
2133
-1897
22308
-104
1223
4967
-58526
364
-4289
-8657
102232
-676
7983
9647
-113932
416
-4913
-5901
69784
-442
5227
-2521
29848
-156
1847
-3509
41626
-182
2159
4499
-53404
208
-2469
-3145
37362
-208
2471
14119
-167778
676
-8033
-5485
65234
-234
2783
-6109
72774
-286
3407
-4393
52364
-312
3719
313
-3744
26
-311
-4809
58162
-286
3459
-2885
35048
-182
2211
4161
-50674
286
-3483
-4835
58916
-286
3485
-2937
35854
-130
1587
-5563
68016
-234
2861
-1949
23894
-104
1275
-10321
126646
-676
8295
5175
-63934
364
-4497
4603
-56940
208
-2573
-3249
40222
-208
2575
2289
-28366
130
-1611
-2963
36764
-130
1613
-4549
56498
-312
3875
-14481
179920
-676
8399
4239
-52780
286
-3561
-5589
69628
-286
3563
1327
-16562
52
-649
-1325
16588
-52
651
-5641
70850
-234
2939
2965
-37258
182
-2287
-6317
79846
-286
3615
-6265
79248
-442
5591
-12661
160186
-520
6579
-1663
21086
-78
989
3979
-50518
260
-3301
2991
-38012
182
-2313
-3665
46618
-182
2315
-2001
25532
-104
1327
5331
-68146
364
-4653
-9333
119548
-676
8659
10063
-128908
416
-5329
-6343
81354
-442
5669
-2677
34372
-156
2003
-3691
47476
-182
2341
4707
-60580
208
-2677
-3353
43186
-208
2679
14795
-190606
676
-8709
-5719
73736
-234
3017
-6395
82576
-286
3693
-4705
60788
-312
4031
339
-4394
26
-337
-5095
66716
-286
3745
-3067
40326
-182
2393
4447
-58604
286
-3769
-5121
67522
-286
3771
-3067
40508
-130
1717
-5797
76674
-234
3095
-2053
27222
-104
1379
-10997
145938
-676
8971
5539
-73970
364
-4861
4811
-64324
208
-2781
-3457
46254
-208
2783
2419
-32396
130
-1741
-3093
41470
-130
1743
-4861
65234
-312
4187
-15157
203476
-676
9075
4525
-60866
286
-3847
-5875
79066
-286
3849
-5875
79664
-234
3173
3147
-42692
182
-2469
-6603
90064
-286
3901
-6707
91546
-442
6033
-13181
179946
-520
7099
-1741
23816
-78
1067
4239
-58058
260
-3561
3173
-43498
182
-2495
-3847
52780
-182
2497
-2105
28964
-104
1431
5695
-78494
364
-5017
10479
-144716
416
-5745
-6785
93808
-442
6111
-2833
39208
-156
2159
-3873
53690
-182
2523
4915
-68172
208
-2885
-3561
49426
-208
2887
-5953
82706
-234
3251
-6681
92950
-286
3979
-5017
69836
-312
4343
365
-5096
26
-363
-5381
75842
-286
4031
-3249
45968
-182
2575
4733
-67106
286
-4055
-5407
76700
-286
4057
-3197
45422
-130
1847
-6031
85800
-234
3329
-2157
30758
-104
1483
-11673
166582
-676
9647
5903
-84734
364
-5225
5019
-72124
208
-2989
-3665
52702
-208
2991
2549
-36686
130
-1871
-3223
46436
-130
1873
-5173
74594
-312
4499
-15833
228384
-676
9751
4811
-69524
286
-4133
-6161
89076
-286
4135
3329
-48490
182
-2651
-6889
100854
-286
4187
-7149
104728
-442
6475
-1819
26702
-78
1145
4499
-66118
260
-3821
3355
-49348
182
-2677
-4029
59306
-182
2679
-2209
32604
-104
1535
6059
-89570
364
-5381
-7227
107146
-442
6553
-2989
44356
-156
2315
-4055
60268
-182
2705
5123
-76180
208
-3093
-3769
56082
-208
3095
-6967
103896
-286
4265
-5329
79508
-312
4655
391
-5850
26
-389
-5667
85540
-286
4317
-3431
51974
-182
2757
5019
-76180
286
-4341
-5693
86450
-286
4343
-3327
50596
-130
1977
-2261
34502
-104
1587
-12349
188578
-676
10323
6267
-96226
364
-5589
5227
-80340
208
-3197
-3873
59566
-208
3199
2679
-41236
130
-2001
-3353
51662
-130
2003
-5485
84578
-312
4811
5097
-78754
286
-4419
-6447
99658
-286
4421
3511
-54652
182
-2833
-7175
112216
-286
4473
-7591
118794
-442
6917
-1897
29744
-78
1223
4759
-74698
260
-4081
3537
-55562
182
-2859
-4211
66196
-182
2861
-2313
36452
-104
1639
6423
-101374
364
-5745
-7669
121368
-442
6995
-3145
49816
-156
2471
-4237
67210
-182
2887
5331
-84604
208
-3301
-3977
63154
-208
3303
-7253
115414
-286
4551
-5641
89804
-312
4967
417
-6656
26
-415
-5953
95810
-286
4603
-3613
58344
-182
2939
5305
-85826
286
-4627
-5979
96772
-286
4629
-2365
38454
-104
1691
-13025
211926
-676
10999
6631
-108446
364
-5953
-4081
66846
-208
3407
2809
-46046
130
-2131
-5797
95186
-312
5123
5383
-88556
286
-4705
-6733
110812
-286
4707
3693
-61178
182
-3015
-8033
133744
-442
7359
-1975
32942
-78
1301
5019
-83798
260
-4341
3719
-62140
182
-3041
-4393
73450
-182
3043
-2417
40508
-104
1743
6787
-113906
364
-6109
-8111
136474
-442
7437
-3301
55588
-156
2627
-4419
74516
-182
3069
-4185
70642
-208
3511
-5953
100724
-312
5279
443
-7514
26
-441
-6239
106652
-286
4889
-3795
65078
-182
3121
5591
-96044
286
-4913
-6265
107666
-286
4915
-2469
42614
-104
1795
6995
-121394
364
-6317
-4289
74542
-208
3615
2939
-51116
130
-2261
-6109
106418
-312
5435
5669
-98930
286
-4991
-7019
122538
-286
4993
3875
-68068
182
-3197
-8475
149578
-442
7801
5279
-93418
260
-4601
3901
-69082
182
-3223
-4575
81068
-182
3225
-2521
44772
-104
1847
7151
-127166
364
-6473
-8553
152464
-442
7879
-3457
61672
-156
2783
-4601
82186
-182
3251
-4393
78546
-208
3719
-6265
112268
-312
5591
469
-8424
26
-467
-6525
118066
-286
5175
-3977
72176
-182
3303
5877
-106834
286
-5199
-6551
119132
-286
5201
-2573
46982
-104
1899
7359
-135070
364
-6681
-4497
82654
-208
3823
3069
-56446
130
-2391
-6421
118274
-312
5747
5955
-109876
286
-5277
-7305
134836
-286
5279
4057
-75322
182
-3379
-8917
166296
-442
8243
5539
-103558
260
-4861
4083
-76388
182
-3405
-2625
49244
-104
1951
7515
-141154
364
-6837
-8995
169338
-442
8321
-3613
68068
-156
2939
-4601
86866
-208
3927
-6577
124436
-312
5903
495
-9386
26
-493
-6811
130052
-286
5461
-4159
79638
-182
3485
6163
-118196
286
-5485
-6837
131170
-286
5487
-2677
51558
-104
2003
7723
-149474
364
-7045
-4705
91182
-208
4031
3199
-62036
130
-2521
-6733
130754
-312
6059
6241
-121394
286
-5563
4239
-82940
182
-3561
-9359
183898
-442
8685
5799
-114218
260
-5121
4265
-84058
182
-3587
7879
-155870
364
-7201
-9437
187096
-442
8763
-3769
74776
-156
3095
-4809
95602
-208
4135
-6889
137228
-312
6215
521
-10400
26
-519
-7097
142610
-286
5747
-4341
87464
-182
3667
6449
-130130
286
-5771
-7123
143780
-286
5773
8087
-164606
364
-7409
-4913
100126
-208
4239
3329
-67886
130
-2651
-7045
143858
-312
6371
6527
-133484
286
-5849
4421
-90922
182
-3743
-9801
202384
-442
9127
6059
-125398
260
-5381
4447
-92092
182
-3769
8243
-171314
364
-7565
-9879
205738
-442
9205
-3925
81796
-156
3251
-5017
104754
-208
4343
-7201
150644
-312
6527
547
-11466
26
-545
-7383
155740
-286
6033
-4523
95654
-182
3849
6735
-142636
286
-6057
-7409
156962
-286
6059
8451
-180466
364
-7773
-5121
109486
-208
4447
-7357
157586
-312
6683
6813
-146146
286
-6135
4603
-99268
182
-3925
-10243
221754
-442
9569
6319
-137098
260
-5641
4629
-100490
182
-3951
8607
-187486
364
-7929
-10321
225264
-442
9647
-5225
114322
-208
4551
-7513
164684
-312
6839
573
-12584
26
-571
-4705
104208
-182
4031
7021
-155714
286
-6343
8815
-197054
364
-8137
-5329
119262
-208
4655
-7669
171938
-312
6995
7099
-159380
286
-6421
-10685
242008
-442
10011
6579
-149318
260
-5901
8971
-204386
364
-8293
-10763
245674
-442
10089
-7825
179348
-312
7151
599
-13754
26
-597
7307
-169364
286
-6629
9179
-214370
364
-8501
-7981
186914
-312
7307
7385
-173186
286
-6707
-11127
263146
-442
10453
9335
-222014
364
-8657
-11205
266968
-442
10531
625
-14976
26
-623
651
-16250
26
-649
