1
34
0
1
-1155
34
-34
1
17375
-1054
544
-33
-5813
374
-544
35
12751
-884
476
-33
12751
-952
442
-33
-11593
918
-442
35
-1189
102
-408
35
10507
-918
1156
-101
-29001
2584
-1156
103
-5813
544
-374
35
3503
-340
340
-33
12785
-1326
646
-67
-7003
748
-646
69
-1189
136
-306
35
8127
-986
272
-33
-5813
748
-272
35
4659
-646
238
-33
-4691
680
-476
69
-10573
1564
-1156
171
12819
-1904
680
-101
12785
-1938
442
-67
-13939
2176
-442
69
-7037
1122
-646
103
-8227
1326
-850
137
-1189
204
-204
35
8161
-1462
374
-67
-7003
1292
-374
69
3503
-680
170
-33
-4691
952
-340
69
35089
-7242
1972
-407
26759
-5542
816
-169
12853
-2686
646
-135
12819
-2720
476
-101
9317
-2040
306
-67
15199
-3434
748
-169
3571
-816
442
-101
-10505
2448
-442
103
3503
-850
136
-33
-1189
306
-136
35
15335
-4046
1156
-305
-24581
6528
-1156
307
1259
-340
374
-101
-7037
1938
-374
103
7005
-1972
238
-67
-4691
1360
-238
69
1259
-374
340
-101
-8193
2482
-340
103
-8227
2550
-442
137
-5949
1870
-544
171
-10607
3366
-646
205
-10641
3400
-748
239
-8363
2686
-850
273
-29205
9418
-952
307
-33047
10676
-2108
681
2381
-782
204
-67
-1189
408
-102
35
3639
-1292
476
-169
2449
-884
374
-135
-11695
4284
-374
137
3571
-1326
272
-101
-1257
476
-272
103
-5167
1972
-1428
545
-1597
612
-1156
443
-8261
3196
-442
171
3537
-1394
170
-67
-4691
1904
-170
69
12887
-5338
408
-169
11833
-4964
646
-271
4727
-2006
238
-101
-1257
544
-238
103
-1393
612
-544
239
24787
-10914
1156
-509
-15537
6868
-1156
511
-1291
578
-306
137
2483
-1122
374
-169
-5949
2720
-374
171
-14075
6528
-442
205
-4861
2278
-510
239
1191
-578
68
-33
-1189
612
-68
35
12989
-6902
510
-271
1395
-748
442
-237
7141
-3876
374
-203
-10607
5814
-374
205
9419
-5202
306
-169
-11899
6630
-612
341
19449
-10880
1700
-951
17647
-9894
544
-305
7073
-4012
238
-135
-3603
2074
-238
137
-10777
6256
-646
375
-1393
816
-408
239
1259
-748
170
-101
-2413
1462
-170
103
7209
-4420
442
-271
-25975
16014
-884
545
-1869
1156
-1156
715
8263
-5134
272
-169
-5949
3740
-272
171
1395
-884
374
-237
-10641
6800
-374
239
-13021
8398
-476
307
2381
-1564
102
-67
22747
-15368
1156
-781
-18121
12274
-1156
783
4115
-2788
952
-645
21387
-14518
850
-577
15539
-10574
748
-509
12003
-8194
646
-441
13091
-8976
544
-373
7243
-4998
442
-305
3707
-2584
340
-237
-10641
7480
-340
239
3639
-2584
238
-169
-1325
952
-238
171
6053
-4386
374
-271
-11831
8636
-374
273
-5371
3944
-1020
749
17137
-12614
1292
-951
3571
-2652
136
-101
-1257
952
-136
103
4965
-3808
442
-339
-11899
9180
-442
341
-10981
8500
-748
579
-1393
1088
-306
239
-3841
3026
-476
375
-9757
7718
-646
511
-1801
1428
-816
647
18259
-14484
1156
-917
-22881
18190
-1156
919
-2447
1972
-170
137
6087
-4964
374
-305
-4929
4046
-374
307
5951
-4930
204
-169
21523
-18054
850
-713
15573
-13090
646
-543
1531
-1292
442
-373
-2685
2278
-442
375
-10981
9350
-680
579
-13123
11186
-1836
1565
-11389
9724
-1156
987
-3671
3162
-238
205
3707
-3230
272
-237
-1393
1224
-272
239
9521
-8432
306
-271
15607
-13940
646
-577
-9825
8806
-646
579
-8397
7582
-340
307
7277
-6596
374
-339
-5303
4828
-748
681
36109
-32946
1564
-1427
13091
-11968
408
-373
3877
-3570
442
-407
-2719
2516
-442
409
-3909
3638
-476
443
13227
-12376
544
-509
-1665
1564
-544
511
35
-34
34
-33
17919
-19006
544
-577
-6357
6766
-544
579
13227
-14144
476
-509
13193
-14178
442
-475
-12035
12988
-442
477
-1597
1734
-408
443
11663
-12682
1156
-1257
-30157
32844
-1156
1259
-6187
6766
-374
409
3843
-4216
340
-373
13431
-14824
646
-713
-7649
8466
-646
715
-1495
1666
-306
341
8399
-9418
272
-305
-6085
6868
-272
307
4897
-5576
238
-271
-5167
5916
-476
545
-11729
13464
-1156
1327
13499
-15504
680
-781
13227
-15232
442
-509
-14381
16626
-442
511
-7683
8908
-646
749
-9077
10540
-850
987
-1393
1632
-204
239
8535
-10064
374
-441
-7377
8738
-374
443
3673
-4386
170
-203
-5031
6052
-340
409
37061
-44710
1972
-2379
27575
-33286
816
-985
13499
-16320
646
-781
13295
-16116
476
-577
9623
-11730
306
-373
15947
-19550
748
-917
4013
-4930
442
-543
-10947
13498
-442
545
3639
-4522
136
-169
-1325
1666
-136
171
16491
-20842
1156
-1461
-25737
32572
-1156
1463
1633
-2074
374
-475
-7411
9452
-374
477
7243
-9282
238
-305
-4929
6358
-238
307
1599
-2074
340
-441
-8533
11118
-340
443
-8669
11356
-442
579
-6493
8534
-544
715
-11253
14824
-646
851
-11389
15028
-748
987
-9213
12172
-850
1123
-30157
39882
-952
1259
-35155
46512
-2108
2789
2585
-3434
204
-271
-1291
1734
-102
137
4115
-5576
476
-645
2823
-3842
374
-509
-12069
16490
-374
511
3843
-5270
272
-373
-1529
2108
-272
375
-2753
3808
-1156
1599
-8703
12070
-442
613
3707
-5168
170
-237
-4861
6834
-170
239
13295
-18802
408
-577
12479
-17714
646
-917
4965
-7072
238
-339
-1495
2142
-238
341
-1937
2788
-544
783
25943
-37366
1156
-1665
-16693
24072
-1156
1667
-1597
2312
-306
443
2857
-4148
374
-543
-6323
9214
-374
545
-14517
21250
-442
647
-5371
7888
-510
749
1259
-1870
68
-101
-1257
1904
-68
103
13499
-20672
510
-781
1837
-2822
442
-679
7515
-11594
374
-577
-10981
17000
-374
579
9725
-15096
306
-475
-12511
19482
-612
953
21149
-32980
1700
-2651
18191
-28390
544
-849
7311
-11458
238
-373
-3841
6052
-238
375
-11423
18054
-646
1021
-1801
2856
-408
647
1429
-2278
170
-271
-2583
4148
-170
273
7651
-12342
442
-713
-3025
4896
-1156
1871
8535
-13838
272
-441
-6221
10132
-272
443
1769
-2890
374
-611
-11015
18054
-374
613
-13497
22202
-476
783
2483
-4114
102
-169
23903
-40052
1156
-1937
-19277
32334
-1156
1939
5067
-8500
952
-1597
22237
-37332
850
-1427
16287
-27370
748
-1257
12649
-21284
646
-1087
13635
-22984
544
-917
7685
-12988
442
-747
4047
-6868
340
-577
-10981
18700
-340
579
3877
-6630
238
-407
-1563
2686
-238
409
6427
-11084
374
-645
-12205
21114
-374
647
-6391
11084
-1020
1769
18429
-31994
1292
-2243
3707
-6460
136
-237
-1393
2448
-136
239
5407
-9554
442
-781
-12341
21862
-442
783
-11729
20808
-748
1327
-1699
3026
-306
545
-4317
7718
-476
851
-10403
18632
-646
1157
-2617
4692
-816
1463
19415
-34816
1156
-2073
-24037
43146
-1156
2075
-2617
4726
-170
307
6461
-11730
374
-679
-5303
9656
-374
681
6155
-11254
204
-373
22373
-41140
850
-1563
16219
-29852
646
-1189
1973
-3638
442
-815
-3127
5780
-442
817
-11661
21590
-680
1259
-14959
27710
-1836
3401
-12545
23256
-1156
2143
-3909
7276
-238
443
3979
-7446
272
-509
-1665
3128
-272
511
9827
-18530
306
-577
16253
-30770
646
-1223
-10471
19856
-646
1225
-8737
16626
-340
647
7651
-14586
374
-713
-6051
11560
-748
1429
37673
-72046
1564
-2991
13499
-25840
408
-781
4319
-8296
442
-849
-3161
6086
-442
851
-4385
8466
-476
919
13771
-26656
544
-1053
-2209
4284
-544
1055
69
-136
34
-67
18463
-38046
544
-1121
-6901
14246
-544
1123
13703
-28356
476
-985
13635
-28288
442
-917
-12477
25942
-442
919
-2005
4182
-408
851
12819
-26758
1156
-2413
-31313
65416
-1156
2415
-6561
13736
-374
783
4183
-8772
340
-713
14077
-29614
646
-1359
-8295
17476
-646
1361
-1801
3808
-306
647
8671
-18394
272
-577
-6357
13532
-272
579
5135
-10982
238
-509
-5643
12104
-476
1021
-12885
27676
-1156
2483
14179
-30464
680
-1461
13669
-29410
442
-951
-14823
31960
-442
953
-8329
17986
-646
1395
-9927
21454
-850
1837
-1597
3468
-204
443
8909
-19414
374
-815
-7751
16932
-374
817
3843
-8432
170
-373
14145
-31246
646
-1427
13771
-30464
476
-1053
9929
-22032
306
-679
16695
-37162
748
-1665
4455
-9928
442
-985
-11389
25432
-442
987
3775
-8466
136
-305
-1461
3298
-136
307
17647
-39950
1156
-2617
-26893
60928
-1156
2619
2007
-4556
374
-849
-7785
17714
-374
851
7481
-17068
238
-543
-5167
11832
-238
545
1939
-4454
340
-781
-8873
20434
-340
783
-9111
21046
-442
1021
-7037
16286
-544
1259
-11899
27574
-646
1497
-12137
28152
-748
1735
-10063
23358
-850
1973
-31109
72250
-952
2211
-37263
86564
-2108
4897
2789
-6494
204
-475
-1393
3264
-102
239
4591
-10812
476
-1121
3197
-7548
374
-883
-12443
29444
-374
885
4115
-9758
272
-645
-1801
4284
-272
647
-3909
9316
-1156
2755
-9145
21828
-442
1055
3877
-9282
170
-407
-5031
12104
-170
409
13703
-33082
408
-985
13125
-31756
646
-1563
5203
-12614
238
-577
-1733
4216
-238
579
-2481
6052
-544
1327
27099
-66130
1156
-2821
-17849
43588
-1156
2823
-1903
4658
-306
749
3231
-7922
374
-917
-6697
16456
-374
919
-14959
36856
-442
1089
-5881
14518
-510
1259
1327
-3298
68
-169
-1325
3332
-68
171
14009
-35462
510
-1291
2279
-5780
442
-1121
7889
-20060
374
-951
-11355
28934
-374
953
10031
-25602
306
-781
7549
-19380
238
-611
-4079
10506
-238
613
-12069
31144
-646
1667
-2209
5712
-408
1055
1599
-4148
170
-441
-2753
7174
-170
443
8093
-21148
442
-1155
-4181
10948
-1156
3027
8807
-23086
272
-713
-6493
17068
-272
715
2143
-5644
374
-985
-11389
30056
-374
987
-13973
36958
-476
1259
2585
-6868
102
-271
25059
-67048
1156
-3093
-20433
54706
-1156
3095
6019
-16116
952
-2549
23087
-61846
850
-2277
17035
-45662
748
-2005
13295
-35666
646
-1733
14179
-38080
544
-1461
8127
-21862
442
-1189
4387
-11832
340
-917
-11321
30600
-340
919
4115
-11152
238
-645
-1801
4896
-238
647
6801
-18530
374
-1019
-12579
34340
-374
1021
-7411
20264
-1020
2789
19721
-53958
1292
-3535
3843
-10540
136
-373
-1529
4216
-136
375
5849
-16184
442
-1223
-12783
35428
-442
1225
-12477
34612
-748
2075
-2005
5576
-306
851
-4793
13362
-476
1327
-11049
30838
-646
1803
-3433
9588
-816
2279
20571
-57460
1156
-3229
-25193
70414
-1156
3231
-2787
7820
-170
477
6835
-19244
374
-1053
-5677
16014
-374
1055
6359
-17986
204
-577
23223
-65926
850
-2413
16865
-47906
646
-1835
2415
-6868
442
-1257
-3569
10166
-442
1259
-12341
35190
-680
1939
-16795
47906
-1836
5237
-13701
39100
-1156
3299
-4147
11866
-238
681
4251
-12206
272
-781
-1937
5576
-272
783
10133
-29240
306
-883
16899
-48892
646
-1869
-11117
32198
-646
1871
-9077
26350
-340
987
8025
-23324
374
-1087
4761
-13906
442
-1291
-3603
10540
-442
1293
-4861
14246
-476
1395
14315
-42024
544
-1597
-2753
8092
-544
1599
103
-306
34
-101
-7445
22814
-544
1667
14179
-43520
476
-1461
14077
-43282
442
-1359
-12919
39780
-442
1361
-2413
7446
-408
1259
13975
-43146
1156
-3569
-32469
100300
-1156
3571
-6935
21454
-374
1157
4523
-14008
340
-1053
14723
-45696
646
-2005
-8941
27778
-646
2007
-2107
6562
-306
953
8943
-27914
272
-849
-6629
20740
-272
851
5373
-16864
238
-747
-6119
19244
-476
1497
-14041
44200
-1156
3639
14859
-46784
680
-2141
14111
-44472
442
-1393
-8975
28356
-646
2041
-10777
34068
-850
2687
-1801
5712
-204
647
9283
-29512
374
-1189
-8125
25874
-374
1191
4013
-12818
170
-543
14791
-47464
646
-2073
14247
-45764
476
-1529
10235
-32946
306
-985
17443
-56270
748
-2413
4897
-15810
442
-1427
-11831
38250
-442
1429
3911
-12682
136
-441
-1597
5202
-136
443
18803
-61370
1156
-3773
-28049
91596
-1156
3775
2381
-7786
374
-1223
-8159
26724
-374
1225
7719
-25330
238
-781
-5405
17782
-238
783
2279
-7514
340
-1121
-9213
30430
-340
1123
-9553
31620
-442
1463
-7581
25126
-544
1803
-12545
41616
-646
2143
-12885
42772
-748
2483
-10913
36244
-850
2823
-32061
106522
-952
3163
-39371
130832
-2108
7005
2993
-9962
204
-679
-1495
4998
-102
341
5067
-17000
476
-1597
3571
-12002
374
-1257
4387
-14790
272
-917
-2073
7004
-272
919
-5065
17136
-1156
3911
-9587
32470
-442
1497
4047
-13736
170
-577
-5201
17714
-170
579
13771
-47090
646
-2209
5441
-18632
238
-815
-1971
6766
-238
817
-3025
10404
-544
1871
28255
-97206
1156
-3977
-19005
65416
-1156
3979
-2209
7616
-306
1055
3605
-12444
374
-1291
-7071
24446
-374
1293
-6391
22168
-510
1769
1395
-4862
68
-237
-1393
4896
-68
239
14519
-51272
510
-1801
2721
-9622
442
-1563
8263
-29274
374
-1325
-11729
41616
-374
1327
10337
-36720
306
-1087
7787
-27778
238
-849
-4317
15436
-238
851
-12715
45526
-646
2313
-2617
9384
-408
1463
1769
-6358
170
-611
-2923
10540
-170
613
8535
-30838
442
-1597
9079
-32878
272
-985
-6765
24548
-272
987
2517
-9146
374
-1359
-11763
42806
-374
1361
-14449
52666
-476
1735
2687
-9826
102
-373
26215
-96356
1156
-4249
-21589
79390
-1156
4251
6971
-25636
952
-3501
23937
-88060
850
-3127
17783
-65450
748
-2753
13941
-51340
646
-2379
14723
-54264
544
-2005
8569
-31620
442
-1631
4727
-17476
340
-1257
4353
-16150
238
-883
-2039
7582
-238
885
7175
-26724
374
-1393
-8431
31484
-1020
3809
21013
-78506
1292
-4827
3979
-14892
136
-509
-1665
6256
-136
511
6291
-23698
442
-1665
-13225
49878
-442
1667
-13225
49912
-748
2823
-2311
8738
-306
1157
-5269
19958
-476
1803
-11695
44336
-646
2449
-4249
16116
-816
3095
21727
-82416
1156
-4385
-26349
99994
-1156
4387
-2957
11254
-170
647
7209
-27506
374
-1427
-6051
23120
-374
1429
6563
-25126
204
-781
24073
-92412
850
-3263
17511
-67252
646
-2481
2857
-10982
442
-1699
-4011
15436
-442
1701
-13021
50150
-680
2619
-18631
71774
-1836
7073
-14857
57256
-1156
4455
-4385
16932
-238
919
4523
-17510
272
-1053
-2209
8568
-272
1055
17545
-68306
646
-2515
-11763
45832
-646
2517
-9417
36754
-340
1327
8399
-32810
374
-1461
5203
-20400
442
-1733
-4045
15878
-442
1735
-5337
20978
-476
1871
14859
-58480
544
-2141
-3297
12988
-544
2143
137
-544
34
-135
-7989
32470
-544
2211
14655
-59636
476
-1937
14519
-59160
442
-1801
-13361
54502
-442
1803
-2821
11526
-408
1667
15131
-61846
1156
-4725
-33625
137496
-1156
4727
-7309
29920
-374
1531
4863
-19924
340
-1393
15369
-63070
646
-2651
-9587
39372
-646
2653
-2413
9928
-306
1259
9215
-37978
272
-1121
-6901
28492
-272
1123
5611
-23222
238
-985
-6595
27336
-476
1973
-15197
63036
-1156
4795
15539
-64464
680
-2821
14553
-60418
442
-1835
-9621
40018
-646
2687
-11627
48382
-850
3537
-2005
8364
-204
851
9657
-40358
374
-1563
-8499
35564
-374
1565
4183
-17544
170
-713
15437
-64974
646
-2719
14723
-62016
476
-2005
18191
-76874
748
-3161
5339
-22576
442
-1869
-12273
51952
-442
1871
4047
-17170
136
-577
-1733
7378
-136
579
19959
-85102
1156
-4929
-29205
124576
-1156
4931
2755
-11764
374
-1597
-8533
36482
-374
1599
7957
-34068
238
-1019
-5643
24208
-238
1021
2619
-11254
340
-1461
-9553
41106
-340
1463
-9995
43078
-442
1905
-8125
35054
-544
2347
-13191
56950
-646
2789
-13633
58888
-748
3231
-11763
50830
-850
3673
-1597
6936
-102
443
5543
-24140
476
-2073
3945
-17204
374
-1631
4659
-20366
272
-1189
-2345
10268
-272
1191
-6221
27268
-1156
5067
-10029
43996
-442
1939
4217
-18530
170
-747
-5371
23664
-170
749
14417
-63716
646
-2855
5679
-25126
238
-1053
-2209
9792
-238
1055
-3569
15844
-544
2415
29411
-130594
1156
-5133
-20161
89556
-1156
5135
-2515
11186
-306
1361
3979
-17714
374
-1665
-7445
33184
-374
1667
-6901
30838
-510
2279
1463
-6562
68
-305
-1461
6596
-68
307
15029
-68102
510
-2311
3163
-14348
442
-2005
8637
-39236
374
-1699
-12103
55046
-374
1701
8025
-36652
238
-1087
-4555
20842
-238
1089
-13361
61200
-646
2959
-3025
13872
-408
1871
1939
-8908
170
-781
-3093
14246
-170
783
8977
-41412
442
-2039
-7037
32572
-272
1259
2891
-13396
374
-1733
-12137
56304
-374
1735
-14925
69326
-476
2211
2789
-12988
102
-475
27371
-127976
1156
-5405
-22745
106386
-1156
5407
7923
-37060
952
-4453
24787
-115974
850
-3977
18531
-86734
748
-3501
14587
-68306
646
-3025
15267
-71536
544
-2549
9011
-42262
442
-2073
5067
-23800
340
-1597
4591
-21624
238
-1121
-2277
10744
-238
1123
7549
-35666
374
-1767
-9451
44744
-1020
4829
22305
-105638
1292
-6119
4115
-19516
136
-645
-1801
8568
-136
647
6733
-32096
442
-2107
-13667
65212
-442
2109
-13973
66708
-748
3571
-2617
12512
-306
1463
-5745
27506
-476
2279
-12341
59126
-646
3095
-5065
24276
-816
3911
22883
-109684
1156
-5541
-27505
131886
-1156
5543
-3127
15028
-170
817
7583
-36516
374
-1801
-6425
30974
-374
1803
6767
-32674
204
-985
24923
-120598
850
-4113
18157
-87890
646
-3127
3299
-15980
442
-2141
-4453
21590
-442
2143
-13701
66470
-680
3299
-20467
99314
-1836
8909
-16013
77724
-1156
5611
-4623
22474
-238
1157
4795
-23358
272
-1325
-2481
12104
-272
1327
18191
-89012
646
-3161
-12409
60758
-646
3163
-9757
47838
-340
1667
8773
-43044
374
-1835
5645
-27778
442
-2175
-4487
22100
-442
2177
-5813
28662
-476
2347
15403
-76024
544
-2685
-3841
18972
-544
2687
171
-850
34
-169
-8533
43214
-544
2755
15131
-76704
476
-2413
14961
-75922
442
-2243
-13803
70108
-442
2245
-3229
16422
-408
2075
16287
-82858
1156
-5881
-34781
177004
-1156
5883
-7683
39134
-374
1905
5203
-26520
340
-1733
16015
-81736
646
-3297
-10233
52258
-646
3299
-2719
13906
-306
1565
-7173
36788
-272
1395
5849
-30056
238
-1223
-7071
36380
-476
2449
-16353
84184
-1156
5951
16219
-83504
680
-3501
14995
-77248
442
-2277
-10267
52972
-646
3333
-12477
64396
-850
4387
-2209
11424
-204
1055
10031
-51952
374
-1937
-8873
46002
-374
1939
4353
-22610
170
-883
16083
-83776
646
-3365
15199
-79220
476
-2481
18939
-98974
748
-3909
5781
-30226
442
-2311
-12715
66538
-442
2313
4183
-21930
136
-713
-1869
9826
-136
715
21115
-111146
1156
-6085
3129
-16490
374
-1971
-8907
46988
-374
1973
-5881
31110
-238
1259
2959
-15674
340
-1801
-9893
52462
-340
1803
-10437
55420
-442
2347
-8669
46070
-544
2891
-13837
73576
-646
3435
-14381
76500
-748
3979
-12613
67116
-850
4523
-1699
9078
-102
545
6019
-32232
476
-2549
4319
-23154
374
-2005
4931
-26486
272
-1461
-2617
14076
-272
1463
-7377
39712
-1156
6223
-10471
56406
-442
2381
4387
-23664
170
-917
-5541
29954
-170
919
15063
-81634
646
-3501
5917
-32096
238
-1291
-2447
13294
-238
1293
-4113
22372
-544
2959
30567
-166294
1156
-6289
-21317
116008
-1156
6291
-2821
15368
-306
1667
4353
-23732
374
-2039
-7819
42670
-374
2041
-7411
40528
-510
2789
1531
-8398
68
-373
-1529
8432
-68
375
15539
-85952
510
-2821
3605
-19958
442
-2447
9011
-49946
374
-2073
-12477
69224
-374
2075
-4793
26724
-238
1327
-14007
78166
-646
3605
-3433
19176
-408
2279
2109
-11798
170
-951
-3263
18292
-170
953
9419
-52870
442
-2481
-7309
41140
-272
1531
3265
-18394
374
-2107
-12511
70550
-374
2109
-15401
86938
-476
2687
2891
-16354
102
-577
28527
-161908
1156
-6561
-23901
135694
-1156
6563
8875
-50388
952
-5405
25637
-145588
850
-4827
19279
-109514
748
-4249
15233
-86564
646
-3671
15811
-89896
544
-3093
9453
-53788
442
-2515
5407
-30804
340
-1937
4829
-27574
238
-1359
-2515
14382
-238
1361
7923
-45356
374
-2141
-10471
60044
-1020
5849
23597
-135354
1292
-7411
4251
-24412
136
-781
-1937
11152
-136
783
7175
-41378
442
-2549
-14109
81430
-442
2551
-14721
85000
-748
4319
-2923
16898
-306
1769
-6221
36006
-476
2755
-12987
75208
-646
3741
-5881
34068
-816
4727
24039
-139264
1156
-6697
-28661
166090
-1156
6699
-3297
19142
-170
987
7957
-46274
374
-2175
-6799
39576
-374
2177
25773
-150484
850
-4963
18803
-109820
646
-3773
3741
-21862
442
-2583
-4895
28628
-442
2585
-14381
84150
-680
3979
-22303
130526
-1836
10745
-17169
100504
-1156
6767
-4861
28492
-238
1395
5067
-29750
272
-1597
-2753
16184
-272
1599
18837
-111010
646
-3807
-13055
76976
-646
3809
-10097
59602
-340
2007
9147
-54026
374
-2209
6087
-36040
442
-2617
-4929
29206
-442
2619
-6289
37298
-476
2823
15947
-94656
544
-3229
-4385
26044
-544
3231
205
-1224
34
-203
-9077
55046
-544
3299
15607
-94724
476
-2889
-14245
86598
-442
2687
-3637
22134
-408
2483
17443
-106182
1156
-7037
-35937
218824
-1156
7039
-8057
49096
-374
2279
5543
-33796
340
-2073
16661
-101694
646
-3943
-10879
66436
-646
3945
-3025
18496
-306
1871
-7445
45628
-272
1667
6087
-37366
238
-1461
-7547
46376
-476
2925
-17509
107644
-1156
7107
16899
-103904
680
-4181
-10913
67218
-646
3979
-13327
82110
-850
5237
-2413
14892
-204
1259
10405
-64294
374
-2311
-9247
57188
-374
2313
4523
-28016
170
-1053
16729
-103870
646
-4011
15675
-97376
476
-2957
19687
-122570
748
-4657
6223
-38760
442
-2753
-13157
82008
-442
2755
4319
-26962
136
-849
-2005
12546
-136
851
22271
-139502
1156
-7241
3503
-21964
374
-2345
-9281
58242
-374
2347
-6119
38488
-238
1497
3299
-20774
340
-2141
-10233
64498
-340
2143
-10879
68646
-442
2789
-9213
58174
-544
3435
-14483
91494
-646
4081
-15129
95608
-748
4727
-13463
85102
-850
5373
-1801
11424
-102
647
6495
-41276
476
-3025
4693
-29852
374
-2379
5203
-33150
272
-1733
-2889
18428
-272
1735
-8533
54468
-1156
7379
-10913
69700
-442
2823
4557
-29138
170
-1087
-5711
36584
-170
1089
15709
-100844
646
-4147
6155
-39542
238
-1529
-2685
17272
-238
1531
-4657
29988
-544
3503
31723
-204306
1156
-7445
-22473
144772
-1156
7447
-3127
20162
-306
1973
4727
-30498
374
-2413
-8193
52904
-374
2415
-7921
51238
-510
3299
1599
-10370
68
-441
-1597
10404
-68
443
16049
-104822
510
-3331
4047
-26452
442
-2889
9385
-61404
374
-2447
-5031
33082
-238
1565
-14653
96424
-646
4251
-3841
25296
-408
2687
2279
-15028
170
-1121
-3433
22678
-170
1123
9861
-65212
442
-2923
-7581
50252
-272
1803
3639
-24140
374
-2481
-15877
105502
-476
3163
2993
-19924
102
-679
29683
-198152
1156
-7717
-25057
167314
-1156
7719
9827
-65620
952
-6357
26487
-176902
850
-5677
20027
-133790
748
-4997
15879
-106114
646
-4317
16355
-109344
544
-3637
9895
-66198
442
-2957
5747
-38488
340
-2277
5067
-34000
238
-1597
-2753
18496
-238
1599
8297
-55794
374
-2515
-11491
77384
-1020
6869
24889
-167654
1292
-8703
4387
-29580
136
-917
-2073
14008
-136
919
7617
-51544
442
-2991
-14551
98532
-442
2993
-15469
104788
-748
5067
-3229
21896
-306
2075
-6697
45458
-476
3231
-13633
92582
-646
4387
-6697
45492
-816
5543
25195
-171156
1156
-7853
-29817
202606
-1156
7855
-3467
23596
-170
1157
8331
-56780
374
-2549
-7173
48926
-374
2551
26623
-182070
850
-5813
19449
-133042
646
-4419
4183
-28628
442
-3025
-5337
36550
-442
3027
-15061
103190
-680
4659
-24139
165410
-1836
12581
-18325
125596
-1156
7923
-5099
34986
-238
1633
5339
-36686
272
-1869
-3025
20808
-272
1871
19483
-134300
646
-4453
-13701
94486
-646
4455
-10437
72046
-340
2347
9521
-65756
374
-2583
6529
-45186
442
-3059
-5371
37196
-442
3061
-6765
46886
-476
3299
16491
-114376
544
-3773
-4929
34204
-544
3775
239
-1666
34
-237
-9621
67966
-544
3843
16083
-113696
476
-3365
-14687
103972
-442
3129
-4045
28662
-408
2891
18599
-131818
1156
-8193
-8431
59806
-374
2653
5883
-41752
340
-2413
17307
-122944
646
-4589
-11525
81906
-646
4591
-3331
23698
-306
2177
-7717
55012
-272
1939
6325
-45152
238
-1699
-8023
57324
-476
3401
17579
-125664
680
-4861
-11559
82756
-646
4625
-14177
101524
-850
6087
-2617
18768
-204
1463
10779
-77384
374
-2685
-9621
69122
-374
2687
4693
-33762
170
-1223
17375
-125256
646
-4657
16151
-116484
476
-3433
20435
-147662
748
-5405
6665
-48178
442
-3195
-13599
98362
-442
3197
4455
-32266
136
-985
-2141
15538
-136
987
23427
-170170
1156
-8397
3877
-28186
374
-2719
-9655
70244
-374
2721
-6357
46342
-238
1735
3639
-26554
340
-2481
-10573
77214
-340
2483
-11321
82756
-442
3231
-9757
71366
-544
3979
-15129
110704
-646
4727
-15877
116212
-748
5475
-14313
104788
-850
6223
-1903
13974
-102
749
6971
-51272
476
-3501
5067
-37298
374
-2753
5475
-40358
272
-2005
-3161
23324
-272
2007
-9689
71536
-1156
8535
-11355
83878
-442
3265
4727
-34952
170
-1257
16355
-121346
646
-4793
6393
-47464
238
-1767
-2923
21726
-238
1769
-5201
38692
-544
4047
32879
-244630
1156
-8601
-23629
175848
-1156
8603
-3433
25568
-306
2279
5101
-38012
374
-2787
-8567
63886
-374
2789
-8431
62968
-510
3809
1667
-12478
68
-509
-1665
12512
-68
511
16559
-124712
510
-3841
4489
-33830
442
-3331
9759
-73610
374
-2821
-5269
39916
-238
1803
-15299
115974
-646
4897
-4249
32232
-408
3095
2449
-18598
170
-1291
-3603
27404
-170
1293
10303
-78438
442
-3365
-7853
59908
-272
2075
4013
-30634
374
-2855
3095
-23698
102
-781
30839
-236708
1156
-8873
-26213
201246
-1156
8875
10779
-82756
952
-7309
27337
-209916
850
-6527
20775
-159562
748
-5745
16525
-126956
646
-4963
16899
-129880
544
-4181
10337
-79492
442
-3399
6087
-46852
340
-2617
5305
-40902
238
-1835
-2991
23086
-238
1837
8671
-66980
374
-2889
-12511
96764
-1020
7889
26181
-202538
1292
-9995
4523
-35020
136
-1053
-2209
17136
-136
1055
8059
-62594
442
-3433
-14993
116518
-442
3435
-16217
126072
-748
5815
-3535
27506
-306
2381
-7173
55862
-476
3707
-14279
111248
-646
5033
-7513
58548
-816
6359
26351
-205360
1156
-9009
-30973
241434
-1156
9011
-3637
28390
-170
1327
8705
-68034
374
-2923
-7547
59024
-374
2925
27473
-215356
850
-6663
20095
-157556
646
-5065
4625
-36278
442
-3467
-5779
45356
-442
3469
-15741
123590
-680
5339
-25975
203966
-1836
14417
-19481
153000
-1156
9079
-5337
41956
-238
1871
5611
-44166
272
-2141
-3297
25976
-272
2143
20129
-158882
646
-5099
-14347
113288
-646
5101
-10777
85170
-340
2687
9895
-78234
374
-2957
6971
-55216
442
-3501
-5813
46070
-442
3503
-7241
57426
-476
3775
17035
-135184
544
-4317
-5473
43452
-544
4319
273
-2176
34
-271
-10165
81974
-544
4387
-4453
36006
-408
3299
19755
-159766
1156
-9349
-8805
71264
-374
3027
6223
-50388
340
-2753
17953
-145486
646
-5235
-12171
98668
-646
5237
-3637
29512
-306
2483
-7989
64940
-272
2211
6563
-53414
238
-1937
-8499
69224
-476
3877
18259
-148784
680
-5541
-12205
99586
-646
5271
-15027
122638
-850
6937
-2821
23052
-204
1667
11153
-91222
374
-3059
-9995
81804
-374
3061
4863
-39848
170
-1393
18021
-147934
646
-5303
21183
-174250
748
-6153
7107
-58480
442
-3637
-14041
115600
-442
3639
4591
-37842
136
-1121
-2277
18802
-136
1123
24583
-203150
1156
-9553
4251
-35156
374
-3093
-10029
82994
-374
3095
-6595
54672
-238
1973
3979
-33014
340
-2821
-10913
90610
-340
2823
-11763
97750
-442
3673
-10301
85646
-544
4523
-15775
131206
-646
5373
-16625
138312
-748
6223
-15163
126174
-850
7073
-2005
16728
-102
851
7447
-62220
476
-3977
5441
-45492
374
-3127
5747
-48110
272
-2277
-3433
28764
-272
2279
-10845
90916
-1156
9691
-11797
98940
-442
3707
4897
-41106
170
-1427
17001
-143140
646
-5439
6631
-55862
238
-2005
-3161
26656
-238
2007
-5745
48484
-544
4591
34035
-287266
1156
-9757
-24785
209236
-1156
9759
-3739
31586
-306
2585
5475
-46274
374
-3161
-8941
75616
-374
3163
-8941
75718
-510
4319
1735
-14722
68
-577
-1733
14756
-68
579
17069
-145622
510
-4351
4931
-42092
442
-3773
10133
-86564
374
-3195
-5507
47226
-238
2041
-15945
136816
-646
5543
-4657
39984
-408
3503
2619
-22508
170
-1461
-3773
32470
-170
1463
10745
-92548
442
-3807
-8125
70108
-272
2347
4387
-37876
374
-3229
3197
-27676
102
-883
31995
-277576
1156
-10029
-27369
237490
-1156
10031
11731
-101796
952
-8261
28187
-244630
850
-7377
21523
-186830
748
-6493
17171
-149090
646
-5609
17443
-151504
544
-4725
10779
-93670
442
-3841
6427
-55896
340
-2957
5543
-48280
238
-2073
-3229
28152
-238
2075
9045
-78914
374
-3263
-2345
20536
-136
1191
8501
-74528
442
-3875
-16965
148852
-748
6563
-3841
33728
-306
2687
-7649
67218
-476
4183
-14925
131206
-646
5679
-8329
73236
-816
7175
27507
-241876
1156
-10165
-32129
282574
-1156
10167
-3807
33524
-170
1497
9079
-80036
374
-3297
-7921
69870
-374
3299
28323
-250342
850
-7513
20741
-183362
646
-5711
5067
-44812
442
-3909
-6221
55046
-442
3911
-16421
145350
-680
6019
-27811
246194
-1836
16253
-20637
182716
-1156
10235
-5575
49402
-238
2109
5883
-52190
272
-2413
-3569
31688
-272
2415
20775
-184756
646
-5745
-14993
133382
-646
5747
-11117
98974
-340
3027
10269
-91460
374
-3331
7413
-66130
442
-3943
-6255
55828
-442
3945
-7717
68918
-476
4251
17579
-157080
544
-4861
-6017
53788
-544
4863
307
-2754
34
-305
-10709
97070
-544
4931
-4861
44166
-408
3707
20911
-190026
1156
-10505
-9179
83470
-374
3401
6563
-59704
340
-3093
18599
-169320
646
-5881
-12817
116722
-646
5883
-3943
35938
-306
2789
-8261
75412
-272
2483
6801
-62152
238
-2175
18939
-173264
680
-6221
-12851
117708
-646
5917
-15877
145452
-850
7787
-3025
27744
-204
1871
11527
-105808
374
-3433
-10369
95234
-374
3435
5033
-46274
170
-1563
18667
-171904
646
-5949
21931
-202334
748
-6901
7549
-69666
442
-4079
-14483
133722
-442
4081
-2413
22338
-136
1259
25739
-238442
1156
-10709
4625
-42874
374
-3467
-10403
96492
-374
3469
-6833
63478
-238
2211
4319
-40154
340
-3161
-11253
104686
-340
3163
-12205
113628
-442
4115
-10845
101014
-544
5067
-16421
153000
-646
6019
-17373
161908
-748
6971
-16013
149260
-850
7923
-2107
19686
-102
953
7923
-74120
476
-4453
5815
-54434
374
-3501
6019
-56406
272
-2549
-3705
34748
-272
2551
-12001
112608
-1156
10847
-12239
114886
-442
4149
5067
-47600
170
-1597
17647
-166226
646
-6085
6869
-64736
238
-2243
-3399
32062
-238
2245
-6289
59364
-544
5135
35191
-332214
1156
-10913
-25941
244936
-1156
10915
-4045
38216
-306
2891
5849
-55284
374
-3535
-9315
88094
-374
3537
-9451
89488
-510
4829
1803
-17102
68
-645
-1801
17136
-68
647
5373
-51238
442
-4215
10507
-100266
374
-3569
-5745
55012
-238
2279
-16591
158950
-646
6189
-5065
48552
-408
3911
2789
-26758
170
-1631
-3943
37876
-170
1633
11187
-107542
442
-4249
-8397
80852
-272
2619
4761
-45866
374
-3603
3299
-31858
102
-985
33151
-320756
1156
-11185
-28525
276046
-1156
11187
12683
-122740
952
-9213
22271
-215594
748
-7241
17817
-172516
646
-6255
17987
-174216
544
-5269
11221
-108732
442
-4283
6767
-65620
340
-3297
5781
-56134
238
-2311
-3467
33694
-238
2313
9419
-91596
374
-3637
-2481
24208
-136
1327
8943
-87346
442
-4317
-17713
173128
-748
7311
-4147
40562
-306
2993
-8125
79526
-476
4659
-15571
152456
-646
6325
-9145
89556
-816
7991
28663
-280704
1156
-11321
-33285
326026
-1156
11323
-3977
38998
-170
1667
9453
-92786
374
-3671
-8295
81464
-374
3673
21387
-210460
646
-6357
5509
-54230
442
-4351
-6663
65620
-442
4353
-17101
168470
-680
6699
-5813
57324
-238
2347
6155
-60758
272
-2685
-3841
37944
-272
2687
21421
-211922
646
-6391
-15639
154768
-646
6393
-11457
113458
-340
3367
10643
-105434
374
-3705
7855
-77928
442
-4385
-6697
66470
-442
4387
-8193
81362
-476
4727
18123
-180064
544
-5405
-6561
65212
-544
5407
341
-3400
34
-339
-11253
113254
-544
5475
-5269
53142
-408
4115
22067
-222598
1156
-11661
-9553
96424
-374
3775
6903
-69700
340
-3433
19245
-194446
646
-6527
-13463
136068
-646
6529
-4249
42976
-306
3095
-8533
86428
-272
2755
7039
-71366
238
-2413
19619
-199104
680
-6901
-13497
137122
-646
6563
-16727
169966
-850
8637
-3229
32844
-204
2075
11901
-121142
374
-3807
-10743
109412
-374
3809
5203
-53040
170
-1733
19313
-197166
646
-6595
22679
-231914
748
-7649
7991
-81736
442
-4521
-14925
152728
-442
4523
-2549
26146
-136
1395
26895
-276046
1156
-11865
4999
-51340
374
-3841
-10777
110738
-374
3843
-7071
72760
-238
2449
4659
-47974
340
-3501
-12647
130390
-442
4557
-11389
117470
-544
5611
-17067
176086
-646
6665
-18121
187000
-748
7719
-16863
174046
-850
8773
-2209
22848
-102
1055
8399
-86972
476
-4929
6189
-64124
374
-3875
6291
-65246
272
-2821
-3977
41276
-272
2823
-13157
136612
-1156
12003
-12681
131716
-442
4591
5237
-54434
170
-1767
18293
-190604
646
-6731
7107
-74086
238
-2481
-3637
37944
-238
2483
-6833
71332
-544
5679
36347
-379474
1156
-12069
-27097
282948
-1156
12071
-4351
45458
-306
3197
6223
-65042
374
-3909
-9689
101320
-374
3911
-9961
104278
-510
5339
1871
-19618
68
-713
-1869
19652
-68
715
5815
-61268
442
-4657
10881
-114716
374
-3943
-5983
63274
-238
2517
-17237
182376
-646
6835
-5473
57936
-408
4319
2959
-31348
170
-1801
-4113
43622
-170
1803
11629
-123420
442
-4691
-8669
92140
-272
2891
5135
-54604
374
-3977
3401
-36244
102
-1087
34307
-366248
1156
-12341
-29681
316914
-1156
12343
13635
-145588
952
-10165
23019
-245854
748
-7989
18463
-197234
646
-6901
11663
-124678
442
-4725
7107
-76024
340
-3637
6019
-64464
238
-2549
-3705
39712
-238
2551
9793
-105026
374
-4011
-2617
28152
-136
1463
9385
-101048
442
-4759
-18461
198900
-748
8059
-4453
48008
-306
3299
-8601
92786
-476
5135
-16217
174998
-646
6971
-9961
107508
-816
8807
29819
-321844
1156
-12477
-34441
371790
-1156
12479
-4147
44812
-170
1837
9827
-106284
374
-4045
-8669
93806
-374
4047
5951
-64532
442
-4793
-7105
77078
-442
4795
-17781
192950
-680
7379
-6051
65722
-238
2585
6427
-69870
272
-2957
-4113
44744
-272
2959
-16285
177446
-646
7039
11017
-120156
374
-4079
8297
-90610
442
-4827
-7139
77996
-442
4829
-8669
94758
-476
5203
-7105
77724
-544
5951
375
-4114
34
-373
-11797
130526
-544
6019
-5677
62934
-408
4523
23223
-257482
1156
-12817
-9927
110126
-374
4149
7243
-80376
340
-3773
19891
-220864
646
-7173
-14109
156706
-646
7175
-4555
50626
-306
3401
-8805
97988
-272
3027
7277
-81056
238
-2651
20299
-226304
680
-7581
-14143
157828
-646
7209
-17577
196180
-850
9487
-3433
38352
-204
2279
12275
-137224
374
-4181
-11117
124338
-374
4183
5373
-60146
170
-1903
19959
-223720
646
-7241
23427
-262990
748
-8397
8433
-94690
442
-4963
-2685
30226
-136
1531
28051
-315962
1156
-13021
5373
-60554
374
-4215
-11151
125732
-374
4217
-7309
82518
-238
2687
4999
-56474
340
-3841
-13089
148036
-442
4999
-11933
135014
-544
6155
-17713
200464
-646
7311
-18869
213588
-748
8467
-17713
200532
-850
9623
-2311
26214
-102
1157
8875
-100776
476
-5405
6563
-74562
374
-4249
6563
-74630
272
-3093
-4249
48348
-272
3095
-14313
162928
-1156
13159
-13123
149430
-442
5033
5407
-61608
170
-1937
18939
-216274
646
-7377
7345
-83912
238
-2719
-3875
44302
-238
2721
-7377
84388
-544
6223
-28253
323272
-1156
13227
-4657
53312
-306
3503
6597
-75548
374
-4283
-10063
115294
-374
4285
-10471
120088
-510
5849
1939
-22270
68
-781
-1937
22304
-68
783
6257
-72182
442
-5099
11255
-129914
374
-4317
-6221
72012
-238
2755
-17883
207094
-646
7481
-5881
68136
-408
4727
3129
-36278
170
-1971
-4283
49708
-170
1973
12071
-140182
442
-5133
-8941
103972
-272
3163
5509
-64090
374
-4351
-30837
360094
-1156
13499
14587
-170340
952
-11117
23767
-277610
748
-8737
19109
-223244
646
-7547
12105
-141508
442
-5167
7447
-87108
340
-3977
6257
-73270
238
-2787
-3943
46206
-238
2789
10167
-119204
374
-4385
-2753
32368
-136
1599
9827
-115634
442
-5201
-19209
226168
-748
8807
-4759
56066
-306
3605
-9077
106998
-476
5611
-16863
198832
-646
7617
-10777
127092
-816
9623
30975
-365296
1156
-13633
-35597
419866
-1156
13635
-4317
50966
-170
2007
10201
-120530
374
-4419
-9043
106896
-374
4421
6393
-75718
442
-5235
-7547
89420
-442
5237
-18461
218790
-680
8059
-6289
74596
-238
2823
6699
-79526
272
-3229
-4385
52088
-272
3231
-16931
201416
-646
7685
11391
-135626
374
-4453
8739
-104176
442
-5269
-7581
90406
-442
5271
-9145
109106
-476
5679
-7649
91324
-544
6495
409
-4896
34
-407
-12341
148886
-544
6563
-6085
73542
-408
4931
24379
-294678
1156
-13973
-10301
124576
-374
4523
7583
-91732
340
-4113
20537
-248574
646
-7819
-14755
178636
-646
7821
-4861
58888
-306
3707
-9077
110092
-272
3299
7515
-91222
238
-2889
20979
-254864
680
-8261
-14789
179826
-646
7855
-18427
224094
-850
10337
-3637
44268
-204
2483
12649
-154054
374
-4555
-11491
140012
-374
4557
5543
-67592
170
-2073
20605
-251566
646
-7887
24175
-295562
748
-9145
8875
-108528
442
-5405
-2821
34578
-136
1667
29207
-358190
1156
-14177
5747
-70516
374
-4589
-11525
141474
-374
4591
-7547
92752
-238
2925
5339
-65654
340
-4181
-13531
166566
-442
5441
-12477
153646
-544
6699
-18359
226134
-646
7957
-19617
241672
-748
9215
-18563
228718
-850
10473
-2413
29784
-102
1259
9351
-115532
476
-5881
6937
-85748
374
-4623
6835
-84558
272
-3365
-4521
55964
-272
3367
-15469
191556
-1156
14315
-13565
168028
-442
5475
5577
-69122
170
-2107
19585
-243236
646
-8023
7583
-94214
238
-2957
-4113
51136
-238
2959
-7921
98532
-544
6767
-29409
365908
-1156
14383
-4963
61778
-306
3809
6971
-86802
374
-4657
-10437
130016
-374
4659
-10981
136918
-510
6359
2007
-25058
68
-849
-2005
25092
-68
851
6699
-83980
442
-5541
11629
-145860
374
-4691
-6459
81226
-238
2993
-18529
233104
-646
8127
-6289
79152
-408
5135
3299
-41548
170
-2141
-4453
56134
-170
2143
12513
-157828
442
-5575
-9213
116348
-272
3435
5883
-74324
374
-4725
-31993
405586
-1156
14655
15539
-196996
952
-12069
24515
-310862
748
-9485
19755
-250546
646
-8193
12547
-159222
442
-5609
7787
-98872
340
-4317
6495
-82552
238
-3025
-4181
53176
-238
3027
10541
-134130
374
-4759
-2889
36856
-136
1735
10269
-131104
442
-5643
-19957
254932
-748
9555
-5065
64736
-306
3911
-9553
122162
-476
6087
-17509
223958
-646
8263
-11593
148308
-816
10439
32131
-411060
1156
-14789
-36753
470254
-1156
14791
-4487
57460
-170
2177
10575
-135524
374
-4793
-9417
120734
-374
4795
6835
-87788
442
-5677
-7989
102646
-442
5679
-19141
245990
-680
8739
-6527
83946
-238
3061
6971
-89726
272
-3501
-4657
59976
-272
3503
-17577
226678
-646
8331
11765
-151844
374
-4827
9181
-118626
442
-5711
-8023
103700
-442
5713
-9621
124406
-476
6155
-8193
106012
-544
7039
443
-5746
34
-441
-12885
168334
-544
7107
-6493
84966
-408
5339
25535
-334186
1156
-15129
-10675
139774
-374
4897
7923
-103768
340
-4453
21183
-277576
646
-8465
-15401
201858
-646
8467
-5167
67762
-306
4013
7753
-101864
238
-3127
21659
-284784
680
-8941
-15435
203116
-646
8501
-19277
253708
-850
11187
-3841
50592
-204
2687
-11865
156434
-374
4931
5713
-75378
170
-2243
21251
-280704
646
-8533
24923
-329630
748
-9893
9317
-123250
442
-5847
-2957
39202
-136
1803
6121
-81226
374
-4963
-11899
157964
-374
4965
-7785
103462
-238
3163
5679
-75514
340
-4521
-13973
185980
-442
5883
-13021
173366
-544
7243
-19005
253096
-646
8603
-20365
271252
-748
9963
-19413
258604
-850
11323
-2515
33558
-102
1361
9827
-131240
476
-6357
7311
-97682
374
-4997
7107
-95030
272
-3637
-4793
64124
-272
3639
-16625
222496
-1156
15471
-14007
187510
-442
5917
5747
-76976
170
-2277
20231
-271490
646
-8669
7821
-104992
238
-3195
-4351
58446
-238
3197
-8465
113764
-544
7311
-30565
410856
-1156
15539
-5269
70856
-306
4115
7345
-98804
374
-5031
-10811
145486
-374
5033
-11491
154768
-510
6869
2075
-27982
68
-917
-2073
28016
-68
919
7141
-96662
442
-5983
12003
-162554
374
-5065
-6697
90916
-238
3231
-19175
260406
-646
8773
-6697
90984
-408
5543
3469
-47158
170
-2311
-4623
62900
-170
2313
12955
-176358
442
-6017
6257
-85306
374
-5099
-33149
453390
-1156
15811
16491
-225556
952
-13021
25263
-345610
748
-10233
20401
-279140
646
-8839
12989
-177820
442
-6051
8127
-111316
340
-4657
6733
-92310
238
-3263
-4419
60622
-238
3265
10915
-149804
374
-5133
-3025
41616
-136
1871
10711
-147458
442
-6085
-20705
285192
-748
10303
-5371
74018
-306
4217
-10029
138278
-476
6563
-18155
250376
-646
8909
-12409
171156
-816
11255
33287
-459136
1156
-15945
-4657
64294
-170
2347
10949
-151266
374
-5167
-9791
135320
-374
5169
7277
-100742
442
-6119
-8431
116756
-442
6121
-19821
274550
-680
9419
-6765
93772
-238
3299
7243
-100470
272
-3773
-4929
68408
-272
3775
-18223
253232
-646
8977
12139
-168810
374
-5201
9623
-133960
442
-6153
-8465
117878
-442
6155
-10097
140658
-476
6631
-8737
121788
-544
7583
477
-6664
34
-475
-13429
188870
-544
7651
-6901
97206
-408
5747
26691
-376006
1156
-16285
-11049
155720
-374
5271
8263
-116484
340
-4793
21829
-307870
646
-9111
-16047
226372
-646
9113
-5473
77248
-306
4319
7991
-112982
238
-3365
22339
-316064
680
-9621
-16081
227698
-646
9147
-20127
285022
-850
12037
-4045
57324
-204
2891
-12239
173604
-374
5305
21897
-311134
646
-9179
9759
-138856
442
-6289
-3093
44098
-136
1939
6495
-92684
374
-5337
-12273
175202
-374
5339
-8023
114648
-238
3401
6019
-86054
340
-4861
-14415
206278
-442
6325
-13565
194174
-544
7787
-19651
281350
-646
9249
-21113
302328
-748
10711
-20263
290190
-850
12173
-2617
37536
-102
1463
10303
-147900
476
-6833
7685
-110364
374
-5371
7379
-106046
272
-3909
-5065
72828
-272
3911
-17781
255748
-1156
16627
-14449
207876
-442
6359
20877
-301036
646
-9315
8059
-116246
238
-3433
-4589
66232
-238
3435
-9009
130084
-544
7855
-31721
458116
-1156
16695
-5575
80546
-306
4421
7719
-111554
374
-5405
-11185
161704
-374
5407
-12001
173638
-510
7379
2143
-31042
68
-985
-2141
31076
-68
987
7583
-110228
442
-6425
12377
-179996
374
-5439
-6935
101082
-238
3469
-19821
289000
-646
9419
-7105
103632
-408
5951
3639
-53108
170
-2481
-4793
70006
-170
2483
13397
-195772
442
-6459
6631
-97036
374
-5473
-34305
503506
-1156
16967
17443
-256020
952
-13973
21047
-309026
646
-9485
13431
-197302
442
-6493
8467
-124440
340
-4997
6971
-102544
238
-3501
-4657
68544
-238
3503
11289
-166226
374
-5507
-3161
46648
-136
2007
11153
-164696
442
-6527
-21453
316948
-748
11051
-5677
83912
-306
4523
-10505
155346
-476
7039
-18801
278086
-646
9555
-13225
195636
-816
12071
34443
-509524
1156
-17101
-4827
71468
-170
2517
11323
-167756
374
-5541
-10165
150654
-374
5543
7719
-114580
442
-6561
-8873
131750
-442
6563
-20501
304470
-680
10099
-7003
104074
-238
3537
7515
-111758
272
-4045
-5201
77384
-272
4047
-18869
281078
-646
9623
12513
-186524
374
-5575
10065
-150178
442
-6595
-8907
132940
-442
6597
-10573
157862
-476
7107
-9281
138652
-544
8127
511
-7650
34
-509
-13973
210494
-544
8195
-7309
110262
-408
6155
27847
-420138
1156
-17441
-11423
172414
-374
5645
8603
-129880
340
-5133
-16693
252178
-646
9759
-5779
87346
-306
4625
23019
-348704
680
-10301
-16727
253572
-646
9793
-20977
318036
-850
12887
-4249
64464
-204
3095
-12613
191522
-374
5679
10201
-155346
442
-6731
-3229
49266
-136
2075
6869
-104890
374
-5711
-12647
193188
-374
5713
6359
-97274
340
-5201
-14857
227460
-442
6767
-14109
216070
-544
8331
-20297
310896
-646
9895
-21861
334900
-748
11459
-21113
323476
-850
13023
-2719
41718
-102
1565
10779
-165512
476
-7309
8059
-123794
374
-5745
7651
-117606
272
-4181
-5337
82076
-272
4183
-18937
291312
-1156
17783
-14891
229126
-442
6801
21523
-331874
646
-9961
-4827
74494
-238
3673
-9553
147492
-544
8399
-32877
507688
-1156
17851
-5881
90848
-306
4727
8093
-125052
374
-5779
-11559
178670
-374
5781
-12511
193528
-510
7889
2211
-34238
68
-1053
-2209
34272
-68
1055
8025
-124678
442
-6867
-7173
111724
-238
3707
-20467
318886
-646
10065
-7513
117096
-408
6359
3809
-59398
170
-2651
-4963
77452
-170
2653
13839
-216070
442
-6901
7005
-109514
374
-5847
18395
-288388
952
-14925
21693
-340204
646
-10131
13873
-217668
442
-6935
8807
-138244
340
-5337
7209
-113254
238
-3739
-4895
76942
-238
3741
11663
-183396
374
-5881
-3297
51952
-136
2143
11595
-182818
442
-6969
-22201
350200
-748
11799
-5983
94418
-306
4829
-10981
173366
-476
7515
-19447
307088
-646
10201
-14041
221748
-816
12887
35599
-562224
1156
-18257
-4997
78982
-170
2687
11697
-184994
374
-5915
-10539
166736
-374
5917
8161
-129302
442
-7003
-9315
147628
-442
7005
-21181
335750
-680
10779
-7241
114852
-238
3775
7787
-123590
272
-4317
-5473
86904
-272
4319
-19515
310216
-646
10269
10507
-167280
442
-7037
-9349
148886
-442
7039
-11049
176018
-476
7583
-9825
156604
-544
8671
545
-8704
34
-543
-14517
233206
-544
8739
-7717
124134
-408
6563
29003
-466582
1156
-18597
-11797
189856
-374
6019
8943
-143956
340
-5473
-17339
279276
-646
10405
-6085
98056
-306
4931
-17373
280738
-646
10439
-21827
352750
-850
13737
-4453
72012
-204
3299
10643
-172720
442
-7173
-3365
54706
-136
2211
7243
-117844
374
-6085
6699
-109174
340
-5541
-14653
239054
-544
8875
-20943
341734
-646
10541
-22609
368968
-748
12207
-21963
358462
-850
13873
-2821
46104
-102
1667
11255
-184076
476
-7785
8433
-137972
374
-6119
7923
-129710
272
-4453
-5609
91868
-272
4455
-20093
329188
-1156
18939
-5065
83232
-238
3911
-10097
165988
-544
8943
-34033
559572
-1156
19007
-6187
101762
-306
5033
8467
-139298
374
-6153
-11933
196384
-374
6155
-13021
214438
-510
8399
2279
-37570
68
-1121
-2277
37604
-68
1123
8467
-140012
442
-7309
-7411
122842
-238
3945
-21113
350064
-646
10711
-7921
131376
-408
6767
3979
-66028
170
-2821
-5133
85238
-170
2823
14281
-237252
442
-7343
7379
-122740
374
-6221
19347
-322660
952
-15877
14315
-238918
442
-7377
9147
-152728
340
-5677
7447
-124440
238
-3977
-5133
85816
-238
3979
12037
-201314
374
-6255
-3433
57528
-136
2279
12037
-201824
442
-7411
-22949
384948
-748
12547
-6289
105536
-306
5135
-11457
192338
-476
7991
-20093
337382
-646
10847
-14857
249492
-816
13703
36755
-617236
1156
-19413
-5167
86836
-170
2857
12071
-202980
374
-6289
-10913
183566
-374
6291
8603
-144908
442
-7445
-9757
164390
-442
7447
-21861
368390
-680
11459
-7479
126106
-238
4013
8059
-135966
272
-4589
-5745
96968
-272
4591
-20161
340646
-646
10915
10949
-185266
442
-7479
-9791
165716
-442
7481
-11525
195126
-476
8059
-10369
175644
-544
9215
579
-9826
34
-577
-15061
257006
-544
9283
-8125
138822
-408
6971
30159
-515338
1156
-19753
-12171
208046
-374
6393
9283
-158712
340
-5813
-17985
307666
-646
11051
-6391
109378
-306
5237
-18019
309196
-646
11085
-22677
389164
-850
14587
-4657
79968
-204
3503
11085
-190978
442
-7615
-3501
60418
-136
2347
7617
-131546
374
-6459
7039
-121754
340
-5881
-15197
263126
-544
9419
-21589
373864
-646
11187
-23357
404532
-748
12955
-22813
395148
-850
14723
-2923
50694
-102
1769
11731
-203592
476
-8261
8807
-152898
374
-6493
8195
-142358
272
-4725
-5881
102204
-272
4727
-21249
369376
-1156
20095
-5303
92446
-238
4149
-10641
185572
-544
9487
-35189
613768
-1156
20163
-6493
113288
-306
5339
8841
-154292
374
-6527
-12307
214846
-374
6529
-13531
236368
-510
8909
8909
-156230
442
-7751
-7649
134436
-238
4183
-21759
382534
-646
11357
-8329
146472
-408
7175
4149
-72998
170
-2991
-5303
93364
-170
2993
14723
-259318
442
-7785
7753
-136714
374
-6595
20299
-358836
952
-16829
14757
-261052
442
-7819
9487
-167892
340
-6017
7685
-136102
238
-4215
-5371
95166
-238
4217
12411
-219980
374
-6629
-3569
63376
-136
2415
12479
-221714
442
-7853
-23697
421192
-748
13295
-6595
117266
-306
5441
-11933
212262
-476
8467
-20739
368968
-646
11493
-15673
278868
-816
14519
-5337
95030
-170
3027
12445
-221714
374
-6663
-11287
201144
-374
6665
9045
-161398
442
-7887
-10199
182036
-442
7889
-22541
402390
-680
12139
-7717
137836
-238
4251
8331
-148886
272
-4861
-6017
107576
-272
4863
-20807
372368
-646
11561
11391
-204136
442
-7921
-10233
183430
-442
7923
-12001
215186
-476
8535
-10913
195772
-544
9759
613
-11016
34
-611
-15605
281894
-544
9827
-8533
154326
-408
7379
31315
-566406
1156
-20909
-12545
226984
-374
6767
9623
-174148
340
-6153
-18631
337348
-646
11697
-6697
121312
-306
5543
-18665
338946
-646
11731
-23527
427278
-850
15437
-4861
88332
-204
3707
11527
-210120
442
-8057
-3637
66402
-136
2483
7991
-145996
374
-6833
7379
-135014
340
-6221
-15741
288286
-544
9963
-24105
441592
-748
13703
-23663
433534
-850
15573
-3025
55488
-102
1871
12207
-224060
476
-8737
9181
-168572
374
-6867
8467
-155550
272
-4997
-6153
113084
-272
4999
-22405
411876
-1156
21251
-5541
102136
-238
4387
-11185
206244
-544
10031
-36345
670276
-1156
21319
-6799
125426
-306
5645
9215
-170034
374
-6901
-12681
234056
-374
6903
-14041
259318
-510
9419
9351
-173332
442
-8193
-7887
146506
-238
4421
-8737
162384
-408
7583
4319
-80308
170
-3161
-5473
101830
-170
3163
8127
-151436
374
-6969
21251
-396916
952
-17781
9827
-183736
340
-6357
7923
-148240
238
-4453
-5609
104992
-238
4455
-3705
69496
-136
2551
12921
-242488
442
-8295
-24445
458932
-748
14043
-6901
129608
-306
5747
-12409
233138
-476
8943
-21385
401846
-646
12139
-16489
309876
-816
15335
-5507
103564
-170
3197
-11661
219470
-374
7039
9487
-178772
442
-8329
-10641
200566
-442
8331
-7955
150042
-238
4489
8603
-162350
272
-5133
-6289
118728
-272
5135
-21453
405382
-646
12207
11833
-223890
442
-8363
-10675
202028
-442
8365
-12477
236198
-476
9011
-11457
216988
-544
10303
647
-12274
34
-645
-16149
307870
-544
10371
-8941
170646
-408
7787
32471
-619786
1156
-22065
9963
-190264
340
-6493
-19277
368322
-646
12343
-7003
133858
-306
5849
-19311
369988
-646
12377
-24377
467092
-850
16287
-5065
97104
-204
3911
11969
-230146
442
-8499
-3773
72658
-136
2619
8365
-161194
374
-7207
7719
-148954
340
-6561
-16285
314534
-544
10507
-24853
480148
-748
14451
-24513
473620
-850
16423
-3127
60486
-102
1973
12683
-245480
476
-9213
9555
-184994
374
-7241
8739
-169286
272
-5269
-6425
124508
-272
5271
-23561
456688
-1156
22407
-5779
112302
-238
4625
-11729
228004
-544
10575
-7105
138176
-306
5951
9589
-186524
374
-7275
-14551
283288
-510
9929
9793
-191318
442
-8635
-9145
179112
-408
7991
4489
-87958
170
-3331
-5643
110636
-170
3333
8501
-166906
374
-7343
22203
-436900
952
-18733
10167
-200260
340
-6697
-5847
115294
-238
4693
-3841
75888
-136
2687
13363
-264146
442
-8737
-25193
498168
-748
14791
-7207
142562
-306
6053
-12885
254966
-476
9419
-17305
342516
-816
16151
-5677
112438
-170
3367
-12035
238544
-374
7413
9929
-197030
442
-8771
-11083
219980
-442
8773
8875
-176358
272
-5405
-6561
130424
-272
5407
12275
-244528
442
-8805
-11117
221510
-442
8807
-12953
258162
-476
9487
-12001
239292
-544
10847
681
-13600
34
-679
-16693
334934
-544
10915
-9349
187782
-408
8195
33627
-675478
1156
-23221
10303
-207060
340
-6833
-19923
400588
-646
12989
-7309
147016
-306
6155
-19957
402322
-646
13023
-25227
508606
-850
17137
-5269
106284
-204
4115
12411
-251056
442
-8941
-3909
79186
-136
2755
8739
-177140
374
-7581
8059
-163574
340
-6901
-16829
341870
-544
11051
-25363
515406
-850
17273
-3229
65688
-102
2075
13159
-267852
476
-9689
9929
-202164
374
-7615
9011
-183566
272
-5541
-6697
136476
-272
5543
-24717
503812
-1156
23563
-6017
122944
-238
4863
-12273
250852
-544
11119
-7411
151538
-306
6257
9963
-203762
374
-7649
-15061
308278
-510
10439
10235
-210188
442
-9077
-9553
196656
-408
8399
4659
-95948
170
-3501
8875
-183124
374
-7717
23155
-478788
952
-19685
10507
-217464
340
-7037
-6085
126072
-238
4931
-3977
82552
-136
2823
13805
-286688
442
-9179
-7513
156128
-306
6359
-13361
277746
-476
9895
-18121
376788
-816
16967
-12409
258366
-374
7787
10371
-216172
442
-9213
-11525
240278
-442
9215
9147
-190910
272
-5677
-6833
142664
-272
5679
12717
-266050
442
-9247
-11559
241876
-442
9249
-13429
281078
-476
9963
-12545
262684
-544
11391
715
-14994
34
-713
-17237
363086
-544
11459
-9757
205734
-408
8603
34783
-733482
1156
-24377
10643
-224536
340
-7173
-20569
434146
-646
13635
-7615
160786
-306
6461
-20603
435948
-646
13669
-26077
551820
-850
17987
-5473
115872
-204
4319
12853
-272850
442
-9383
-4045
85986
-136
2891
9113
-193834
374
-7955
8399
-178874
340
-7241
-17373
370294
-544
11595
-26213
558892
-850
18123
-3331
71094
-102
2177
13635
-291176
476
-10165
10303
-220082
374
-7989
-6969
148988
-272
5815
-25873
553248
-1156
24719
-6255
134062
-238
5101
-12817
274788
-544
11663
-7717
165512
-306
6563
10337
-221748
374
-8023
-15571
334288
-510
10949
10677
-229942
442
-9519
-9961
215016
-408
8807
4829
-104278
170
-3671
9249
-200090
374
-8091
24107
-522580
952
-20637
10847
-235348
340
-7377
-6323
137326
-238
5169
-4113
89488
-136
2959
14247
-310114
442
-9621
-7819
170306
-306
6665
-13837
301478
-476
10371
-18937
412692
-816
17783
10813
-236198
442
-9655
-11967
261460
-442
9657
-7105
155448
-272
5951
13159
-288456
442
-9689
-12001
263126
-442
9691
-13905
304946
-476
10439
-13089
287164
-544
11935
749
-16456
34
-747
-17781
392326
-544
12003
-10165
224502
-408
9011
35939
-793798
1156
-25533
10983
-242692
340
-7513
-21215
468996
-646
14281
-7921
175168
-306
6767
-21249
470866
-646
14315
-26927
596734
-850
18837
-5677
125868
-204
4523
13295
-295528
442
-9825
-4181
93058
-136
3027
9487
-211276
374
-8329
8739
-194854
340
-7581
-17917
399806
-544
12139
-27063
604078
-850
18973
-3433
76704
-102
2279
14111
-315452
476
-10641
10677
-238748
374
-8363
-7241
162044
-272
6087
-27029
604996
-1156
25875
-6493
145656
-238
5339
-13361
299812
-544
12207
-8023
180098
-306
6869
10711
-240482
374
-8397
-16081
361318
-510
11459
11119
-250580
442
-9961
-10369
234192
-408
9215
4999
-112948
170
-3841
9623
-217804
374
-8465
25059
-568276
952
-21589
11187
-253912
340
-7717
-6561
149056
-238
5407
-4249
96696
-136
3095
14689
-334424
442
-10063
-8125
185096
-306
6971
-14313
326162
-476
10847
-19753
450228
-816
18599
11255
-257108
442
-10097
-12409
283526
-442
10099
-7377
168776
-272
6223
13601
-311746
442
-10131
-12443
285260
-442
10133
-14381
329766
-476
10915
-13633
312732
-544
12479
783
-17986
34
-781
-18325
422654
-544
12547
-10573
244086
-408
9419
11323
-261528
340
-7853
-21861
505138
-646
14927
-8227
190162
-306
7073
-21895
507076
-646
14961
-27777
643348
-850
19687
-5881
136272
-204
4727
13737
-319090
442
-10267
-4317
100402
-136
3163
9861
-229466
374
-8703
9079
-211514
340
-7921
-18461
430406
-544
12683
-27913
650964
-850
19823
14587
-340680
476
-11117
11051
-258162
374
-8737
-7513
175644
-272
6359
-28185
659056
-1156
27031
-6731
157726
-238
5577
-13905
325924
-544
12751
-8329
195296
-306
7175
11085
-259964
374
-8771
-16591
389368
-510
11969
11561
-272102
442
-10403
-10777
254184
-408
9623
5169
-121958
170
-4011
9997
-236266
374
-8839
26011
-615876
952
-22541
11527
-273156
340
-8057
-6799
161262
-238
5645
-4385
104176
-136
3231
-8431
200498
-306
7277
-14789
351798
-476
11323
-20569
489396
-816
19415
11697
-278902
442
-10539
-12851
306476
-442
10541
-7649
182648
-272
6495
14043
-335920
442
-10573
-12885
308278
-442
10575
-14857
355538
-476
11391
-14177
339388
-544
13023
817
-19584
34
-815
-10981
264486
-408
9827
-8533
205768
-306
7379
-28627
691662
-850
20537
-6085
147084
-204
4931
14179
-343536
442
-10709
-4453
108018
-136
3299
10235
-248404
374
-9077
9419
-228854
340
-8261
-28763
699550
-850
20673
15063
-366860
476
-11593
11425
-278324
374
-9111
-7785
189788
-272
6631
-29341
715428
-1156
28187
-6969
170272
-238
5815
-14449
353124
-544
13295
-8635
211106
-306
7481
11459
-280194
374
-9145
-17101
418438
-510
12479
12003
-294508
442
-10845
-11185
274992
-408
10031
5339
-131308
170
-4181
10371
-255476
374
-9213
26963
-665380
952
-23493
-7037
173944
-238
5883
-4521
111928
-136
3367
-8737
216512
-306
7583
-15265
378386
-476
11799
-21385
530196
-816
20231
12139
-301580
442
-10981
-13293
330310
-442
10983
-7921
197064
-272
6767
14485
-360978
442
-11015
-13327
332180
-442
11017
-15333
382262
-476
11867
-14721
367132
-544
13567
851
-21250
34
-849
-11389
285702
-408
10235
-8839
221986
-306
7685
-6289
158304
-204
5135
14621
-368866
442
-11151
-4589
115906
-136
3435
10609
-268090
374
-9451
9759
-246874
340
-8601
15539
-393992
476
-12069
11799
-299234
374
-9485
-8057
204476
-272
6903
-30497
774112
-1156
29343
-7207
183294
-238
6053
-14993
381412
-544
13839
-8941
227528
-306
7787
11833
-301172
374
-9519
12445
-317798
442
-11287
-11593
296616
-408
10439
5509
-140998
170
-4351
10745
-275434
374
-9587
27915
-716788
952
-24445
-7275
187102
-238
6121
-9043
233138
-306
7889
-15741
405926
-476
12275
-22201
572628
-816
21047
12581
-325142
442
-11423
-13735
355028
-442
11425
-8193
212024
-272
7039
14927
-386920
442
-11457
-13769
356966
-442
11459
-15809
409938
-476
12343
-15265
395964
-544
14111
885
-22984
34
-883
-11797
307734
-408
10643
-9145
238816
-306
7991
-6493
169932
-204
5339
10983
-288524
374
-9825
10099
-265574
340
-8941
16015
-422076
476
-12545
12173
-320892
374
-9859
-8329
219708
-272
7175
-31653
835108
-1156
30499
-7445
196792
-238
6291
-15537
410788
-544
14383
-9247
244562
-306
8093
12207
-322898
374
-9893
12887
-341972
442
-11729
-12001
319056
-408
10847
5679
-151028
170
-4521
11119
-296140
374
-9961
28867
-770100
952
-25397
-7513
200736
-238
6359
-9349
250376
-306
8195
-23017
616692
-816
21863
13023
-349588
442
-11865
-14177
380630
-442
11867
-8465
227528
-272
7311
-14211
382636
-442
11901
-15809
425884
-544
14655
919
-24786
34
-917
-12205
330582
-408
11051
-9451
256258
-306
8297
-6697
181968
-204
5543
11357
-309706
374
-10199
10439
-284954
340
-9281
12547
-343298
374
-10233
-8601
235484
-272
7447
-32809
898416
-1156
31655
-7683
210766
-238
6529
-16081
441252
-544
14927
-9553
262208
-306
8399
12581
-345372
374
-10267
13329
-367030
442
-12171
-12409
342312
-408
11255
11493
-317594
374
-10335
29819
-825316
952
-26349
-7751
214846
-238
6597
-9655
268226
-306
8501
-23833
662388
-816
22679
13465
-374918
442
-12307
-14619
407116
-442
12309
-8737
243576
-272
7583
-14653
409190
-442
12343
-16353
456892
-544
15199
953
-26656
34
-951
-12613
354246
-408
11459
-9757
274312
-306
8603
-6901
194412
-204
5747
11731
-331636
374
-10573
10779
-305014
340
-9621
-8873
251804
-272
7719
-33965
964036
-1156
32811
-7921
225216
-238
6767
-16625
472804
-544
15471
-9859
280466
-306
8705
13771
-392972
442
-12613
-12817
366384
-408
11663
11867
-339796
374
-10709
30771
-882436
952
-27301
-7989
229432
-238
6835
-9961
286688
-306
8807
-24649
709716
-816
23495
13907
-401132
442
-12749
-9009
260168
-272
7855
-16897
488988
-544
15743
987
-28594
34
-985
-13021
378726
-408
11867
-10063
292978
-306
8909
12105
-354314
374
-10947
11119
-325754
340
-9961
-9145
268668
-272
7991
-17169
505444
-544
16015
-10165
299336
-306
9011
14213
-419798
442
-13055
-13225
391272
-408
12071
12241
-362746
374
-11083
31723
-941460
952
-28253
-10267
305762
-306
9113
-25465
758676
-816
24311
14349
-428230
442
-13191
-17441
522172
-544
16287
1021
-30600
34
-1019
-13429
404022
-408
12275
-10369
312256
-306
9215
12479
-377740
374
-11321
11459
-347174
340
-10301
-17713
539172
-544
16559
14655
-447508
442
-13497
-13633
416976
-408
12479
12615
-386444
374
-11457
-26281
809268
-816
25127
14791
-456212
442
-13633
-17985
556444
-544
16831
1055
-32674
34
-1053
-13837
430134
-408
12683
-18257
573988
-544
17103
-27097
861492
-816
25943
1089
-34816
34
-1087
1123
-37026
34
-1121
