1
31
0
1
-960
31
-31
1
-3905
248
-992
63
25049
-1643
930
-61
-6757
465
-465
32
2915
-217
403
-30
-1952
155
-403
32
3876
-341
341
-30
-991
93
-341
32
8743
-837
961
-92
-21234
2077
-961
94
17361
-1798
589
-61
-11593
1240
-589
63
-6757
775
-279
32
-10632
1271
-527
63
-3905
496
-496
63
9797
-1271
1426
-185
10634
-1395
465
-61
2915
-403
217
-30
-4835
713
-217
32
-1983
310
-403
63
-8741
1395
-589
94
-13701
2201
-1550
249
-5920
961
-961
156
20306
-3503
713
-123
5860
-1023
527
-92
2946
-527
341
-61
-4866
899
-341
63
-19405
3658
-992
187
36767
-6975
1302
-247
-15499
2976
-651
125
4992
-961
961
-185
5829
-1147
310
-61
-1952
403
-155
32
1985
-434
279
-61
17516
-3937
961
-216
-12709
2883
-961
218
3938
-899
403
-92
-9702
2263
-403
94
-3006
713
-527
125
-4153
992
-1302
311
-21327
5146
-775
187
2171
-558
961
-247
19655
-5084
1674
-433
9797
-2542
713
-185
15532
-4061
589
-154
-7842
2077
-589
156
5860
-1581
341
-92
-3936
1085
-341
94
1985
-558
217
-61
-2045
589
-434
125
-11810
3441
-961
280
8805
-2573
527
-154
-3037
899
-527
156
5891
-1798
403
-123
-10694
3317
-403
125
10758
-3379
589
-185
-11717
3720
-589
187
12742
-4061
775
-247
-13701
4402
-775
249
7038
-2263
961
-309
1985
-651
186
-61
-991
341
-93
32
-8059
2852
-1054
373
-3223
1147
-961
342
3008
-1085
341
-123
-6850
2511
-341
125
-3099
1147
-589
218
16586
-6293
651
-247
5922
-2263
403
-154
19593
-7564
961
-371
-10942
4247
-961
373
1024
-403
155
-61
-1983
806
-155
63
-5021
2077
-527
218
-4153
1736
-744
311
10107
-4247
1178
-495
4899
-2077
217
-92
-3936
1705
-217
94
-19653
8618
-992
435
-11872
5239
-775
342
-6850
3069
-279
125
-4401
1984
-1240
559
9921
-4495
682
-309
-3998
1829
-341
156
-10756
4991
-403
187
-6943
3255
-465
218
-5052
2387
-527
249
-1239
589
-589
280
-4153
1984
-651
311
-2262
1085
-713
342
-21513
10354
-775
373
-7129
3441
-837
404
8154
-3937
961
-464
63
-31
124
-61
27839
-14384
1798
-929
19655
-10168
837
-433
3287
-1705
775
-402
20554
-10695
713
-371
16679
-8711
651
-340
17609
-9238
589
-309
11812
-6231
527
-278
7937
-4216
465
-247
2140
-1147
403
-216
6914
-3751
341
-185
10138
-5549
961
-526
-20707
11377
-961
528
2078
-1147
279
-154
12928
-7223
775
-433
12091
-6789
992
-557
3008
-1705
217
-123
-2045
1178
-217
125
14013
-8122
961
-557
-16894
9827
-961
559
11843
-6944
527
-309
2977
-1767
155
-92
-3936
2387
-155
94
-16057
9827
-1116
683
4341
-2666
806
-495
-6974
4309
-403
249
-4246
2635
-651
404
15749
-9920
589
-371
4062
-2573
341
-216
-7904
5053
-341
218
-15933
10261
-868
559
-3502
2263
-961
621
1985
-1302
93
-61
7379
-4991
961
-650
12711
-8618
1736
-1177
11099
-7533
775
-526
-12058
8215
-775
528
7131
-4867
589
-402
-8090
5549
-589
404
2202
-1519
403
-278
-7005
4867
-403
280
13827
-9734
527
-371
-8059
5704
-527
373
-4897
3472
-1488
1055
-12213
8680
-961
683
-4959
3565
-217
156
6976
-5053
341
-247
-5052
3689
-341
249
11006
-8091
589
-433
-3316
2449
-589
435
-13019
9641
-713
528
2636
-1953
961
-712
4031
-3007
248
-185
3473
-2635
775
-588
37511
-28551
1302
-991
13858
-10571
527
-402
3194
-2449
403
-309
-8958
6913
-403
311
-12585
9734
-1364
1055
2357
-1829
558
-433
-6943
5425
-279
218
3008
-2387
155
-123
5581
-4495
961
-774
5147
-4154
1612
-1301
5333
-4309
651
-526
-4897
3968
-1302
1055
12339
-10013
992
-805
6046
-4929
341
-278
-7966
6541
-341
280
-11004
9083
-527
435
-2510
2077
-713
590
-4153
3472
-372
311
-6571
5518
-961
807
10107
-8494
589
-495
10913
-9207
403
-340
2109
-1798
217
-185
-4029
3472
-217
187
-4246
3689
-465
404
16214
-14105
961
-836
-15251
13299
-961
838
6232
-5487
527
-464
2171
-1922
279
-247
7255
-6479
589
-526
-1487
1333
-589
528
-4401
3968
-620
559
26165
-23653
1302
-1177
9921
-8990
341
-309
-7036
6417
-341
311
10944
-10075
403
-371
-9981
9238
-403
373
8123
-7564
465
-433
4744
-4433
961
-898
-26845
25141
-961
900
32
-31
31
-30
-7222
7719
-465
497
3318
-3565
403
-433
-2355
2542
-403
435
4217
-4588
341
-371
-1332
1457
-341
373
9704
-10633
961
-1053
-22195
24366
-961
1055
17950
-19809
589
-650
-12182
13485
-589
652
-7036
7843
-279
311
-11159
12493
-527
590
-4401
4960
-496
559
11223
-12679
1426
-1611
11099
-12555
465
-526
3132
-3565
217
-247
-5052
5797
-217
249
-2386
2759
-403
466
-9330
10819
-589
683
-15251
17701
-1550
1799
-6881
7998
-961
1117
21019
-24645
713
-836
6387
-7502
527
-619
3287
-3875
341
-402
-5207
6169
-341
404
-20397
24242
-992
1179
38069
-45291
1302
-1549
-16150
19251
-651
776
5953
-7099
961
-1146
6139
-7347
310
-371
-2107
2542
-155
187
2264
-2759
279
-340
18477
-22630
961
-1177
-13670
16771
-961
1179
4341
-5332
403
-495
-10105
12462
-403
497
-3533
4371
-527
652
-5455
6758
-1302
1613
-22102
27435
-775
962
3132
-3937
961
-1208
21329
-26846
1674
-2107
10510
-13237
713
-898
16121
-20336
589
-743
-8431
10664
-589
745
6201
-7874
341
-433
-4277
5456
-341
435
2202
-2821
217
-278
-2479
3193
-434
559
-12771
16492
-961
1241
9332
-12059
527
-681
-3564
4619
-527
683
6294
-8215
403
-526
-11097
14539
-403
528
11347
-14911
589
-774
-12306
16213
-589
776
13517
-17825
775
-1022
-14476
19127
-775
1024
7999
-10571
961
-1270
2171
-2883
186
-247
-1084
1457
-93
125
-9113
12338
-1054
1427
-4184
5673
-961
1303
3349
-4557
341
-464
-7191
9827
-341
466
-3688
5053
-589
807
17237
-23777
651
-898
6325
-8742
403
-557
20554
-28489
961
-1332
-11903
16523
-961
1334
1179
-1643
155
-216
-2138
3007
-155
218
-5548
7843
-527
745
-4897
6944
-744
1055
11285
-16027
1178
-1673
5116
-7285
217
-309
-4153
5952
-217
311
-20645
29698
-992
1427
-12647
18228
-775
1117
-7129
10323
-279
404
-5641
8184
-1240
1799
10603
-15407
682
-991
-4339
6324
-341
497
-11159
16337
-403
590
-7408
10881
-465
683
-5579
8215
-527
776
-1828
2697
-589
869
-4804
7099
-651
962
-2975
4402
-713
1055
-22288
33015
-775
1148
-7966
11811
-837
1241
9115
-13516
961
-1425
187
-279
124
-185
29637
-44950
1798
-2727
20492
-31093
837
-1270
4062
-6169
775
-1177
21267
-32333
713
-1084
17330
-26381
651
-991
18198
-27745
589
-898
12339
-18848
527
-805
8402
-12865
465
-712
2543
-3906
403
-619
7255
-11191
341
-526
11099
-17174
961
-1487
-21668
33573
-961
1489
2357
-3658
279
-433
13703
-21359
775
-1208
13083
-20429
992
-1549
3225
-5053
217
-340
-2262
3565
-217
342
14974
-23653
961
-1518
-17855
28241
-961
1520
12370
-19623
527
-836
3132
-4991
155
-247
-4091
6572
-155
249
-17173
27683
-1116
1799
5147
-8308
806
-1301
-7377
11935
-403
652
-4897
7936
-651
1055
16338
-26629
589
-960
4403
-7192
341
-557
-8245
13516
-341
559
-16801
27621
-868
1427
-4463
7347
-961
1582
2078
-3441
93
-154
8340
-13981
961
-1611
14447
-24242
1736
-2913
11874
-19933
775
-1301
-12833
21576
-775
1303
7720
-12989
589
-991
-8679
14632
-589
993
2605
-4402
403
-681
-7408
12555
-403
683
14354
-24459
527
-898
-8586
14663
-527
900
-6385
10912
-1488
2543
-13174
22537
-961
1644
-5176
8897
-217
373
7317
-12617
341
-588
-5393
9331
-341
590
11595
-20119
589
-1022
-3905
6789
-589
1024
-13732
23901
-713
1241
3597
-6262
961
-1673
4279
-7471
248
-433
4248
-7471
775
-1363
38813
-68355
1302
-2293
14385
-25358
527
-929
3597
-6355
403
-712
-9361
16585
-403
714
-13949
24738
-1364
2419
2915
-5177
558
-991
-7222
12865
-279
497
3163
-5673
155
-278
6542
-11811
961
-1735
6759
-12214
1612
-2913
5984
-10819
651
-1177
-6199
11222
-1302
2357
13331
-24149
992
-1797
6387
-11594
341
-619
-8307
15128
-341
621
-11531
21049
-527
962
-3223
5890
-713
1303
-4525
8308
-372
683
-7532
13857
-961
1768
10696
-19685
589
-1084
11316
-20863
403
-743
2326
-4309
217
-402
-4246
7905
-217
404
-4711
8804
-465
869
17175
-32116
961
-1797
-16212
30349
-961
1799
6759
-12710
527
-991
2450
-4619
279
-526
7844
-14849
589
-1115
-2076
3937
-589
1117
-5021
9548
-620
1179
27467
-52297
1302
-2479
10262
-19561
341
-650
-7377
14105
-341
652
11347
-21793
403
-774
-10384
19995
-403
776
8588
-16585
465
-898
5705
-11036
961
-1859
-27806
53847
-961
1861
63
-124
31
-61
-7687
15903
-465
962
3721
-7719
403
-836
-2758
5735
-403
838
4558
-9517
341
-712
-1673
3503
-341
714
10665
-22351
961
-2014
-23156
48577
-961
2016
-12771
26908
-589
1241
-7315
15469
-279
590
-11686
24769
-527
1117
-4897
10416
-496
1055
12649
-26939
1426
-3037
11564
-24645
465
-991
3349
-7161
217
-464
-5269
11315
-217
466
-2789
6014
-403
869
-9919
21421
-589
1272
-16801
36301
-1550
3349
-7842
16957
-961
2078
21732
-47213
713
-1549
6914
-15035
527
-1146
3628
-7905
341
-743
-5548
12121
-341
745
-21389
46810
-992
2171
39371
-86211
1302
-2851
-16801
36828
-651
1427
6914
-15159
961
-2107
6449
-14167
310
-681
-2262
4991
-155
342
2543
-5642
279
-619
19438
-43245
961
-2138
-14631
32581
-961
2140
4744
-10571
403
-898
-10508
23467
-403
900
-4060
9083
-527
1179
-6757
15128
-1302
2915
-22877
51274
-775
1737
4093
-9238
961
-2169
11223
-25358
713
-1611
16710
-37789
589
-1332
-9020
20429
-589
1334
6542
-14849
341
-774
-4618
10509
-341
776
2419
-5518
217
-495
-2913
6665
-434
993
-13732
31465
-961
2202
9859
-22599
527
-1208
-4091
9393
-527
1210
6697
-15438
403
-929
-11500
26567
-403
931
11936
-27621
589
-1363
-12895
29884
-589
1365
14292
-33139
775
-1797
-15251
35402
-775
1799
8960
-20801
961
-2231
2357
-5487
186
-433
-1177
2759
-93
218
-10167
23932
-1054
2481
-5145
12121
-961
2264
3690
-8711
341
-805
-7532
17825
-341
807
-4277
10137
-589
1396
17888
-42563
651
-1549
6728
-16027
403
-960
21515
-51336
961
-2293
-12864
30721
-961
2295
1334
-3193
155
-371
-2293
5518
-155
373
-6075
14663
-527
1272
-5641
13640
-744
1799
12463
-30163
1178
-2851
5333
-12927
217
-526
-4370
10633
-217
528
-21637
52762
-992
2419
-13422
32767
-775
1892
-7408
18135
-279
683
-6881
16864
-1240
3039
11285
-27683
682
-1673
-4680
11501
-341
838
-11562
28489
-403
993
-7873
19437
-465
1148
-6106
15097
-527
1303
-2417
5983
-589
1458
-5455
13516
-651
1613
-3688
9145
-713
1768
-23063
57226
-775
1923
-8803
21855
-837
2078
10076
-25017
961
-2386
311
-775
124
-309
31435
-79112
1798
-4525
21329
-53692
837
-2107
4837
-12183
775
-1952
21980
-55397
713
-1797
17981
-45353
651
-1642
12866
-32519
527
-1332
8867
-22444
465
-1177
2946
-7471
403
-1022
7596
-19313
341
-867
12060
-30721
961
-2448
-22629
57691
-961
2450
2636
-6727
279
-712
14478
-37045
775
-1983
14075
-36053
992
-2541
3442
-8835
217
-557
-2479
6386
-217
559
15935
-41106
961
-2479
-18816
48577
-961
2481
12897
-33356
527
-1363
3287
-8525
155
-402
-4246
11067
-155
404
-18289
47771
-1116
2915
5953
-15562
806
-2107
-7780
20367
-403
1055
-5548
14539
-651
1706
16927
-44516
589
-1549
4744
-12493
341
-898
-8586
22661
-341
900
-17669
46717
-868
2295
-5424
14353
-961
2543
2171
-5766
93
-247
9301
-24893
961
-2572
16183
-43338
1736
-4649
12649
-33883
775
-2076
-13608
36487
-775
2078
8309
-22289
589
-1580
-9268
24893
-589
1582
3008
-8091
403
-1084
-7811
21049
-403
1086
14881
-40238
527
-1425
-9113
24676
-527
1427
-7873
21328
-1488
4031
-14135
38316
-961
2605
-5393
14663
-217
590
7658
-20863
341
-929
-5734
15655
-341
931
12184
-33325
589
-1611
-4494
12307
-589
1613
-14445
39587
-713
1954
4558
-12493
961
-2634
5023
-13857
775
-2138
40115
-110763
1302
-3595
14912
-41199
527
-1456
4000
-11067
403
-1115
-9764
27063
-403
1117
-15313
42470
-1364
3783
3473
-9641
558
-1549
-7501
20863
-279
776
3318
-9269
155
-433
7503
-21049
961
-2696
8371
-23498
1612
-4525
6635
-18631
651
-1828
-7501
21080
-1302
3659
14323
-40269
992
-2789
6728
-18941
341
-960
-8648
24397
-341
962
-12058
34069
-527
1489
-3936
11129
-713
2016
-4897
13888
-372
1055
-8493
24118
-961
2729
11285
-32054
589
-1673
11719
-33325
403
-1146
2543
-7254
217
-619
-4463
12772
-217
621
-5176
14849
-465
1334
18136
-52049
961
-2758
-17173
49321
-961
2760
7286
-20987
527
-1518
2729
-7874
279
-805
8433
-24397
589
-1704
-2665
7719
-589
1706
-7718
22475
-341
993
11750
-34317
403
-1177
-10787
31558
-403
1179
9053
-26536
465
-1363
6666
-19561
961
-2820
-28767
84475
-961
2822
94
-279
31
-92
-8152
25017
-465
1427
4124
-12679
403
-1239
-3161
9734
-403
1241
4899
-15128
341
-1053
-2014
6231
-341
1055
11626
-35991
961
-2975
-24117
74710
-961
2977
-13360
41509
-589
1830
-7594
23653
-279
869
-12213
38099
-527
1644
-5393
16864
-496
1551
14075
-44051
1426
-4463
12029
-37665
465
-1456
3566
-11191
217
-681
-5486
17267
-217
683
-3192
10075
-403
1272
-10508
33201
-589
1861
-18351
58001
-1550
4899
-8803
27838
-961
3039
7441
-23622
527
-1673
3969
-12617
341
-1084
-5889
18755
-341
1086
-22381
71362
-992
3163
-17452
55707
-651
2078
6759
-21607
310
-991
-2417
7750
-155
497
2822
-9083
279
-898
20399
-65782
961
-3099
-15592
50313
-961
3101
5147
-16616
403
-1301
-10911
35278
-403
1303
-4587
14849
-527
1706
-8059
26102
-1302
4217
-23652
76663
-775
2512
5054
-16461
961
-3130
11936
-38905
713
-2324
17299
-56420
589
-1921
-9609
31372
-589
1923
6883
-22506
341
-1115
-4959
16244
-341
1117
2636
-8649
217
-712
-3347
11005
-434
1427
10386
-34193
527
-1735
-4618
15221
-527
1737
7100
-23467
403
-1332
-11903
39401
-403
1334
12525
-41509
589
-1952
-13484
44733
-589
1954
15067
-50003
775
-2572
-16026
53227
-775
2574
9921
-32953
961
-3192
2543
-8463
186
-619
-1270
4247
-93
311
-6106
20491
-961
3225
4031
-13547
341
-1146
-7873
26505
-341
1148
-4866
16399
-589
1985
18539
-62651
651
-2200
7131
-24118
403
-1363
22476
-76105
961
-3254
-13825
46841
-961
3256
1489
-5053
155
-526
-2448
8339
-155
528
-6602
22537
-527
1799
-6385
21824
-744
2543
13641
-46655
1178
-4029
5550
-19003
217
-743
-4587
15748
-217
745
-22629
77810
-992
3411
-14197
48856
-775
2667
-7687
26505
-279
962
-8121
28024
-1240
4279
11967
-41323
682
-2355
-5021
17360
-341
1179
-11965
41447
-403
1396
-8338
28923
-465
1613
-6633
23033
-527
1830
-3006
10447
-589
2047
-6106
21235
-651
2264
-4401
15314
-713
2481
-23838
82987
-775
2698
-9640
33573
-837
2915
11037
-38440
961
-3347
435
-1519
124
-433
33233
-116870
1798
-6323
22166
-77965
837
-2944
5612
-19747
775
-2727
18632
-65627
651
-2293
13393
-47244
527
-1859
9332
-32953
465
-1642
3349
-11842
403
-1425
7937
-28117
341
-1208
13021
-46190
961
-3409
2915
-10354
279
-991
15253
-54281
775
-2758
15067
-53661
992
-3533
3659
-13051
217
-774
-2696
9641
-217
776
16896
-60481
961
-3440
-19777
70835
-961
3442
13424
-48143
527
-1890
3442
-12369
155
-557
-4401
15872
-155
559
-19405
70091
-1116
4031
6759
-24428
806
-2913
-8183
29605
-403
1458
-6199
22444
-651
2357
17516
-63581
589
-2138
5085
-18476
341
-1239
-8927
32488
-341
1241
-6385
23281
-961
3504
2264
-8277
93
-340
10262
-37727
961
-3533
17919
-65906
1736
-6385
13424
-49383
775
-2851
-14383
52948
-775
2853
8898
-32767
589
-2169
-9857
36332
-589
2171
3411
-12586
403
-1487
-8214
30349
-403
1489
15408
-57071
527
-1952
-9640
35743
-527
1954
-9361
34720
-1488
5519
-15096
56017
-961
3566
-5610
20863
-217
807
7999
-29791
341
-1270
-6075
22661
-341
1272
12773
-47709
589
-2200
-5083
19003
-589
2202
-15158
56699
-713
2667
5519
-20646
961
-3595
5798
-21793
775
-2913
15439
-58094
527
-1983
4403
-16585
403
-1518
-10167
38347
-403
1520
-16677
62930
-1364
5147
4031
-15221
558
-2107
-7780
29419
-279
1055
3473
-13175
155
-588
8464
-32209
961
-3657
9983
-38006
1612
-6137
7286
-27745
651
-2479
-8803
33542
-1302
4961
15315
-58373
992
-3781
7069
-26970
341
-1301
-8989
34348
-341
1303
-12585
48143
-527
2016
-4649
17794
-713
2729
-5269
20212
-372
1427
-9454
36301
-961
3690
11874
-45601
589
-2262
12122
-46593
403
-1549
2760
-10633
217
-836
-4680
18073
-217
838
-5641
21824
-465
1799
19097
-73904
961
-3719
-18134
70215
-961
3721
7813
-30318
527
-2045
3008
-11687
279
-1084
9022
-35123
589
-2293
-3254
12679
-589
2295
-8059
31527
-341
1334
12153
-47647
403
-1580
-11190
43927
-403
1582
9518
-37417
465
-1828
7627
-30008
961
-3781
125
-496
31
-123
-8617
35061
-465
1892
4527
-18445
403
-1642
-3564
14539
-403
1644
5240
-21421
341
-1394
-2355
9641
-341
1396
12587
-51553
961
-3936
-25078
102765
-961
3938
-13949
57288
-589
2419
-7873
32395
-279
1148
-12740
52483
-527
2171
-5889
24304
-496
2047
15501
-64015
1426
-5889
12494
-51615
465
-1921
3783
-15655
217
-898
-5703
23653
-217
900
-3595
14942
-403
1675
-11097
46159
-589
2450
-19901
82801
-1550
6449
-9764
40641
-961
4000
7968
-33263
527
-2200
4310
-18011
341
-1425
-6230
26071
-341
1427
-23373
97898
-992
4155
-18103
75888
-651
2729
7069
-29667
310
-1301
-2572
10819
-155
652
3101
-13082
279
-1177
-16553
69967
-961
4062
5550
-23467
403
-1704
-11314
47895
-403
1706
-5114
21669
-527
2233
-9361
39680
-1302
5519
6015
-25606
961
-4091
12649
-53878
713
-3037
17888
-76229
589
-2510
-10198
43493
-589
2512
7224
-30845
341
-1456
-5300
22661
-341
1458
2853
-12214
217
-929
-3781
16213
-434
1861
10913
-46841
527
-2262
-5145
22103
-527
2264
7503
-32302
403
-1735
-12306
53041
-403
1737
13114
-56575
589
-2541
-14073
60760
-589
2543
15842
-68417
775
-3347
-16801
72602
-775
3349
10882
-47027
961
-4153
2729
-11811
186
-805
-1363
5921
-93
404
-7067
30783
-961
4186
4372
-19065
341
-1487
-8214
35867
-341
1489
-5455
23839
-589
2574
19190
-84041
651
-2851
7534
-33015
403
-1766
23437
-102796
961
-4215
-14786
64883
-961
4217
1644
-7223
155
-681
-2603
11470
-155
683
-7129
31465
-527
2326
-7129
31496
-744
3287
14819
-65503
1178
-5207
5767
-25513
217
-960
-4804
21297
-217
962
-23621
104842
-992
4403
-14972
66495
-775
3442
-7966
35433
-279
1241
-9361
41664
-1240
5519
12649
-56327
682
-3037
-5362
23901
-341
1520
-12368
55211
-403
1799
-8803
39339
-465
2078
-7160
32023
-527
2357
-3595
16089
-589
2636
-6757
30256
-651
2915
-5114
22909
-713
3194
-10477
46965
-837
3752
11998
-53785
961
-4308
559
-2511
124
-557
35031
-158224
1798
-8121
23003
-103912
837
-3781
6387
-28861
775
-3502
19283
-87203
651
-2944
13920
-63023
527
-2386
9797
-44392
465
-2107
3752
-17019
403
-1828
8278
-37603
341
-1549
13982
-63581
961
-4370
3194
-14539
279
-1270
16028
-73067
775
-3533
16059
-73253
992
-4525
3876
-17701
217
-991
-2913
13330
-217
993
17857
-81778
961
-4401
-20738
95015
-961
4403
13951
-63984
527
-2417
3597
-16523
155
-712
-4556
20987
-155
714
-20521
94643
-1116
5147
7565
-34906
806
-3719
-8586
39649
-403
1861
-6850
31651
-651
3008
18105
-83824
589
-2727
5426
-25141
341
-1580
-9268
42997
-341
1582
-7346
34131
-961
4465
2357
-10974
93
-433
11223
-52483
961
-4494
19655
-91946
1736
-8121
14199
-66433
775
-3626
-15158
70959
-775
3628
9487
-44423
589
-2758
-10446
48949
-589
2760
3814
-17887
403
-1890
-8617
40455
-403
1892
15935
-74958
527
-2479
-10167
47864
-527
2481
-10849
51088
-1488
7007
-5827
27497
-217
1024
8340
-39401
341
-1611
-6416
30349
-341
1613
13362
-63271
589
-2789
-5672
26877
-589
2791
-15871
75237
-713
3380
6480
-30721
961
-4556
6573
-31279
775
-3688
15966
-76043
527
-2510
4806
-22909
403
-1921
-10570
50437
-403
1923
-18041
86118
-1364
6511
4589
-21917
558
-2665
-8059
38533
-279
1334
3628
-17391
155
-743
9425
-45291
961
-4618
11595
-55738
1612
-7749
7937
-38161
651
-3130
-10105
48608
-1302
6263
16307
-78461
992
-4773
7410
-35681
341
-1642
-9330
44981
-341
1644
-13112
63271
-527
2543
-5362
25885
-713
3442
-5641
27280
-372
1799
-10415
50406
-961
4651
12463
-60326
589
-2851
2977
-14446
217
-1053
-4897
23808
-217
1055
-6106
29729
-465
2264
20058
-97681
961
-4680
-19095
93031
-961
4682
8340
-40703
527
-2572
3287
-16058
279
-1363
9611
-47027
589
-2882
-3843
18817
-589
2884
-8400
41261
-341
1675
-11593
57102
-403
1985
9983
-49228
465
-2293
8588
-42377
961
-4742
156
-775
31
-154
-9082
46035
-465
2357
4930
-25017
403
-2045
-3967
20150
-403
2047
5581
-28396
341
-1735
-2696
13733
-341
1737
13548
-69037
961
-4897
-26039
132742
-961
4899
-14538
74245
-589
3008
-8152
41695
-279
1427
-13267
67921
-527
2698
-6385
32736
-496
2543
16927
-86831
1426
-7315
12959
-66495
465
-2386
4000
-20553
217
-1115
-5920
30473
-217
1117
-3998
20615
-403
2078
-11686
60295
-589
3039
-21451
110701
-1550
7999
-10725
55366
-961
4961
8495
-43958
527
-2727
4651
-24087
341
-1766
-6571
34069
-341
1768
-24365
126418
-992
5147
-18754
97371
-651
3380
-2727
14198
-155
807
3380
-17639
279
-1456
-17514
91543
-961
5023
5953
-31124
403
-2107
-11717
61318
-403
2109
-5641
29543
-527
2760
-10663
55862
-1302
6821
6976
-36673
961
-5052
13362
-70277
713
-3750
-10787
56792
-589
3101
7565
-39866
341
-1797
-5641
29760
-341
1799
3070
-16213
217
-1146
-4215
22289
-434
2295
11440
-60543
527
-2789
-5672
30039
-527
2791
7906
-41943
403
-2138
13703
-72819
589
-3130
-14662
77965
-589
3132
16617
-88381
775
-4122
-17576
93527
-775
4124
11843
-63023
961
-5114
2915
-15531
186
-991
-1456
7781
-93
497
-8028
42997
-961
5147
4713
-25265
341
-1828
-8555
45911
-341
1830
-6044
32457
-589
3163
19841
-106733
651
-3502
7937
-42718
403
-2169
-15747
84847
-961
5178
1799
-9703
155
-836
-2758
14911
-155
838
-7656
41447
-527
2853
-7873
42656
-744
4031
15997
-86707
1178
-6385
5984
-32457
217
-1177
-5021
27280
-217
1179
-24613
133858
-992
5395
-15747
85684
-775
4217
-8245
44919
-279
1520
-10601
57784
-1240
6759
13331
-72695
682
-3719
-5703
31124
-341
1861
-9268
50685
-465
2543
-7687
42067
-527
2884
-4184
22909
-589
3225
-7408
40579
-651
3566
-5827
31930
-713
3907
-11314
62031
-837
4589
12959
-71052
961
-5269
683
-3751
124
-681
36829
-203174
1798
-9919
23840
-131533
837
-4618
7162
-39525
775
-4277
19934
-110081
651
-3595
14447
-79856
527
-2913
10262
-56761
465
-2572
4155
-23002
403
-2231
8619
-47771
341
-1890
14943
-82894
961
-5331
3473
-19282
279
-1549
16803
-93403
775
-4308
17051
-94829
992
-5517
4093
-22785
217
-1208
-3130
17453
-217
1210
18818
-104997
961
-5362
14478
-80879
527
-2944
3752
-20987
155
-867
-4711
26412
-155
869
-21637
121427
-1116
6263
8371
-46996
806
-4525
-8989
50499
-403
2264
-7501
42160
-651
3659
5767
-32488
341
-1921
-9609
54188
-341
1923
-8307
46903
-961
5426
2450
-13857
93
-526
12184
-69161
961
-5455
21391
-121458
1736
-9857
14974
-85033
775
-4401
-15933
90520
-775
4403
10076
-57257
589
-3347
-11035
62744
-589
3349
4217
-23994
403
-2293
-9020
51367
-403
2295
-10694
61039
-527
3008
-12337
70432
-1488
8495
-6044
34565
-217
1241
8681
-49693
341
-1952
-6757
38719
-341
1954
13951
-80011
589
-3378
-6261
35929
-589
3380
-16584
95201
-713
4093
7441
-42718
961
-5517
7348
-42315
775
-4463
5209
-30039
403
-2324
-10973
63333
-403
2326
-19405
112034
-1364
7875
5147
-29729
558
-3223
-8338
48205
-279
1613
3783
-21917
155
-898
10386
-60295
961
-5579
8588
-49879
651
-3781
-11407
66278
-1302
7565
17299
-100533
992
-5765
7751
-45074
341
-1983
-9671
56296
-341
1985
-13639
79453
-527
3070
-6075
35402
-713
4155
-6013
35092
-372
2171
-11376
66433
-961
5612
13052
-76229
589
-3440
3194
-18693
217
-1270
-5114
29977
-217
1272
-6571
38564
-465
2729
21019
-123380
961
-5641
-20056
117769
-961
5643
8867
-52142
527
-3099
3566
-20987
279
-1642
10200
-60109
589
-3471
-4432
26133
-589
3473
-8741
51677
-341
2016
-11996
71083
-403
2388
10448
-61969
465
-2758
9549
-56668
961
-5703
187
-1116
31
-185
-9547
57939
-465
2822
5333
-32395
403
-2448
-4370
26567
-403
2450
5922
-36053
341
-2076
-3037
18507
-341
2078
14509
-88443
961
-5858
-27000
164641
-961
5860
-15127
92380
-589
3597
-8431
51553
-279
1706
-13794
84413
-527
3225
-6881
42160
-496
3039
18353
-112499
1426
-8741
13424
-82305
465
-2851
4217
-25885
217
-1332
-6137
37727
-217
1334
-4401
27094
-403
2481
-12275
75609
-589
3628
-11686
72013
-961
5922
9022
-55707
527
-3254
4992
-30845
341
-2107
-6912
42749
-341
2109
-25357
156922
-992
6139
-19405
120156
-651
4031
-2882
17887
-155
962
3659
-22754
279
-1735
-18475
115041
-961
5984
6356
-39587
403
-2510
-12120
75547
-403
2512
-6168
38471
-527
3287
-11965
74648
-1302
8123
7937
-49662
961
-6013
14075
-88102
713
-4463
-11376
71269
-589
3690
7906
-49569
341
-2138
-5982
37541
-341
2140
3287
-20646
217
-1363
-4649
29233
-434
2729
11967
-75299
527
-3316
-6199
39029
-527
3318
8309
-52390
403
-2541
14292
-90241
589
-3719
-15251
96348
-589
3721
17392
-109895
775
-4897
-18351
116002
-775
4899
12804
-80941
961
-6075
3101
-19623
186
-1177
-1549
9827
-93
590
-8989
57133
-961
6108
5054
-32147
341
-2169
-8896
56637
-341
2171
-6633
42253
-589
3752
8340
-53227
403
-2572
-16708
106733
-961
6139
1954
-12493
155
-991
-2913
18662
-155
993
-8183
52483
-527
3380
-8617
55304
-744
4775
17175
-110267
1178
-7563
6201
-39835
217
-1394
-5238
33697
-217
1396
-25605
164858
-992
6387
-16522
106423
-775
4992
-8524
54963
-279
1799
-11841
76384
-1240
7999
14013
-90427
682
-4401
-6044
39029
-341
2202
-9733
62961
-465
3008
-8214
53165
-527
3411
-4773
30907
-589
3814
-8059
52204
-651
4217
-6540
42377
-713
4620
-12151
78771
-837
5426
13920
-90241
961
-6230
807
-5239
124
-805
38627
-251720
1798
-11717
24677
-160828
837
-5455
7937
-51739
775
-5052
14974
-97743
527
-3440
10727
-70060
465
-3037
4558
-29791
403
-2634
8960
-58621
341
-2231
15904
-104129
961
-6292
3752
-24583
279
-1828
17578
-115289
775
-5083
18043
-118389
992
-6509
4310
-28303
217
-1425
-3347
22010
-217
1427
19779
-130138
961
-6323
15005
-98828
527
-3471
3907
-25761
155
-1022
-9392
62155
-403
2667
-8152
53971
-651
4310
6108
-40517
341
-2262
-9950
66061
-341
2264
-9268
61597
-961
6387
2543
-16926
93
-619
13145
-87761
961
-6416
23127
-154442
1736
-11593
15749
-105183
775
-5176
-16708
111631
-775
5178
10665
-71269
589
-3936
-11624
77717
-589
3938
4620
-30907
403
-2696
-9423
63085
-403
2698
-11221
75268
-527
3535
-13825
92752
-1488
9983
-6261
42067
-217
1458
9022
-60667
341
-2293
-7098
47771
-341
2295
14540
-97929
589
-3967
-6850
46159
-589
3969
-17297
116591
-713
4806
8402
-56637
961
-6478
8123
-54901
775
-5238
5612
-37975
403
-2727
-11376
77035
-403
2729
-20769
140678
-1364
9239
5705
-38657
558
-3781
-8617
58435
-279
1892
3938
-26753
155
-1053
11347
-77221
961
-6540
9239
-62899
651
-4432
-12709
86552
-1302
8867
18291
-124589
992
-6757
8092
-55149
341
-2324
-10012
68293
-341
2326
-14166
96689
-527
3597
-6788
46345
-713
4868
-12337
84382
-961
6573
13641
-93310
589
-4029
3411
-23374
217
-1487
-5331
36580
-217
1489
-7036
48329
-465
3194
-21017
144429
-961
6604
9394
-64635
527
-3626
3845
-26474
279
-1921
10789
-74369
589
-4060
-5021
34627
-589
4062
-9082
62775
-341
2357
-12399
85870
-403
2791
10913
-75640
465
-3223
10510
-72881
961
-6664
218
-1519
31
-216
-10012
70773
-465
3287
5736
-40579
403
-2851
-4773
33790
-403
2853
6263
-44392
341
-2417
-3378
23963
-341
2419
15470
-109771
961
-6819
-15716
111693
-589
4186
-14321
101959
-527
3752
-7377
52576
-496
3535
19779
-141019
1426
-10167
13889
-99045
465
-3316
4434
-31651
217
-1549
-6354
45415
-217
1551
-4804
34379
-403
2884
-12864
92101
-589
4217
-12647
90582
-961
6883
9549
-68510
527
-3781
5333
-38285
341
-2448
-7253
52111
-341
2450
-26349
189410
-992
7131
-20056
144243
-651
4682
-3037
21886
-155
1117
3938
-28427
279
-2014
-19436
140461
-961
6945
6759
-48856
403
-2913
-6695
48453
-527
3814
-13267
96038
-1302
9425
8898
-64573
961
-6974
14788
-107353
713
-5176
-11965
86924
-589
4279
8247
-59954
341
-2479
-6323
46004
-341
2481
3504
-25513
217
-1580
-5083
37045
-434
3163
12494
-91109
527
-3843
-6726
49073
-527
3845
8712
-63643
403
-2944
14881
-108841
589
-4308
-15840
115909
-589
4310
18167
-132959
775
-5672
-19126
140027
-775
5674
-1642
12059
-93
683
-9950
73191
-961
7069
5395
-39711
341
-2510
-9237
68045
-341
2512
-7222
53227
-589
4341
8743
-64542
403
-2975
-17669
130541
-961
7100
2109
-15593
155
-1146
-3068
22723
-155
1148
-8710
64573
-527
3907
-9361
69440
-744
5519
18353
-136183
1178
-8741
6418
-47647
217
-1611
-5455
40548
-217
1613
-26597
197842
-992
7379
-17297
128712
-775
5767
-6385
47616
-341
2543
-10198
76167
-465
3473
-8741
65317
-527
3938
-5362
40083
-589
4403
-8710
65131
-651
4868
-7253
54250
-713
5333
-12988
97185
-837
6263
14881
-111352
961
-7191
931
-6975
124
-929
40425
-303862
1798
-13515
25514
-191797
837
-6292
8712
-65503
775
-5827
15501
-116684
527
-3967
11192
-84289
465
-3502
4961
-37386
403
-3037
9301
-70153
341
-2572
16865
-127286
961
-7253
4031
-30442
279
-2107
18353
-138725
775
-5858
19035
-143933
992
-7501
4527
-34255
217
-1642
-3564
27001
-217
1644
20740
-157201
961
-7284
15532
-117831
527
-3998
4062
-30845
155
-1177
-9795
74617
-403
3070
-8803
67084
-651
4961
6449
-49228
341
-2603
-10291
78616
-341
2605
2636
-20181
93
-712
14106
-108283
961
-7377
16524
-126883
775
-5951
-17483
134292
-775
5953
11254
-86459
589
-4525
-12213
93868
-589
4527
5023
-38626
403
-3099
-9826
75609
-403
3101
-11748
90551
-527
4062
-15313
118048
-1488
11471
-6478
50003
-217
1675
9363
-72323
341
-2634
-7439
57505
-341
2636
15129
-117025
589
-4556
-7439
57567
-589
4558
-18010
139407
-713
5519
9363
-72478
961
-7439
8898
-69037
775
-6013
6015
-46717
403
-3130
-11779
91543
-403
3132
-22133
172050
-1364
10603
6263
-48701
558
-4339
4093
-31899
155
-1208
12308
-96069
961
-7501
9890
-77221
651
-5083
-14011
109430
-1302
10169
19283
-150629
992
-7749
8433
-65906
341
-2665
-10353
80972
-341
2667
-14693
114979
-527
4124
-7501
58714
-713
5581
-13298
104253
-961
7534
14230
-111569
589
-4618
3628
-28489
217
-1704
-5548
43617
-217
1706
-7501
59024
-465
3659
9921
-78182
527
-4153
4124
-32519
279
-2200
11378
-89807
589
-4649
-5610
44299
-589
4651
-9423
74555
-341
2698
11378
-90241
465
-3688
11471
-91016
961
-7625
249
-1984
31
-247
-10477
84537
-465
3752
6139
-49569
403
-3254
-5176
41819
-403
3256
6604
-53413
341
-2758
-3719
30101
-341
2760
16431
-133021
961
-7780
-16305
132184
-589
4775
-14848
120559
-527
4279
-7873
63984
-496
4031
21205
-172391
1426
-11593
14354
-116715
465
-3781
4651
-37851
217
-1766
-6571
53537
-217
1768
-5207
42470
-403
3287
-13453
109771
-589
4806
-13608
111073
-961
7844
10076
-82367
527
-4308
5674
-46407
341
-2789
-7594
62155
-341
2791
-27341
223882
-992
8123
-3192
26195
-155
1272
4217
-34658
279
-2293
-20397
167803
-961
7906
7162
-58931
403
-3316
-7222
59489
-527
4341
-14569
120032
-1302
10727
9859
-81406
961
-7935
15501
-128030
713
-5889
-12554
103757
-589
4868
8588
-71021
341
-2820
-6664
55149
-341
2822
3721
-30814
217
-1797
-5517
45725
-434
3597
13021
-107973
527
-4370
-7253
60171
-527
4372
9115
-75702
403
-3347
15470
-128619
589
-4897
-16429
136648
-589
4899
18942
-157573
775
-6447
-19901
165602
-775
6449
-1735
14477
-93
776
-10911
91171
-961
8030
5736
-47957
341
-2851
-9578
80135
-341
2853
-7811
65379
-589
4930
9146
-76663
403
-3378
-18630
156271
-961
8061
2264
-19003
155
-1301
-3223
27094
-155
1303
-9237
77717
-527
4434
-10105
85064
-744
6263
19531
-164455
1178
-9919
6635
-55893
217
-1828
-5672
47833
-217
1830
-27589
232810
-992
8371
-18072
152551
-775
6542
-6726
56885
-341
2884
-10663
90303
-465
3938
-9268
78523
-527
4465
-5951
50437
-589
4992
-9361
79360
-651
5519
-7966
67549
-713
6046
-13825
117273
-837
7100
15842
-134385
961
-8152
9487
-80817
775
-6602
16028
-136679
527
-4494
11657
-99448
465
-3967
5364
-45787
403
-3440
9642
-82367
341
-2913
17826
-152365
961
-8214
4310
-36859
279
-2386
19128
-163711
775
-6633
20027
-171461
992
-8493
4744
-40641
217
-1859
-3781
32426
-217
1861
16059
-137888
527
-4525
4217
-36239
155
-1332
-10198
87885
-403
3473
-9454
81499
-651
5612
6790
-58621
341
-2944
2729
-23622
93
-805
15067
-130727
961
-8338
17299
-150133
775
-6726
-18258
158503
-775
6728
11843
-102827
589
-5114
-12802
111197
-589
5116
5426
-47151
403
-3502
-10229
88939
-403
3504
-12275
106888
-527
4589
-16801
146320
-1488
12959
-6695
58373
-217
1892
9704
-84661
341
-2975
-7780
67921
-341
2977
15718
-137299
589
-5145
-8028
70153
-589
5147
-18723
163649
-713
6232
10324
-90241
961
-8400
9673
-84723
775
-6788
6418
-56265
403
-3533
-12182
106857
-403
3535
-23497
206150
-1364
11967
6821
-59861
558
-4897
4248
-37355
155
-1363
13269
-116839
961
-8462
10541
-92845
651
-5734
-15313
134912
-1302
11471
20275
-178653
992
-8741
8774
-77345
341
-3006
-15220
134323
-527
4651
-8214
72509
-713
6294
14819
-131006
589
-5207
3845
-34038
217
-1921
-5765
51088
-217
1923
-7966
70649
-465
4124
10448
-92783
527
-4680
4403
-39122
279
-2479
11967
-106423
589
-5238
-6199
55149
-589
5240
-9764
87017
-341
3039
11843
-105772
465
-4153
12432
-111073
961
-8586
280
-2511
31
-278
-10942
99231
-465
4217
6542
-59365
403
-3657
-5579
50654
-403
3659
6945
-63116
341
-3099
-4060
36921
-341
3101
17392
-158193
961
-8741
-16894
153853
-589
5364
-15375
140213
-527
4806
4868
-44485
217
-1983
-5610
51367
-403
3690
-14042
128619
-589
5395
-14569
133486
-961
8805
10603
-97278
527
-4835
6015
-55211
341
-3130
-7935
72881
-341
3132
-28333
260338
-992
9115
-3347
30814
-155
1427
4496
-41447
279
-2572
7565
-69812
403
-3719
-7749
71579
-527
4868
-15871
146630
-1302
12029
10820
-100161
961
-8896
16214
-150133
713
-6602
-13143
121768
-589
5457
8929
-82770
341
-3161
-7005
64976
-341
3163
3938
-36549
217
-2014
-5951
55273
-434
4031
13548
-125891
527
-4897
-7780
72323
-527
4899
9518
-88567
403
-3750
16059
-149575
589
-5486
-17018
158565
-589
5488
19717
-183737
775
-7222
-20676
192727
-775
7224
-1828
17081
-93
869
-11872
111073
-961
8991
6077
-56885
341
-3192
-9919
92907
-341
3194
-8400
78709
-589
5519
9549
-89590
403
-3781
-19591
183923
-961
9022
2419
-22723
155
-1456
-3378
31775
-155
1458
-9764
91915
-527
4961
-5889
55552
-217
2047
-28581
269762
-992
9363
-18847
177940
-775
7317
-7067
66836
-341
3225
-11128
105369
-465
4403
-9795
92783
-527
4992
-6540
61969
-589
5581
-10012
94891
-651
6170
-8679
82274
-713
6759
-14662
139035
-837
7937
16803
-159340
961
-9113
10262
-97681
775
-7377
12122
-115537
465
-4432
5767
-54994
403
-3843
9983
-95263
341
-3254
18787
-179366
961
-9175
4589
-43834
279
-2665
19903
-190247
775
-7408
21019
-200973
992
-9485
4961
-47461
217
-2076
-3998
38285
-217
2078
4372
-41943
155
-1487
-10601
101959
-403
3876
-10105
97216
-651
6263
7131
-68696
341
-3285
2822
-27249
93
-898
16028
-155093
961
-9299
18074
-174933
775
-7501
-19033
184264
-775
7503
12432
-120373
589
-5703
-13391
129704
-589
5705
5829
-56482
403
-3905
-10632
103075
-403
3907
-12802
124279
-527
5116
-18289
177568
-1488
14447
10045
-97681
341
-3316
-8121
79019
-341
3318
16307
-158751
589
-5734
-8617
83917
-589
5736
-19436
189317
-713
6945
11285
-109926
961
-9361
10448
-101959
775
-7563
6821
-66619
403
-3936
4403
-43121
155
-1518
14230
-139531
961
-9423
11192
-109771
651
-6385
-16615
162998
-1302
12773
21267
-208661
992
-9733
9115
-89466
341
-3347
-15747
154721
-527
5178
-8927
87730
-713
7007
15408
-151621
589
-5796
4062
-40021
217
-2138
-5982
58993
-217
2140
-8431
83204
-465
4589
10975
-108438
527
-5207
4682
-46283
279
-2758
12556
-124217
589
-5827
-6788
67177
-589
5829
-10105
100161
-341
3380
12308
-122233
465
-4618
13393
-133052
961
-9547
311
-3100
31
-309
-11407
114855
-465
4682
6945
-69967
403
-4060
-5982
60295
-403
4062
7286
-73501
341
-3440
-4401
44423
-341
3442
18353
-185287
961
-9702
-17483
176700
-589
5953
-15902
160921
-527
5333
5085
-51553
217
-2200
-6013
61070
-403
4093
-14631
148645
-589
5984
-15530
157821
-961
9766
11130
-113243
527
-5362
6356
-64697
341
-3471
-8276
84289
-341
3473
-29325
298778
-992
10107
-3502
35743
-155
1582
4775
-48794
279
-2851
7968
-81499
403
-4122
-8276
84723
-527
5395
-17173
175832
-1302
13331
11781
-120838
961
-9857
16927
-173662
713
-7315
-13732
140957
-589
6046
9270
-95201
341
-3502
-7346
75485
-341
3504
4155
-42718
217
-2231
-6385
65689
-434
4465
14075
-144863
527
-5424
-8307
85529
-527
5426
9921
-102238
403
-4153
16648
-171709
589
-6075
-17607
181660
-589
6077
20492
-211451
775
-7997
-21451
221402
-775
7999
-1921
19871
-93
962
-12833
132897
-961
9952
6418
-66495
341
-3533
-10260
106361
-341
3535
-8989
93217
-589
6108
9952
-103323
403
-4184
-20552
213497
-961
9983
2574
-26753
155
-1611
-3533
36766
-155
1613
-10291
107167
-527
5488
-6106
63705
-217
2264
-29573
308698
-992
10355
-19622
204879
-775
8092
-7408
77469
-341
3566
-11593
121365
-465
4868
-10322
108097
-527
5519
-7129
74679
-589
6170
-10663
111724
-651
6821
-9392
98425
-713
7472
-15499
162471
-837
8774
17764
-186217
961
-10074
11037
-116095
775
-8152
12587
-132556
465
-4897
6170
-65007
403
-4246
10324
-108841
341
-3595
19748
-208289
961
-10136
4868
-51367
279
-2944
20678
-218333
775
-8183
22011
-232469
992
-10477
5178
-54715
217
-2293
-4215
44578
-217
2295
4527
-47957
155
-1642
-11004
116839
-403
4279
-10756
114235
-651
6914
7472
-79453
341
-3626
18849
-201283
775
-8276
-19808
211575
-775
8278
13021
-139097
589
-6292
-13980
149389
-589
6294
6232
-66619
403
-4308
-11035
118017
-403
4310
-13329
142724
-527
5643
-19777
211792
-1488
15935
10386
-111383
341
-3657
-8462
90799
-341
3659
16896
-181381
589
-6323
-9206
98859
-589
6325
-20149
216411
-713
7658
12246
-131533
961
-10322
11223
-120745
775
-8338
7224
-77779
403
-4339
4558
-49197
155
-1673
15191
-164145
961
-10384
11843
-127999
651
-7036
-17917
193688
-1302
14075
22259
-240653
992
-10725
9456
-102269
341
-3688
-16274
176173
-527
5705
-9640
104377
-713
7720
15997
-173414
589
-6385
4279
-46438
217
-2355
-6199
67332
-217
2357
-8896
96689
-465
5054
11502
-125147
527
-5734
4961
-54002
279
-3037
13145
-143189
589
-6416
-7377
80383
-589
6418
-10446
113987
-341
3721
12773
-139624
465
-5083
14354
-156953
961
-10508
342
-3751
31
-340
-11872
131409
-465
5147
7348
-81375
403
-4463
-6385
70742
-403
4465
7627
-84568
341
-3781
-4742
52607
-341
3783
19314
-214303
961
-10663
-18072
200725
-589
6542
5302
-59055
217
-2417
-6416
71579
-403
4496
-15220
169849
-589
6573
11657
-130262
527
-5889
6697
-74865
341
-3812
-8617
96379
-341
3814
-30317
339202
-992
11099
-3657
40982
-155
1737
5054
-56699
279
-3130
8371
-93992
403
-4525
-8803
98921
-527
5922
-18475
207638
-1302
14633
12742
-143437
961
-10818
17640
-198617
713
-8028
-14321
161324
-589
6635
9611
-108314
341
-3843
-7687
86676
-341
3845
4372
-49321
217
-2448
-6819
76973
-434
4899
14602
-164889
527
-5951
-8834
99789
-527
5953
10324
-116715
403
-4556
17237
-195021
589
-6664
-18196
205933
-589
6666
21267
-240715
775
-8772
-22226
251627
-775
8774
-2014
22847
-93
1055
-13794
156643
-961
10913
6759
-76787
341
-3874
-9578
108903
-589
6697
10355
-117862
403
-4587
-21513
244993
-961
10944
2729
-31093
155
-1766
-3688
42067
-155
1768
-10818
123473
-527
6015
-6323
72292
-217
2481
-30565
349618
-992
11347
-20397
233368
-775
8867
-7749
88784
-341
3907
-12058
138291
-465
5333
-10849
124465
-527
6046
-7718
88567
-589
6759
-11314
129859
-651
7472
-10105
116002
-713
8185
-16336
187581
-837
9611
18725
-215016
961
-11035
11812
-136059
775
-8927
13052
-150505
465
-5362
6573
-75826
403
-4649
20709
-239134
961
-11097
5147
-59458
279
-3223
21453
-247969
775
-8958
23003
-265949
992
-11469
5395
-62403
217
-2510
-4432
51305
-217
2512
4682
-54281
155
-1797
-11407
132525
-403
4682
-11407
132556
-651
7565
7813
-90892
341
-3967
19624
-229183
775
-9051
-20583
240436
-775
9053
13610
-158999
589
-6881
-14569
170252
-589
6883
6635
-77562
403
-4711
-11438
133765
-403
4713
-13856
162223
-527
6170
-21265
248992
-1488
17423
-8803
103261
-341
4000
17485
-205189
589
-6912
-9795
114979
-589
6914
-20862
244931
-713
8371
11998
-141081
775
-9113
7627
-89745
403
-4742
4713
-55583
155
-1828
16152
-190681
961
-11345
12494
-147529
651
-7687
-19219
226982
-1302
15377
23251
-274629
992
-11717
9797
-115754
341
-4029
-10353
122450
-713
8433
16586
-196385
589
-6974
4496
-53289
217
-2572
-6416
76105
-217
2574
-9361
111104
-465
5519
12029
-142910
527
-6261
5240
-62279
279
-3316
13734
-163339
589
-7005
-7966
94767
-589
7007
13238
-157945
465
-5548
15315
-182776
961
-11469
373
-4464
31
-371
-12337
148893
-465
5612
7751
-93589
403
-4866
-6788
81995
-403
4868
7968
-96317
341
-4122
-5083
61473
-341
4124
20275
-245241
961
-11624
5519
-66991
217
-2634
-6819
82894
-403
4899
-15809
192231
-589
7162
12184
-148335
527
-6416
7038
-85715
341
-4153
-8958
109151
-341
4155
-3812
46531
-155
1892
5333
-65162
279
-3409
8774
-107291
403
-4928
-9330
114173
-527
6449
-19777
242048
-1302
15935
13703
-167958
961
-11779
18353
-224998
713
-8741
-14910
182869
-589
7224
9952
-122109
341
-4184
-8028
98549
-341
4186
4589
-56358
217
-2665
15129
-185969
527
-6478
-9361
115103
-527
6480
10727
-131998
403
-4959
17826
-219511
589
-7253
22042
-271529
775
-9547
-23001
283402
-775
9549
-2107
26009
-93
1148
-14755
182311
-961
11874
7100
-87761
341
-4215
-10167
125767
-589
7286
10758
-133207
403
-4990
-22474
278411
-961
11905
2884
-35743
155
-1921
-3843
47678
-155
1923
-11345
140833
-527
6542
-6540
81313
-217
2698
-21172
263407
-775
9642
-8090
100781
-341
4248
-12523
156147
-465
5798
-11376
141887
-527
6573
-8307
103633
-589
7348
-11965
149296
-651
8123
-10818
135005
-713
8898
-17173
214365
-837
10448
19686
-245737
961
-11996
12587
-157573
775
-9702
13517
-169384
465
-5827
6976
-87451
403
-5052
21670
-271901
961
-12058
5426
-68107
279
-3502
22228
-279155
775
-9733
23995
-301413
992
-12461
5612
-70525
217
-2727
-4649
58466
-217
2729
-11810
149017
-403
5085
-12058
152179
-651
8216
8154
-103013
341
-4308
20399
-258633
775
-9826
-21358
270847
-775
9828
14199
-180079
589
-7470
-15158
192293
-589
7472
7038
-89311
403
-5114
-11841
150319
-403
5116
-14383
182776
-527
6697
-9144
116405
-341
4341
18074
-230175
589
-7501
-10384
132277
-589
7503
-21575
274877
-713
9084
12773
-162967
775
-9888
8030
-102517
403
-5145
17113
-219139
961
-12306
13145
-168361
651
-8338
-20521
262880
-1302
16679
24243
-310589
992
-12709
10138
-129921
341
-4370
-11066
141949
-713
9146
17175
-220534
589
-7563
4713
-60574
217
-2789
-6633
85312
-217
2791
-9826
126449
-465
5984
12556
-161727
527
-6788
5519
-71114
279
-3595
14323
-184667
589
-7594
-8555
110329
-589
7596
13703
-177196
465
-6013
16276
-210521
961
-12430
404
-5239
31
-402
-12802
167307
-465
6077
8154
-106609
403
-5269
-7191
94054
-403
5271
8309
-108748
341
-4463
-5424
71021
-341
4465
21236
-278101
961
-12585
5736
-75361
217
-2851
-7222
95015
-403
5302
-16398
215791
-589
7751
12711
-167462
527
-6943
7379
-97247
341
-4494
-9299
122605
-341
4496
-3967
52390
-155
2047
5612
-74183
279
-3688
9177
-121396
403
-5331
-9857
130479
-527
6976
-21079
279062
-1302
17237
14664
-194401
961
-12740
19066
-252805
713
-9454
-15499
205592
-589
7813
10293
-136586
341
-4525
-8369
111104
-341
4527
4806
-63829
217
-2882
15656
-208103
527
-7005
-9888
131471
-527
7007
11130
-148087
403
-5362
22817
-303893
775
-10322
-23776
316727
-775
10324
-2200
29357
-93
1241
-15716
209901
-961
12835
7441
-99417
341
-4556
-10756
143809
-589
7875
11161
-149358
403
-5393
-23435
313751
-961
12866
3039
-40703
155
-2076
-3998
53599
-155
2078
-11872
159247
-527
7069
-21947
294996
-775
10417
-8431
113460
-341
4589
-12988
174933
-465
6263
-11903
160363
-527
7100
-8896
119877
-589
7937
-12616
170035
-651
8774
-11531
155434
-713
9611
-18010
242823
-837
11285
20647
-278380
961
-12957
13362
-180637
775
-10477
13982
-189193
465
-6292
7379
-99882
403
-5455
22631
-306590
961
-13019
5705
-77314
279
-3781
23003
-311891
775
-10508
24987
-338861
992
-13453
5829
-79081
217
-2944
-4866
66061
-217
2946
-12213
166315
-403
5488
-12709
173104
-651
8867
8495
-115816
341
-4649
21174
-289633
775
-10601
-22133
302808
-775
10603
14788
-202337
589
-8059
-15747
215512
-589
8061
7441
-101866
403
-5517
-12244
167679
-403
5519
-14910
204383
-527
7224
-9485
130231
-341
4682
-10973
150753
-589
8092
13548
-186403
775
-10663
8433
-116095
403
-5548
18074
-249519
961
-13267
13796
-190495
651
-8989
-21823
301382
-1302
17981
25235
-348533
992
-13701
10479
-144770
341
-4711
-11779
162874
-713
9859
17764
-245861
589
-8152
4930
-68293
217
-3006
-10291
142724
-465
6449
13083
-181598
527
-7315
5798
-80507
279
-3874
14912
-207173
589
-8183
-9144
127069
-589
8185
14168
-197377
465
-6478
17237
-240188
961
-13391
435
-6076
31
-433
-13267
186651
-465
6542
8557
-120435
403
-5672
-7594
106919
-403
5674
8650
-121861
341
-4804
-5765
81251
-341
4806
22197
-312883
961
-13546
5953
-84165
217
-3068
-7625
107942
-403
5705
-16987
240529
-589
8340
13238
-187643
527
-7470
7720
-109461
341
-4835
-9640
136741
-341
4837
-4122
58559
-155
2202
5891
-83762
279
-3967
9580
-136307
403
-5734
-10384
147839
-527
7503
-22381
318680
-1302
18539
15625
-222766
961
-13701
19779
-282038
713
-10167
-16088
229493
-589
8402
-8710
124341
-341
4868
5023
-71734
217
-3099
16183
-231291
527
-7532
-10415
148893
-527
7534
11533
-164982
403
-5765
23592
-337807
775
-11097
-2293
32891
-93
1334
-16677
239413
-961
13796
7782
-111755
341
-4897
-11345
163029
-589
8464
11564
-166315
403
-5796
3194
-45973
155
-2231
-4153
59830
-155
2233
-12399
178715
-527
7596
-22722
328135
-775
11192
-8772
126821
-341
4930
-13453
194649
-465
6728
-12430
179893
-527
7627
-9485
137299
-589
8526
-13267
192076
-651
9425
-12244
177289
-713
10324
-18847
272955
-837
12122
21608
-312945
961
-13918
14137
-205251
775
-11252
7782
-113119
403
-5858
5984
-87079
279
-4060
23778
-346177
775
-11283
25979
-378293
992
-14445
6046
-88071
217
-3161
-5083
74090
-217
3163
-13360
195331
-651
9518
8836
-129301
341
-4990
21949
-322183
775
-11376
-22908
336319
-775
11378
15377
-225773
589
-8648
-16336
239909
-589
8650
7844
-115227
403
-5920
-15437
227044
-527
7751
-9826
144739
-341
5023
-11562
170407
-589
8681
14323
-211389
775
-11438
8836
-130479
403
-5951
19035
-281821
961
-14228
14447
-213931
651
-9640
-23125
342488
-1302
19283
26227
-388461
992
-14693
-12492
185225
-713
10572
5147
-76446
217
-3223
-10756
159929
-465
6914
13610
-202523
527
-7842
6077
-90458
279
-4153
15501
-230857
589
-8772
-9733
144987
-589
8774
18198
-271777
961
-14352
466
-6975
31
-464
-13732
206925
-465
7007
8960
-135067
403
-6075
-7997
120590
-403
6077
8991
-135656
341
-5145
-6106
92163
-341
5147
23158
-349587
961
-14507
6170
-93403
217
-3285
-8028
121675
-403
6108
-17576
266445
-589
8929
13765
-208878
527
-7997
8061
-122357
341
-5176
-9981
151559
-341
5178
-4277
65038
-155
2357
6170
-93899
279
-4246
9983
-152024
403
-6137
-10911
166253
-527
8030
-23683
360902
-1302
19841
16586
-253053
961
-14662
20492
-312697
713
-10880
-16677
254572
-589
8991
-9051
138260
-341
5209
5240
-80073
217
-3316
-10942
167369
-527
8061
11936
-182683
403
-6168
-2386
36611
-93
1427
-17638
270847
-961
14757
8123
-124775
341
-5238
-11934
183427
-589
9053
11967
-184078
403
-6199
3349
-51553
155
-2386
-4308
66371
-155
2388
-12926
199237
-527
8123
-23497
362824
-775
11967
-9113
140864
-341
5271
-13918
215295
-465
7193
-12957
200477
-527
8154
-10074
155899
-589
9115
-13918
215419
-651
10076
-12957
200570
-713
11037
-19684
304761
-837
12959
14912
-231415
775
-12027
8185
-127162
403
-6261
6263
-97402
279
-4339
26971
-419709
992
-15437
6263
-97495
217
-3378
-5300
82553
-217
3380
-14011
218860
-651
10169
9177
-143468
341
-5331
22724
-356283
775
-12151
-23683
371380
-775
12153
15966
-250387
589
-9237
-16925
265484
-589
9239
8247
-129394
403
-6323
-15964
250759
-527
8278
-10167
159929
-341
5364
-12151
191239
-589
9270
15098
-237925
775
-12213
9239
-145669
403
-6354
19996
-316045
961
-15189
15098
-238669
651
-10291
-24427
386198
-1302
20585
27219
-430373
992
-15685
-13205
209002
-713
11285
5364
-85033
217
-3440
-11221
178064
-465
7379
14137
-224502
527
-8369
6356
-100967
279
-4432
16090
-255719
589
-9361
-10322
164083
-589
9363
19159
-305288
961
-15313
497
-7936
31
-495
-14197
228129
-465
7472
9363
-150505
403
-6478
-8400
135067
-403
6480
9332
-150133
341
-5486
-6447
103757
-341
5488
24119
-388213
961
-15468
6387
-103075
217
-3502
-8431
136214
-403
6511
-18165
293539
-589
9518
14292
-231167
527
-8524
8402
-135935
341
-5517
-10322
167059
-341
5519
-4432
71827
-155
2512
6449
-104594
279
-4525
10386
-168547
403
-6540
-11438
185721
-527
8557
-24985
405728
-1302
21143
21205
-344782
713
-11593
-17266
280829
-589
9580
-9392
152861
-341
5550
5457
-88846
217
-3533
-11469
186899
-527
8588
12339
-201190
403
-6571
-2479
40517
-93
1520
-18599
304203
-961
15718
8464
-138477
341
-5579
-12523
205003
-589
9642
12370
-202647
403
-6602
3504
-57443
155
-2541
-4463
73222
-155
2543
-13453
220813
-527
8650
-9454
155589
-341
5612
-14383
236871
-465
7658
-13484
222115
-527
8681
-10663
175677
-589
9704
-14569
240064
-651
10727
-13670
225277
-713
11750
-20521
338241
-837
13796
15687
-259129
775
-12802
8588
-142011
403
-6664
6542
-108283
279
-4618
27963
-463109
992
-16429
6480
-107353
217
-3595
-5517
91450
-217
3597
-14662
243691
-651
10820
9518
-158317
341
-5672
23499
-391933
775
-12926
16555
-276179
589
-9826
-17514
292237
-589
9828
8650
-144367
403
-6726
-10508
175801
-341
5705
-12740
213249
-589
9859
15873
-266011
775
-12988
9642
-161665
403
-6757
20957
-352191
961
-16150
15749
-264709
651
-10942
-25729
432512
-1302
21887
28211
-474269
992
-16677
-13918
234205
-713
11998
5581
-94054
217
-3657
-11686
197129
-465
7844
14664
-247535
527
-8896
6635
-112034
279
-4711
16679
-281759
589
-9950
-10911
184357
-589
9952
20120
-340721
961
-16274
528
-8959
31
-526
9766
-166749
403
-6881
-8803
150350
-403
6883
9673
-165292
341
-5827
-6788
116033
-341
5829
25080
-428761
961
-16429
6604
-113181
217
-3719
-8834
151559
-403
6914
14819
-254510
527
-9051
8743
-150195
341
-5858
-4587
78926
-155
2667
6728
-115847
279
-4804
10789
-185876
403
-6943
-11965
206243
-527
9084
-26287
453158
-1302
22445
21918
-378293
713
-12306
-17855
308264
-589
10169
-9733
168144
-341
5891
5674
-98053
217
-3750
-11996
207483
-527
9115
-2572
44609
-93
1613
-19560
339481
-961
16679
8805
-152861
341
-5920
-13112
227757
-589
10231
3659
-63643
155
-2696
-4618
80383
-155
2698
-13980
243443
-527
9177
-9795
170996
-341
5953
-14011
244807
-527
9208
-11252
196633
-589
10293
-15220
266011
-651
11378
-14383
251410
-713
12463
-21358
373395
-837
14633
16462
-288393
775
-13577
8991
-157666
403
-7067
6821
-119722
279
-4897
28955
-508493
992
-17421
6697
-117645
217
-3812
-5734
100781
-217
3814
-15313
269824
-651
11471
9859
-173848
341
-6013
17144
-303149
589
-10415
-18103
320168
-589
10417
9053
-160146
403
-7129
-13329
236437
-589
10448
16648
-295647
775
-13763
10045
-178467
403
-7160
21918
-390259
961
-17111
16400
-292051
651
-11593
-27031
481430
-1302
23189
29203
-520149
992
-17669
-14631
260834
-713
12711
5798
-103509
217
-3874
-12151
217124
-465
8309
15191
-271622
527
-9423
6914
-123659
279
-4990
17268
-308977
589
-10539
-11500
205809
-589
10541
21081
-378076
961
-17235
559
-10044
31
-557
10169
-183799
403
-7284
-9206
166439
-403
7286
10014
-181133
341
-6168
-7129
128991
-341
6170
26041
-471231
961
-17390
-9237
167710
-403
7317
15346
-278907
527
-9578
9084
-165137
341
-6199
-4742
86335
-155
2822
7007
-127658
279
-5083
11192
-204011
403
-7346
-12492
227819
-527
9611
-27589
503192
-1302
23747
-10074
184109
-341
6232
5891
-107694
217
-3967
-12523
229121
-527
9642
-2665
48887
-93
1706
9146
-167927
341
-6261
-13701
251689
-589
10820
3814
-70153
155
-2851
-4773
87854
-155
2853
-14507
267127
-527
9704
-10136
187085
-341
6294
-14538
268553
-527
9735
-11841
218767
-589
10882
-15871
293260
-651
12029
-15096
278969
-713
13176
-22195
410223
-837
15470
17237
-319207
775
-14352
9394
-174127
403
-7470
7100
-131719
279
-5176
29947
-555861
992
-18413
-5951
110546
-217
4031
-15964
297259
-651
12122
10200
-190061
341
-6354
17733
-331297
589
-11004
9456
-176731
403
-7532
-13918
260803
-589
11037
17423
-326833
775
-14538
10448
-196075
403
-7563
17051
-320695
651
-12244
-28333
532952
-1302
24491
30195
-568013
992
-18661
-15344
288889
-713
13424
6015
-113398
217
-4091
-12616
238049
-465
8774
15718
-296763
527
-9950
7193
-135842
279
-5269
17857
-337373
589
-11128
-12089
228439
-589
11130
22042
-417353
961
-18196
590
-11191
31
-588
10572
-201655
403
-7687
-9609
183334
-403
7689
10355
-197656
341
-6509
-7470
142631
-341
6511
27002
-515623
961
-18351
-9640
184667
-403
7720
15873
-304358
527
-10105
9425
-180761
341
-6540
7286
-140027
279
-5362
11595
-222952
403
-7749
-13019
250449
-527
10138
-28891
555830
-1302
25049
-10415
200756
-341
6573
6108
-117769
217
-4184
-13050
251813
-527
10169
-2758
53351
-93
1799
9487
-183675
341
-6602
-14290
276799
-589
11409
3969
-76973
155
-3006
-15034
291865
-527
10231
-10477
203856
-341
6635
-15065
293353
-527
10262
-12430
242079
-589
11471
-16522
321811
-651
12680
-15809
307954
-713
13889
-23032
448725
-837
16307
18012
-351571
775
-15127
9797
-191394
403
-7873
7379
-144274
279
-5455
-6168
120745
-217
4248
-16615
325996
-651
12773
10541
-206956
341
-6695
9859
-194122
403
-7935
-14507
286347
-589
11626
18198
-359569
775
-15313
10851
-214489
403
-7966
17702
-350641
651
-12895
-29635
587078
-1302
25793
-16057
318370
-713
14137
6232
-123721
217
-4308
-13081
259904
-465
9239
16245
-322958
527
-10477
7472
-148583
279
-5548
-12678
252247
-589
11719
23003
-458552
961
-19157
621
-12400
31
-619
10975
-220317
403
-8090
-10012
201035
-403
8092
-7811
156953
-341
6852
-10043
202430
-403
8123
9766
-197067
341
-6881
7565
-152954
279
-5641
11998
-242699
403
-8152
-13546
274133
-527
10665
-30193
611072
-1302
26351
6325
-128278
217
-4401
-13577
275559
-527
10696
-2851
58001
-93
1892
9828
-200105
341
-6943
-14879
303087
-589
11998
4124
-84103
155
-3161
-15561
317657
-527
10758
-15592
319207
-527
10789
-13019
266569
-589
12060
-17173
351664
-651
13331
-16522
338365
-713
14602
-23869
488901
-837
17144
18787
-385485
775
-15902
10200
-209467
403
-8276
7658
-157387
279
-5734
-6385
131378
-217
4465
-17266
356035
-651
13424
10262
-212319
403
-8338
-15096
313069
-589
12215
18973
-393855
775
-16088
11254
-233709
403
-8369
18353
-381889
651
-13546
-30937
643808
-1302
27095
-16770
349277
-713
14850
6449
-134478
217
-4525
-13546
282689
-465
9704
7751
-161882
279
-5827
-13267
277233
-589
12308
23964
-501673
961
-20118
652
-13671
31
-650
11378
-239785
403
-8493
-10415
219542
-403
8495
-8152
171957
-341
7193
-10446
220999
-403
8526
10107
-214055
341
-7222
7844
-166439
279
-5920
12401
-263252
403
-8555
-14073
298871
-527
11192
-31495
668918
-1302
27653
6542
-139221
217
-4618
-14104
300359
-527
11223
10169
-217217
341
-7284
-15468
330553
-589
12587
4279
-91543
155
-3316
-16088
344503
-527
11285
-16119
346115
-527
11316
-13608
292237
-589
12649
-17824
382819
-651
13982
-17235
370202
-713
15315
-24706
530751
-837
17981
19562
-420949
775
-16677
10603
-228346
403
-8679
7937
-171058
279
-6013
-6602
142445
-217
4682
-17917
387376
-651
14075
10665
-231322
403
-8741
-15685
340969
-589
12804
19748
-429691
775
-16863
11657
-253735
403
-8772
19004
-414439
651
-14197
-32239
703142
-1302
28397
-17483
381610
-713
15563
6666
-145669
217
-4742
-14011
306404
-465
10169
8030
-175739
279
-6106
-13856
303397
-589
12897
24925
-546716
961
-21079
683
-15004
31
-681
11781
-260059
403
-8896
-10818
238855
-403
8898
-8493
187643
-341
7534
-10849
240374
-403
8929
10448
-231725
341
-7563
8123
-180482
279
-6199
-14600
324663
-527
11719
-32797
729368
-1302
28955
-14631
326213
-527
11750
10510
-235011
341
-7625
-16057
359197
-589
13176
4434
-99293
155
-3471
-14197
319083
-589
13238
-18475
415276
-651
14633
-17948
403465
-713
16028
-25543
574275
-837
18818
20337
-457963
775
-17452
11006
-248031
403
-9082
8216
-185287
279
-6292
-18568
420019
-651
14726
11068
-251131
403
-9144
-16274
370047
-589
13393
20523
-467077
775
-17638
12060
-274567
403
-9175
19655
-448291
651
-14848
-33541
765080
-1302
29699
-18196
415369
-713
16276
8309
-190154
279
-6385
-14445
330739
-589
13486
25886
-593681
961
-22040
714
-16399
31
-712
12184
-281139
403
-9299
-11221
258974
-403
9301
-8834
204011
-341
7875
-11252
260555
-403
9332
8402
-195083
279
-6478
-15127
351509
-527
12246
-34099
792422
-1302
30257
-15158
353121
-527
12277
-16646
389019
-589
13765
4589
-107353
155
-3626
-14786
347107
-589
13827
-19126
449035
-651
15284
-18661
438154
-713
16741
21112
-496527
775
-18227
11409
-268522
403
-9485
8495
-200074
279
-6571
-19219
453964
-651
15377
11471
-271746
403
-9547
-16863
400303
-589
13982
21298
-506013
775
-18413
12463
-296205
403
-9578
-34843
829622
-1302
31001
-18909
450554
-713
16989
8588
-205127
279
-6664
-15034
359259
-589
14075
26847
-642568
961
-23001
745
-17856
31
-743
-11624
279899
-403
9704
-9175
221061
-341
8216
-11655
281542
-403
9735
-15654
379409
-527
12773
-35401
858080
-1302
31559
-15685
381083
-527
12804
-17235
420019
-589
14354
4744
-115723
155
-3781
-15375
376309
-589
14416
-19777
484096
-651
15935
-19374
474269
-713
17454
21887
-536641
775
-19002
11812
-289819
403
-9888
-19870
489211
-651
16028
11874
-293167
403
-9950
-17452
431737
-589
14571
22073
-546499
775
-19188
-36145
896768
-1302
32303
-19622
487165
-713
17702
-15623
388957
-589
14664
27808
-693377
961
-23962
776
-19375
31
-774
-12027
301630
-403
10107
-9516
238793
-341
8557
-12058
303335
-403
10138
-16181
408363
-527
13300
-36703
926342
-1302
32861
-16212
410099
-527
13331
-17824
452197
-589
14943
-15964
406689
-589
15005
-20087
511810
-713
18167
22662
-578305
775
-19777
12215
-311922
403
-10291
12277
-315394
403
-10353
-18041
464349
-589
15160
22848
-588535
775
-19963
-37447
966518
-1302
33605
-20335
525202
-713
18415
-16212
419833
-589
15253
28769
-746108
961
-24923
807
-20956
31
-805
-12430
324167
-403
10510
-9857
257207
-341
8898
-12461
325934
-403
10541
-38005
997208
-1302
34163
-16553
438247
-589
15594
-20800
550777
-713
18880
23437
-621519
775
-20552
23623
-632121
775
-20738
-38749
1038872
-1302
34907
-21048
564665
-713
19128
-16801
451887
-589
15842
838
-22599
31
-836
-10198
276303
-341
9239
-39307
1070678
-1302
35465
-17142
470983
-589
16183
-21513
591170
-713
19593
-40051
1113830
-1302
36209
-21761
605554
-713
19841
-17390
485119
-589
16431
869
-24304
31
-867
-10539
296081
-341
9580
-17731
504897
-589
16772
-17979
519529
-589
17020
900
-26071
31
-898
931
-27900
31
-929
