1
33
0
1
-1088
33
-33
1
-4421
264
-1122
67
30559
-1881
1056
-65
7657
-495
495
-32
-12011
825
-495
34
2212
-165
429
-32
-8744
693
-429
34
1123
-99
363
-32
-10922
1023
-363
34
-21845
2112
-693
67
9868
-1023
627
-65
7657
-825
297
-32
-5477
627
-297
34
-4421
528
-561
67
17557
-2112
1089
-131
-18644
2277
-1089
133
10990
-1419
759
-98
-20789
2739
-759
100
5479
-759
231
-32
-1121
165
-231
34
27391
-4125
1089
-164
-8876
1353
-1089
166
-12044
1881
-429
67
-2276
363
-627
100
-25178
4059
-825
133
24091
-4158
759
-131
16435
-2871
561
-98
4423
-792
363
-65
-7688
1419
-363
67
2212
-429
165
-32
-1121
231
-165
34
17656
-3729
1089
-230
-18743
3993
-1089
232
7690
-1683
297
-65
-8777
1980
-297
67
-13166
3069
-429
100
-12110
2871
-561
133
-2342
561
-693
166
-12176
2937
-825
199
-24419
5907
-1914
463
-2441
594
-1089
265
11122
-2871
891
-230
24157
-6270
759
-197
9967
-2607
627
-164
4489
-1188
495
-131
9901
-2673
363
-98
-2276
627
-363
100
5512
-1551
231
-65
-6599
1914
-231
67
-2342
693
-561
166
1420
-429
1089
-329
37489
-11385
1518
-461
11023
-3366
429
-131
-13199
4092
-429
133
1123
-363
99
-32
-2210
759
-99
34
-15443
5478
-561
199
5578
-2013
363
-131
-6665
2442
-363
133
-2408
891
-627
232
20956
-7953
693
-263
5611
-2145
429
-164
-4520
1749
-429
166
4654
-1815
759
-296
-13364
5247
-759
298
4786
-1881
1089
-428
4489
-1782
330
-131
-3332
1353
-165
67
-12209
5049
-561
232
16600
-6963
627
-263
-7886
3333
-627
265
-18149
7689
-1716
727
-2639
1122
-1089
463
-6632
2871
-231
100
4489
-1980
297
-131
-8843
3960
-297
133
3433
-1551
363
-164
-8876
4059
-363
166
-4553
2112
-429
199
-8942
4191
-495
232
-15509
7326
-561
265
-4652
2211
-627
298
-22109
10560
-693
331
-14519
6963
-759
364
-25442
12243
-825
397
-18941
9141
-891
430
-24419
11814
-957
463
-35837
17358
-2046
991
67
-33
132
-65
-9272
4785
-1089
562
8119
-4191
957
-494
11353
-5874
891
-461
2608
-1353
825
-428
11287
-5874
759
-395
1453
-759
693
-362
16666
-8745
627
-329
3565
-1881
561
-296
7888
-4191
495
-263
10033
-5379
429
-230
3466
-1881
363
-197
-8909
4884
-363
199
1255
-693
297
-164
-5609
3135
-297
166
1222
-693
231
-131
-8975
5148
-462
265
-2804
1617
-1089
628
13432
-7755
627
-362
-4718
2739
-627
364
6865
-4026
561
-329
2278
-1353
165
-98
5017
-3036
1089
-659
22903
-13893
1848
-1121
12442
-7557
759
-461
-21152
12903
-759
463
10066
-6171
429
-263
-8975
5544
-429
265
-2606
1617
-693
430
18910
-11913
627
-395
5677
-3597
363
-230
-6764
4323
-363
232
3631
-2343
561
-362
1156
-759
99
-65
-2243
1518
-99
67
1387
-957
429
-296
-3563
2475
-429
298
1849
-1287
1089
-758
4819
-3366
660
-461
16732
-11781
561
-395
1255
-891
231
-164
-2342
1683
-231
166
10066
-7293
363
-263
-2441
1782
-363
265
-12341
9075
-495
364
-11351
8382
-627
463
-1649
1221
-759
562
-19172
14223
-891
661
-4553
3432
-264
199
-3002
2277
-1089
826
15874
-12045
825
-626
21220
-16137
693
-527
6964
-5313
561
-428
1420
-1089
429
-329
1321
-1023
297
-230
-2408
1881
-297
232
-9437
7425
-924
727
14059
-11088
1254
-989
4489
-3564
165
-131
-3398
2739
-165
133
4654
-3795
363
-296
-7919
6501
-363
298
-2639
2178
-561
463
-1715
1419
-759
628
2872
-2409
825
-692
19042
-16005
627
-527
2542
-2145
429
-362
-18149
15378
-858
727
5479
-4653
1320
-1121
6733
-5742
231
-197
-2375
2046
-231
199
5017
-4356
759
-659
-14816
12903
-759
661
-4817
4224
-528
463
16699
-14685
1650
-1451
14653
-12903
561
-494
4621
-4092
297
-263
-2441
2178
-297
265
-11450
10263
-627
562
1717
-1551
693
-626
1420
-1287
363
-329
-11219
10230
-363
331
5842
-5379
429
-395
-12374
11451
-429
397
4819
-4488
495
-461
-9173
8580
-495
463
5380
-5049
1089
-1022
-32603
30657
-1089
1024
34
-33
33
-32
8152
-8679
495
-527
-12506
13365
-495
529
2641
-2838
429
-461
-9173
9900
-429
463
1486
-1617
363
-395
-11285
12342
-363
397
-22538
24717
-693
760
10495
-11583
627
-692
7954
-8811
297
-329
-5774
6435
-297
331
-4982
5577
-561
628
18646
-20889
1089
-1220
-19733
22143
-1089
1222
11749
-13266
759
-857
-21548
24387
-759
859
5710
-6501
231
-263
-1352
1551
-231
265
28480
-32769
1089
-1253
-9965
11484
-1089
1255
-12473
14421
-429
496
-2903
3366
-627
727
-26003
30195
-825
958
24850
-29139
759
-890
16996
-19965
561
-659
4786
-5643
363
-428
-8051
9537
-363
430
2377
-2838
165
-197
-1286
1551
-165
199
18745
-22704
1089
-1319
-19832
24057
-1089
1321
7987
-9735
297
-362
-9074
11121
-297
364
-13595
16764
-429
529
-12671
15675
-561
694
-3035
3762
-693
859
-13001
16137
-825
1024
-26333
32703
-1914
2377
-3530
4389
-1089
1354
12013
-15114
891
-1121
24916
-31383
759
-956
10594
-13365
627
-791
4984
-6303
495
-626
10264
-13035
363
-461
-2639
3366
-363
463
5743
-7359
231
-296
-6830
8811
-231
298
-2903
3762
-561
727
2509
-3267
1089
-1418
11452
-14949
429
-560
-13628
17853
-429
562
1222
-1617
99
-131
-2309
3102
-99
133
-16004
21681
-561
760
5941
-8085
363
-494
-7028
9603
-363
496
-3035
4158
-627
859
21649
-29865
693
-956
6040
-8349
429
-593
-4949
6864
-429
595
5413
-7524
759
-1055
-14123
19668
-759
1057
5875
-8184
1089
-1517
4819
-6732
330
-461
-3497
4917
-165
232
-12770
18051
-561
793
17227
-24453
627
-890
-8513
12111
-627
892
-19865
28281
-1716
2443
-3728
5313
-1089
1552
-6863
9834
-231
331
4786
-6897
297
-428
-9140
13233
-297
430
3796
-5511
363
-527
-9239
13464
-363
529
-4982
7293
-429
628
-9437
13860
-495
727
-16070
23661
-561
826
-5279
7788
-627
925
-22802
33693
-693
1024
-15278
22605
-759
1123
-26267
38907
-825
1222
-19832
29403
-891
1321
-25376
37653
-957
1420
-37883
56232
-2046
3037
199
-297
132
-197
-10361
15708
-1089
1651
9076
-13761
957
-1451
12244
-18579
891
-1352
3433
-5214
825
-1253
12046
-18315
759
-1154
2146
-3267
693
-1055
17293
-26367
627
-956
4126
-6303
561
-857
8383
-12837
495
-758
10462
-16071
429
-659
3829
-5907
363
-560
-9272
14355
-363
562
1552
-2409
297
-461
-5906
9207
-297
463
1453
-2277
231
-362
-9437
14850
-462
727
-3893
6138
-1089
1717
14059
-22176
627
-989
-5345
8448
-627
991
7426
-11781
561
-890
2443
-3894
165
-263
6106
-9801
1089
-1748
24751
-39765
1848
-2969
13201
-21219
759
-1220
-21911
35277
-759
1222
10495
-16929
429
-692
-9404
15213
-429
694
-3299
5346
-693
1123
19537
-31845
627
-1022
6040
-9867
363
-593
-7127
11682
-363
595
4192
-6897
561
-923
1255
-2079
99
-164
-2342
3927
-99
166
1816
-3069
429
-725
-3992
6765
-429
727
2938
-4983
1089
-1847
17293
-29469
561
-956
1486
-2541
231
-395
-2573
4422
-231
397
10429
-17985
363
-626
-2804
4851
-363
628
-12836
22275
-495
859
-11978
20823
-627
1090
-2408
4191
-759
1321
-20063
34947
-891
1552
-4817
8448
-264
463
-4091
7194
-1089
1915
16699
-29370
825
-1451
21913
-38577
693
-1220
7525
-13266
561
-989
1849
-3267
429
-758
1618
-2871
297
-527
-2705
4818
-297
529
-10361
18513
-924
1651
15313
-27390
1254
-2243
4654
-8349
165
-296
-3563
6435
-165
298
5017
-9108
363
-659
-8282
15081
-363
661
-3200
5841
-561
1024
-2474
4521
-759
1387
3697
-6798
825
-1517
19669
-36201
627
-1154
2971
-5478
429
-791
-19007
35112
-858
1585
6799
-12573
1320
-2441
6964
-12903
231
-428
-2606
4851
-231
430
5776
-10791
759
-1418
-15575
29139
-759
1420
-5345
10032
-528
991
18349
-34485
1650
-3101
15214
-28611
561
-1055
4918
-9273
297
-560
-2738
5181
-297
562
-12077
22902
-627
1189
2410
-4587
693
-1319
1783
-3399
363
-692
-11582
22143
-363
694
6271
-12045
429
-824
-12803
24651
-429
826
5314
-10263
495
-956
-9668
18711
-495
958
6469
-12540
1089
-2111
-33692
65373
-1089
2113
67
-132
33
-65
8647
-17853
495
-1022
-13001
26895
-495
1024
3070
-6369
429
-890
-9602
19965
-429
892
1849
-3861
363
-758
-11648
24387
-363
760
11122
-23397
627
-1319
8251
-17391
297
-626
-6071
12837
-297
628
-5543
11748
-561
1189
19735
-41844
1089
-2309
-20822
44187
-1089
2311
12508
-26631
759
-1616
-22307
47553
-759
1618
5941
-12705
231
-494
-1583
3399
-231
496
29569
-63591
1089
-2342
-11054
23793
-1089
2344
-12902
27819
-429
925
-3530
7623
-627
1354
-26828
57981
-825
1783
17557
-38181
561
-1220
5149
-11220
363
-791
-8414
18381
-363
793
2542
-5577
165
-362
-1451
3201
-165
364
19834
-43857
1089
-2408
-20921
46299
-1089
2410
8284
-18381
297
-659
-9371
20856
-297
661
-14024
31317
-429
958
-13232
29601
-561
1255
-3728
8349
-693
1552
-13826
30987
-825
1849
-4619
10362
-1089
2443
12904
-29139
891
-2012
11221
-25377
627
-1418
5479
-12408
495
-1121
10627
-24123
363
-824
-3002
6831
-363
826
5974
-13629
231
-527
-7061
16170
-231
529
-3464
7953
-561
1288
3598
-8283
1089
-2507
11881
-27390
429
-989
-14057
32472
-429
991
1321
-3069
99
-230
-2408
5643
-99
232
-16565
39006
-561
1321
6304
-14883
363
-857
-7391
17490
-363
859
-3662
8679
-627
1486
22342
-53163
693
-1649
6469
-15411
429
-1022
-5378
12837
-429
1024
6172
-14751
759
-1814
-14882
35607
-759
1816
6964
-16665
1089
-2606
5149
-12342
330
-791
-3662
8811
-165
397
-13331
32175
-561
1354
17854
-43197
627
-1517
-9140
22143
-627
1519
-4817
11682
-1089
2641
-7094
17259
-231
562
5083
-12408
297
-725
-9437
23100
-297
727
4159
-10197
363
-890
-9602
23595
-363
892
-5411
13332
-429
1057
-9932
24519
-495
1222
-16631
41118
-561
1387
-5906
14619
-627
1552
-16037
39765
-759
1882
-27092
67221
-825
2047
-20723
51447
-891
2212
-26333
65406
-957
2377
-39929
99198
-2046
5083
331
-825
132
-329
-11450
28809
-1089
2740
10033
-25245
957
-2408
13135
-33066
891
-2243
4258
-10725
825
-2078
12805
-32274
759
-1913
2839
-7161
693
-1748
17920
-45243
627
-1583
4687
-11847
561
-1418
8878
-22473
495
-1253
10891
-27621
429
-1088
4192
-10659
363
-923
-9635
24552
-363
925
1849
-4719
297
-758
-6203
15873
-297
760
1684
-4323
231
-593
-4982
12837
-1089
2806
14686
-37851
627
-1616
-5972
15411
-627
1618
7987
-20658
561
-1451
2608
-6765
165
-428
7195
-18744
1089
-2837
26599
-69333
1848
-4817
13960
-36399
759
-1979
-22670
59169
-759
1981
10924
-28545
429
-1121
-9833
25740
-429
1123
-3992
10461
-693
1816
20164
-53031
627
-1649
6403
-16863
363
-956
-7490
19767
-363
958
4753
-12573
561
-1484
1354
-3597
99
-263
-2441
6534
-99
265
2245
-6039
429
-1154
-4421
11913
-429
1156
4027
-10857
1089
-2936
17854
-48279
561
-1517
1717
-4653
231
-626
-2804
7623
-231
628
10792
-29403
363
-989
-3167
8646
-363
991
-13331
36465
-495
1354
-12605
34518
-627
1717
-3167
8679
-759
2080
-20954
57453
-891
2443
-5180
14289
-1089
3004
17524
-48345
825
-2276
22606
-62403
693
-1913
8086
-22341
561
-1550
2278
-6303
429
-1187
1915
-5313
297
-824
-3002
8349
-297
826
-11285
31449
-924
2575
16567
-46200
1254
-3497
4819
-13464
165
-461
-3728
10461
-165
463
5380
-15147
363
-1022
-8645
24387
-363
1024
-3761
10626
-561
1585
-3233
9141
-759
2146
4522
-12837
825
-2342
20296
-57651
627
-1781
3400
-9669
429
-1220
-19865
56562
-858
2443
8119
-23133
1320
-3761
7195
-20526
231
-659
-2837
8118
-231
661
6535
-18744
759
-2177
-16334
46893
-759
2179
-5873
16896
-528
1519
19999
-57585
1650
-4751
15775
-45441
561
-1616
5215
-15048
297
-857
-3035
8778
-297
859
-12704
36795
-627
1816
3103
-9009
693
-2012
2146
-6237
363
-1055
-11945
34782
-363
1057
6700
-19569
429
-1253
-13232
38709
-429
1255
5809
-17028
495
-1451
-10163
29832
-495
1453
7558
-22209
1089
-3200
-34781
102267
-1089
3202
100
-297
33
-98
9142
-28017
495
-1517
-13496
41415
-495
1519
3499
-10758
429
-1319
-10031
30888
-429
1321
2212
-6831
363
-1121
11749
-36465
627
-1946
8548
-26565
297
-923
-6368
19833
-297
925
-6104
19041
-561
1750
20824
-64977
1089
-3398
-21911
68409
-1089
3400
13267
-41514
759
-2375
-23066
72237
-759
2377
6172
-19371
231
-725
-1814
5709
-231
727
30658
-96591
1089
-3431
-12143
38280
-1089
3433
-13331
42075
-429
1354
-4157
13134
-627
1981
18118
-57519
561
-1781
5512
-17523
363
-1154
-8777
27951
-363
1156
2707
-8646
165
-527
-1616
5181
-165
529
20923
-67188
1089
-3497
-22010
70719
-1089
3499
8581
-27621
297
-956
-9668
31185
-297
958
-13793
44649
-561
1816
-4421
14322
-693
2245
-14651
47487
-825
2674
-5708
18513
-1089
3532
13795
-44946
891
-2903
11848
-38643
627
-2045
5974
-19503
495
-1616
10990
-35937
363
-1187
-3365
11022
-363
1189
6205
-20361
231
-758
-7292
23991
-231
760
-4025
13266
-561
1849
4687
-15477
1089
-3596
12310
-40689
429
-1418
1420
-4719
99
-329
-2507
8382
-99
331
-17126
57453
-561
1882
6667
-22407
363
-1220
-7754
26103
-363
1222
-4289
14454
-627
2113
6898
-23331
429
-1451
-5807
19668
-429
1453
6931
-23496
759
-2573
-15641
53064
-759
2575
8053
-27324
1089
-3695
5479
-18612
330
-1121
-3827
13035
-165
562
-13892
47421
-561
1915
18481
-63195
627
-2144
-9767
33429
-627
2146
-5906
20229
-1089
3730
-7325
25146
-231
793
5380
-18513
297
-1022
-9734
33561
-297
1024
4522
-15609
363
-1253
-9965
34452
-363
1255
-5840
20229
-429
1486
-10427
36168
-495
1717
-17192
59697
-561
1948
-6533
22704
-627
2179
-16796
58443
-759
2641
-21614
75273
-891
3103
-27290
95073
-957
3334
-41975
146256
-2046
7129
463
-1617
132
-461
-12539
44088
-1089
3829
10990
-38643
957
-3365
14026
-49335
891
-3134
5083
-17886
825
-2903
13564
-47751
759
-2672
3532
-12441
693
-2441
18547
-65373
627
-2210
5248
-18513
561
-1979
9373
-33099
495
-1748
11320
-40029
429
-1517
4555
-16137
363
-1286
-9998
35475
-363
1288
2146
-7623
297
-1055
-6500
23133
-297
1057
1915
-6831
231
-824
-6071
21714
-1089
3895
15313
-54780
627
-2243
-6599
23628
-627
2245
8548
-30657
561
-2012
2773
-9966
165
-593
8284
-29865
1089
-3926
28447
-102597
1848
-6665
14719
-53097
759
-2738
-23429
84579
-759
2740
11353
-41019
429
-1550
-10262
37125
-429
1552
-4685
16962
-693
2509
6766
-24585
363
-1319
-7853
28578
-363
1321
5314
-19371
561
-2045
1453
-5313
99
-362
-2540
9339
-99
364
2674
-9867
429
-1583
-4850
17919
-429
1585
5116
-18909
1089
-4025
18415
-68211
561
-2078
1948
-7227
231
-857
-3035
11286
-231
859
11155
-41547
363
-1352
-3530
13167
-363
1354
-13826
51645
-495
1849
-13232
49467
-627
2344
-3926
14685
-759
2839
-21845
81741
-891
3334
-6269
23562
-1089
4093
18349
-68970
825
-3101
8647
-32538
561
-2111
2707
-10197
429
-1616
2212
-8349
297
-1121
-3299
12474
-297
1123
-12209
46233
-924
3499
17821
-67518
1254
-4751
4984
-18909
165
-626
-3893
14817
-165
628
5743
-21912
363
-1385
-9008
34419
-363
1387
-4322
16533
-561
2146
-3992
15279
-759
2905
5347
-20526
825
-3167
3829
-14718
429
-1649
-20723
79728
-858
3301
9439
-36333
1320
-5081
7426
-28611
231
-890
-3068
11847
-231
892
7294
-28215
759
-2936
-17093
66165
-759
2938
-6401
24816
-528
2047
21649
-83985
1650
-6401
16336
-63393
561
-2177
5512
-21417
297
-1154
-3332
12969
-297
1156
-13331
51942
-627
2443
3796
-14817
693
-2705
2509
-9801
363
-1418
7129
-27951
429
-1682
-13661
53625
-429
1684
6304
-24783
495
-1946
-10658
41943
-495
1948
8647
-34056
1089
-4289
133
-528
33
-131
9637
-39171
495
-2012
-13991
56925
-495
2014
3928
-16005
429
-1748
-10460
42669
-429
1750
2575
-10527
363
-1484
12376
-50787
627
-2573
8845
-36333
297
-1220
-6665
27423
-297
1222
-6665
27456
-561
2311
21913
-90288
1089
-4487
-23000
94809
-1089
4489
14026
-57915
759
-3134
-23825
98439
-759
3136
6403
-26499
231
-956
-2045
8481
-231
958
-13232
54945
-1089
4522
-13760
57189
-429
1783
-4784
19899
-627
2608
5875
-24552
363
-1517
-9140
38247
-363
1519
2872
-12045
165
-692
-1781
7491
-165
694
22012
-92697
1089
-4586
-23099
97317
-1089
4588
8878
-37455
297
-1253
-14354
60819
-561
2377
-5114
21681
-693
2938
-15476
65637
-825
3499
-6797
28842
-1089
4621
14686
-62535
891
-3794
12475
-53163
627
-2672
6469
-27588
495
-2111
11353
-48477
363
-1550
-3728
15939
-363
1552
6436
-27555
231
-989
-7523
32274
-231
991
-4586
19701
-561
2410
5776
-24849
1089
-4685
12739
-54846
429
-1847
1519
-6567
99
-428
-2606
11319
-99
430
-17687
77022
-561
2443
7030
-30657
363
-1583
-8117
35442
-363
1585
-4916
21483
-627
2740
7327
-32109
429
-1880
-6236
27357
-429
1882
7690
-33759
759
-3332
-16400
72039
-759
3334
9142
-40161
1089
-4784
-3992
17589
-165
727
-14453
63789
-561
2476
19108
-84447
627
-2771
-10394
45969
-627
2773
-6995
30954
-1089
4819
-7556
33495
-231
1024
5677
-25212
297
-1319
4885
-21747
363
-1616
-10328
46035
-363
1618
-6269
27984
-429
1915
-10922
48807
-495
2212
-17753
79398
-561
2509
-7160
32043
-627
2806
-17555
78639
-759
3400
-22505
100881
-891
3994
-28247
126654
-957
4291
-44021
197406
-2046
9175
595
-2673
132
-593
-13628
61545
-1089
4918
11947
-53955
957
-4322
14917
-67386
891
-4025
5908
-26697
825
-3728
14323
-64746
759
-3431
4225
-19107
693
-3134
19174
-86757
627
-2837
5809
-26301
561
-2540
9868
-44715
495
-2243
11749
-53295
429
-1946
4918
-22341
363
-1649
-10361
47124
-363
1651
2443
-11121
297
-1352
-6797
30987
-297
1354
2146
-9801
231
-1055
-7160
32769
-1089
4984
15940
-72963
627
-2870
-7226
33099
-627
2872
9109
-41778
561
-2573
2938
-13497
165
-758
9373
-43164
1089
-5015
15478
-71313
759
-3497
-24188
111507
-759
3499
11782
-54351
429
-1979
-10691
49368
-429
1981
-5378
24849
-693
3202
7129
-33033
363
-1682
-8216
38115
-363
1684
5875
-27291
561
-2606
1552
-7227
99
-461
-2639
12342
-99
463
3103
-14553
429
-2012
-5279
24783
-429
2014
6205
-29139
1089
-5114
2179
-10263
231
-1088
-3266
15411
-231
1090
11518
-54417
363
-1715
-3893
18414
-363
1717
-14321
67815
-495
2344
-13859
65670
-627
2971
-4685
22209
-759
3598
-22736
107811
-891
4225
-7358
35013
-1089
5182
19174
-91245
825
-3926
9208
-43857
561
-2672
3136
-14949
429
-2045
2509
-11979
297
-1418
-3596
17193
-297
1420
-13133
62865
-924
4423
19075
-91344
1254
-6005
5149
-24684
165
-791
-4058
19503
-165
793
6106
-29403
363
-1748
-9371
45177
-363
1750
-4883
23562
-561
2707
-4751
22935
-759
3664
6172
-29865
825
-3992
4258
-20625
429
-2078
-3299
16038
-231
1123
8053
-39204
759
-3695
-17852
86955
-759
3697
-6929
33792
-528
2575
23299
-113685
1650
-8051
16897
-82467
561
-2738
5809
-28380
297
-1451
-3629
17754
-297
1453
-13958
68343
-627
3070
4489
-22011
693
-3398
2872
-14091
363
-1781
7558
-37191
429
-2111
-14090
69399
-429
2113
6799
-33528
495
-2441
-11153
55044
-495
2443
9736
-48081
1089
-5378
166
-825
33
-164
10132
-51315
495
-2507
-14486
73425
-495
2509
4357
-22110
429
-2177
-10889
55308
-429
2179
2938
-14949
363
-1847
13003
-66363
627
-3200
9142
-46695
297
-1517
-6962
35607
-297
1519
-7226
36993
-561
2872
23002
-117777
1089
-5576
-24089
123387
-1089
5578
14785
-75834
759
-3893
-24584
126159
-759
3895
6634
-34089
231
-1187
-2276
11715
-231
1189
-14321
73788
-1089
5611
-5411
27918
-627
3235
6238
-32307
363
-1880
-9503
49269
-363
1882
3037
-15774
165
-857
-1946
10131
-165
859
23101
-120384
1089
-5675
-24188
126093
-1089
5677
9175
-47883
297
-1550
-14915
78111
-561
2938
-5807
30426
-693
3631
-16301
85437
-825
4324
-7886
41349
-1089
5710
15577
-81906
891
-4685
13102
-68937
627
-3299
6964
-36663
495
-2606
11716
-61743
363
-1913
-4091
21582
-363
1915
6667
-35211
231
-1220
-5147
27258
-561
2971
6865
-36399
1089
-5774
13168
-69861
429
-2276
1618
-8613
99
-527
-2705
14454
-99
529
-18248
97713
-561
3004
7393
-39633
363
-1946
-8480
45507
-363
1948
-5543
29766
-627
3367
7756
-41745
429
-2309
-6665
35904
-429
2311
8449
-45540
759
-4091
-17159
92532
-759
4093
10231
-55176
1089
-5873
-4157
22473
-165
892
-15014
81279
-561
3037
19735
-106953
627
-3398
-11021
59763
-627
3400
-8084
43857
-1089
5908
5974
-32505
297
-1616
5248
-28611
363
-1979
-10691
58344
-363
1981
-6698
36597
-429
2344
-11417
62436
-495
2707
-18314
100221
-561
3070
-7787
42636
-627
3433
-18314
100353
-759
4159
-23396
128271
-891
4885
-29204
160149
-957
5248
-46067
252648
-2046
11221
727
-3993
132
-725
-14717
81180
-1089
6007
12904
-71181
957
-5279
15808
-87219
891
-4916
6733
-37158
825
-4553
15082
-83259
759
-4190
4918
-27159
693
-3827
19801
-109395
627
-3464
6370
-35211
561
-3101
10363
-57321
495
-2738
12178
-67419
429
-2375
5281
-29271
363
-2012
-10724
59499
-363
2014
2740
-15213
297
-1649
-7094
39435
-297
1651
2377
-13233
231
-1286
-8249
46002
-1089
6073
16567
-92400
627
-3497
-7853
43824
-627
3499
9670
-54021
561
-3134
3103
-17358
165
-923
10462
-58641
1089
-6104
16237
-91047
759
-4256
-24947
139953
-759
4258
12211
-68541
429
-2408
-11120
62469
-429
2410
-6071
34122
-693
3895
7492
-42207
363
-2045
-8579
48378
-363
2047
6436
-36333
561
-3167
1651
-9339
99
-560
-2738
15543
-99
562
3532
-20097
429
-2441
-5708
32505
-429
2443
7294
-41547
1089
-6203
2410
-13761
231
-1319
-3497
19998
-231
1321
11881
-68013
363
-2078
-4256
24387
-363
2080
-14816
84975
-495
2839
-14486
83127
-627
3598
-5444
31251
-759
4357
-23627
135663
-891
5116
-8447
48642
-1089
6271
19999
-115170
825
-4751
9769
-56298
561
-3233
3565
-20559
429
-2474
2806
-16203
297
-1715
-3893
22506
-297
1717
-14057
81345
-924
5347
20329
-117678
1254
-7259
5314
-30789
165
-956
-4223
24519
-165
958
6469
-37620
363
-2111
-9734
56661
-363
2113
-5444
31713
-561
3268
-5510
32109
-759
4423
6997
-40854
825
-4817
4687
-27390
429
-2507
-3530
20691
-231
1354
8812
-51711
759
-4454
-18611
109263
-759
4456
-7457
43824
-528
3103
24949
-146685
1650
-9701
17458
-102663
561
-3299
6106
-35937
297
-1748
-3926
23133
-297
1750
-14585
85998
-627
3697
5182
-30591
693
-4091
3235
-19107
363
-2144
7987
-47289
429
-2540
7294
-43263
495
-2936
-11648
69135
-495
2938
10825
-64284
1089
-6467
199
-1188
33
-197
10627
-64449
495
-3002
-14981
90915
-495
3004
4786
-29073
429
-2606
-11318
68805
-429
2608
3301
-20097
363
-2210
13630
-83193
627
-3827
9439
-57651
297
-1814
-7259
44385
-297
1816
-7787
47652
-561
3433
24091
-147444
1089
-6665
-25178
154143
-1089
6667
15544
-95271
759
-4652
6865
-42141
231
-1418
-2507
15411
-231
1420
-15410
94809
-1089
6700
-6038
37191
-627
3862
6601
-40788
363
-2243
-9866
61017
-363
2245
3202
-19833
165
-1022
-2111
13101
-165
1024
24190
-150249
1089
-6764
-25277
157047
-1089
6766
9472
-58905
297
-1847
-15476
96525
-561
3499
-6500
40557
-693
4324
-17126
106887
-825
5149
-8975
56034
-1089
6799
16468
-103059
891
-5576
13729
-85965
627
-3926
7459
-46728
495
-3101
-4454
27951
-363
2278
6898
-43329
231
-1451
-5708
35937
-561
3532
7954
-50127
1089
-6863
13597
-85734
429
-2705
1717
-10857
99
-626
-2804
17787
-99
628
7756
-49335
363
-2309
-8843
56298
-363
2311
-6170
39303
-627
3994
8185
-52239
429
-2738
-7094
45309
-429
2740
9208
-58839
759
-4850
-17918
114543
-759
4852
11320
-72369
1089
-6962
-4322
27687
-165
1057
-15575
99891
-561
3598
20362
-130713
627
-4025
-11648
74811
-627
4027
-9173
58938
-1089
6997
6271
-40392
297
-1913
5611
-36201
363
-2342
-11054
71379
-363
2344
-7127
46068
-429
2773
-11912
77055
-495
3202
-8414
54483
-627
4060
-19073
123585
-759
4918
-24287
157443
-891
5776
-30161
195558
-957
6205
-48113
311982
-2046
13267
859
-5577
132
-857
-15806
102993
-1089
7096
13861
-90321
957
-6236
16699
-108834
891
-5807
7558
-49269
825
-5378
15841
-103290
759
-4949
5611
-36597
693
-4520
20428
-133287
627
-4091
6931
-45243
561
-3662
10858
-70917
495
-3233
12607
-82401
429
-2804
5644
-36927
363
-2375
-11087
72600
-363
2377
3037
-19899
297
-1946
-7391
48477
-297
1948
2608
-17127
231
-1517
-9338
61413
-1089
7162
17194
-113091
627
-4124
-8480
55803
-627
4126
10231
-67386
561
-3695
3268
-21549
165
-1088
11551
-76296
1089
-7193
16996
-112299
759
-5015
12640
-83589
429
-2837
-11549
76428
-429
2839
-6764
44781
-693
4588
7855
-52107
363
-2408
-8942
59367
-363
2410
6997
-46497
561
-3728
1750
-11649
99
-659
-2837
18942
-99
661
3961
-26499
429
-2870
-6137
41085
-429
2872
8383
-56133
1089
-7292
2641
-17721
231
-1550
-3728
25047
-231
1552
-4619
31086
-363
2443
-15311
103125
-495
3334
-15113
101838
-627
4225
-6203
41811
-759
5116
-24518
165297
-891
6007
-9536
64449
-1089
7360
20824
-140745
825
-5576
10330
-69861
561
-3794
3994
-27027
429
-2903
3103
-21021
297
-2012
-4190
28413
-297
2014
-4388
29865
-165
1123
6832
-46563
363
-2474
-10097
68871
-363
2476
-6005
40986
-561
3829
-6269
42801
-759
5182
7822
-53493
825
-5642
5116
-35013
429
-2936
-3761
25806
-231
1585
9571
-65736
759
-5213
-19370
133089
-759
5215
-7985
54912
-528
3631
26599
-182985
1650
-11351
18019
-123981
561
-3860
6403
-44088
297
-2045
-4223
29106
-297
2047
-15212
104907
-627
4324
5875
-40557
693
-4784
3598
-24849
363
-2507
8416
-58245
429
-2969
7789
-53988
495
-3431
-12143
84216
-495
3433
11914
-82665
1089
-7556
232
-1617
33
-230
11122
-78573
495
-3497
-15476
109395
-495
3499
5215
-36894
429
-3035
-11747
83160
-429
3037
3664
-25971
363
-2573
14257
-101277
627
-4454
9736
-69201
297
-2111
-7556
53757
-297
2113
-8348
59433
-561
3994
25180
-179289
1089
-7754
-26267
187077
-1089
7756
16303
-116226
759
-5411
7096
-50655
231
-1649
-2738
19569
-231
1651
-16499
118008
-1089
7789
-6665
47718
-627
4489
6964
-49995
363
-2606
-10229
73491
-363
2608
3367
-24222
165
-1187
-2276
16401
-165
1189
25279
-182292
1089
-7853
-26366
190179
-1089
7855
9769
-70521
297
-2144
-16037
116061
-561
4060
-7193
52074
-693
5017
-17951
129987
-825
5974
-10064
72897
-1089
7888
17359
-125994
891
-6467
14356
-104247
627
-4553
7954
-57783
495
-3596
-4817
35046
-363
2641
7129
-51909
231
-1682
-6269
45738
-561
4093
14026
-102465
429
-3134
1816
-13299
99
-725
-2903
21318
-99
727
8119
-59763
363
-2672
-9206
67815
-363
2674
-6797
50094
-627
4621
8614
-63591
429
-3167
-7523
55572
-429
3169
9967
-73656
759
-5609
-18677
138072
-759
5611
12409
-91740
1089
-8051
-4487
33231
-165
1222
-16136
119625
-561
4159
-12275
91113
-627
4654
-10262
76197
-1089
8086
6568
-48873
297
-2210
5974
-44517
363
-2705
-11417
85140
-363
2707
-7556
56397
-429
3202
-12407
92664
-495
3697
-9041
67584
-627
4687
-19832
148335
-759
5677
-25178
188397
-891
6667
-31118
232881
-957
7162
-50159
375408
-2046
15313
991
-7425
132
-989
-16895
126984
-1089
8185
14818
-111375
957
-7193
17590
-132231
891
-6698
8383
-63030
825
-6203
16600
-124839
759
-5708
6304
-47421
693
-5213
7492
-56397
561
-4223
11353
-85503
495
-3728
13036
-98241
429
-3233
6007
-45309
363
-2738
-11450
86427
-363
2740
3334
-25179
297
-2243
-7688
58113
-297
2245
2839
-21483
231
-1748
-10427
79002
-1089
8251
17821
-135036
627
-4751
-9107
69036
-627
4753
10792
-81873
561
-4256
3433
-26070
165
-1253
12640
-96129
1089
-8282
17755
-135069
759
-5774
13069
-99495
429
-3266
-11978
91245
-429
3268
-7457
56826
-693
5281
8218
-62733
363
-2771
-9305
71082
-363
2773
7558
-57783
561
-4289
1849
-14157
99
-758
-2936
22539
-99
760
4390
-33759
429
-3299
-6566
50523
-429
3301
9472
-72897
1089
-8381
2872
-22143
231
-1781
-3959
30558
-231
1783
-4982
38511
-363
2806
-15806
122265
-495
3829
-15740
121803
-627
4852
-6962
53889
-759
5875
-25409
196713
-891
6898
-10625
82434
-1089
8449
21649
-167970
825
-6401
10891
-84546
561
-4355
4423
-34353
429
-3332
3400
-26433
297
-2309
-4487
34914
-297
2311
-4553
35541
-165
1288
7195
-56232
363
-2837
-10460
81807
-363
2839
-6566
51381
-561
4390
-7028
55011
-759
5941
8647
-67782
825
-6467
5545
-43494
429
-3365
-3992
31383
-231
1816
10330
-81279
759
-5972
-20129
158433
-759
5974
6700
-52833
297
-2342
-4520
35673
-297
2344
-15839
125070
-627
4951
6568
-51909
693
-5477
3961
-31317
363
-2870
8845
-70059
429
-3398
8284
-65703
495
-3926
-12638
100287
-495
3928
13003
-103224
1089
-8645
265
-2112
33
-263
11617
-93687
495
-3992
-15971
128865
-495
3994
5644
-45573
429
-3464
-12176
98373
-429
3466
4027
-32571
363
-2936
14884
-120615
627
-5081
-7853
63723
-297
2410
-8909
72336
-561
4555
26269
-213312
1089
-8843
-27356
222189
-1089
8845
17062
-138699
759
-6170
7327
-59631
231
-1880
-2969
24189
-231
1882
-17588
143385
-1089
8878
-7292
59499
-627
5116
7327
-59928
363
-2969
-10592
86691
-363
2971
3532
-28941
165
-1352
-2441
20031
-165
1354
26368
-216513
1089
-8942
-27455
225489
-1089
8944
-16598
136719
-561
4621
-7886
64977
-693
5710
-18776
154737
-825
6799
-11153
91938
-1089
8977
18250
-150711
891
-7358
14983
-123783
627
-5180
8449
-69828
495
-4091
-5180
42867
-363
3004
7360
-60951
231
-1913
-6830
56661
-561
4654
1915
-15939
99
-824
-3002
25047
-99
826
8482
-70917
363
-3035
-9569
80058
-363
3037
-7424
62139
-627
5248
9043
-75801
429
-3596
-7952
66693
-429
3598
10726
-89991
759
-6368
-19436
163119
-759
6370
13498
-113289
1089
-9140
-4652
39105
-165
1387
-16697
140481
-561
4720
-12902
108669
-627
5281
-11351
95634
-1089
9175
6865
-57948
297
-2507
6337
-53559
363
-3068
-11780
99627
-363
3070
-7985
67584
-429
3631
-12902
109263
-495
4192
-9668
81939
-627
5314
-20591
174603
-759
6436
-26069
221133
-891
7558
-17984
153153
-1089
9274
15775
-134343
957
-8150
18481
-157410
891
-7589
9208
-78441
825
-7028
17359
-147906
759
-6467
6997
-59631
693
-5906
8053
-68673
561
-4784
11848
-101079
495
-4223
13465
-114939
429
-3662
6370
-54417
363
-3101
-11813
100980
-363
3103
3631
-31053
297
-2540
-7985
68343
-297
2542
3070
-26301
231
-1979
-11516
98769
-1089
9340
18448
-158235
627
-5378
-9734
83523
-627
5380
11353
-97482
561
-4817
3598
-30921
165
-1418
13729
-118140
1089
-9371
18514
-159357
759
-6533
13498
-116259
429
-3695
-12407
106920
-429
3697
-8150
70257
-693
5974
8581
-74085
363
-3134
-9668
83523
-363
3136
8119
-70191
561
-4850
1948
-16863
99
-857
-3035
26334
-99
859
4819
-41877
429
-3728
-6995
60819
-429
3730
10561
-91839
1089
-9470
3103
-27027
231
-2012
-4190
36531
-231
2014
-5345
46662
-363
3169
-16301
142395
-495
4324
-16367
143022
-627
5479
-7721
67485
-759
6634
-26300
229911
-891
7789
-11714
102597
-1089
9538
22474
-196845
825
-7226
11452
-100353
561
-4916
4852
-42537
429
-3761
3697
-32439
297
-2606
-4784
42009
-297
2608
-4718
41547
-165
1453
7558
-66627
363
-3200
-10823
95469
-363
3202
-7127
62898
-561
4951
-7787
68739
-759
6700
9472
-83721
825
-7292
5974
-52833
429
-3794
-4223
37422
-231
2047
11089
-98340
759
-6731
-20888
185295
-759
6733
6997
-62172
297
-2639
-4817
42834
-297
2641
-16466
146487
-627
5578
7261
-64647
693
-6170
4324
-38511
363
-3233
9274
-82731
429
-3827
8779
-78408
495
-4421
-13133
117348
-495
4423
14092
-125961
1089
-9734
298
-2673
33
-296
12112
-109791
495
-4487
6073
-55110
429
-3893
-12605
114444
-429
3895
4390
-39897
363
-3299
15511
-141207
627
-5708
-8150
74283
-297
2707
-9470
86361
-561
5116
27358
-249513
1089
-9932
17821
-162690
759
-6929
7558
-69069
231
-2111
-3200
29271
-231
2113
-18677
170940
-1089
9967
-7919
72534
-627
5743
7690
-70587
363
-3332
-10955
100617
-363
3334
3697
-33990
165
-1517
-2606
23991
-165
1519
27457
-252912
1089
-10031
-28544
262977
-1089
10033
-17159
158499
-561
5182
-8579
79266
-693
6403
-19601
181137
-825
7624
-12242
113157
-1089
10066
19141
-177210
891
-8249
15610
-144573
627
-5807
8944
-82863
495
-4586
-5543
51414
-363
3367
7591
-70455
231
-2144
-7391
68706
-561
5215
2014
-18777
99
-923
-3101
28974
-99
925
8845
-82797
363
-3398
-9932
93027
-363
3400
-8051
75438
-627
5875
9472
-88869
429
-4025
-8381
78672
-429
4027
11485
-107844
759
-7127
-20195
189684
-759
7129
14587
-137016
1089
-10229
-4817
45309
-165
1552
-17258
162459
-561
5281
-13529
127479
-627
5908
-12440
117249
-1089
10264
7162
-67617
297
-2804
6700
-63327
363
-3431
-8414
79629
-429
4060
-13397
126852
-495
4687
-10295
97548
-627
5941
-21350
202389
-759
7195
-26960
255651
-891
8449
-19073
181500
-1089
10363
16732
-159225
957
-9107
19372
-184371
891
-8480
10033
-95502
825
-7853
18118
-172491
759
-7226
7690
-73227
693
-6599
8614
-82071
561
-5345
12343
-117645
495
-4718
13894
-132495
429
-4091
6733
-64251
363
-3464
3928
-37521
297
-2837
-8282
79167
-297
2839
3301
-31581
231
-2210
-12605
120714
-1089
10429
19075
-182688
627
-6005
-10361
99264
-627
6007
11914
-114213
561
-5378
3763
-36102
165
-1583
14818
-142329
1089
-10460
19273
-185163
759
-7292
13927
-133881
429
-4124
-12836
123453
-429
4126
-8843
85074
-693
6667
8944
-86163
363
-3497
-10031
96690
-363
3499
8680
-83721
561
-5411
2047
-19767
99
-956
-3134
30327
-99
958
5248
-50853
429
-4157
-7424
71973
-429
4159
11650
-112959
1089
-10559
3334
-32373
231
-2243
-4421
42966
-231
2245
-5708
55539
-363
3532
-16994
165495
-627
6106
-8480
82599
-759
7393
-27191
264891
-891
8680
-12803
124938
-1089
10627
23299
-227370
825
-8051
12013
-117282
561
-5477
5281
-51579
429
-4190
3994
-39039
297
-2903
-5081
49698
-297
2905
-4883
47883
-165
1618
7921
-77748
363
-3563
-11186
109857
-363
3565
-7688
75537
-561
5512
-8546
83985
-759
7459
10297
-101310
825
-8117
6403
-63030
429
-4223
-4454
43923
-231
2278
11848
-116919
759
-7490
-21647
213675
-759
7492
7294
-72105
297
-2936
-5114
50589
-297
2938
-17093
169158
-627
6205
7954
-78771
693
-6863
4687
-46431
363
-3596
9703
-96261
429
-4256
9274
-92103
495
-4916
-13628
135399
-495
4918
15181
-150876
1089
-10823
331
-3300
33
-329
12607
-126885
495
-4982
6502
-65505
429
-4322
-13034
131373
-429
4324
4753
-47949
363
-3662
16138
-163053
627
-6335
-8447
85437
-297
3004
-10031
101508
-561
5677
18580
-188199
759
-7688
-3431
34815
-231
2344
-19766
200673
-1089
11056
-8546
86823
-627
6370
8053
-81972
363
-3695
-11318
115269
-363
3697
3862
-39369
165
-1682
-2771
28281
-165
1684
28546
-291489
1089
-11120
-17720
181401
-561
5743
-9272
94941
-693
7096
-20426
209187
-825
8449
-13331
136554
-1089
11155
20032
-205491
891
-9140
16237
-166617
627
-6434
9439
-96888
495
-5081
-5906
60687
-363
3730
-7952
81873
-561
5776
2113
-21813
99
-1022
-3200
33099
-99
1024
9208
-95403
363
-3761
-10295
106722
-363
3763
-8678
89991
-627
6502
9901
-102795
429
-4454
-8810
91509
-429
4456
12244
-127215
759
-7886
-20954
217767
-759
7888
15676
-162921
1089
-11318
-4982
51843
-165
1717
-17819
185559
-561
5842
-14156
147543
-627
6535
-13529
141042
-1089
11353
7459
-77880
297
-3101
7063
-73821
363
-3794
-8843
92532
-429
4489
-13892
145431
-495
5182
-10922
114411
-627
6568
-22109
231693
-759
7954
-27851
291951
-891
9340
-20162
212025
-1089
11452
17689
-186021
957
-10064
20263
-213114
891
-9371
10858
-114213
825
-8678
18877
-198594
759
-7985
8383
-88209
693
-7292
9175
-96591
561
-5906
12838
-135201
495
-5213
7096
-74811
363
-3827
4225
-44583
297
-3134
-8579
90585
-297
3136
3532
-37323
231
-2441
19702
-208395
627
-6632
-10988
116259
-627
6634
12475
-132066
561
-5939
3928
-41613
165
-1748
15907
-168696
1089
-11549
20032
-212487
759
-8051
-13265
140844
-429
4555
-9536
101277
-693
7360
9307
-98967
363
-3860
-10394
110583
-363
3862
9241
-98373
561
-5972
2146
-22869
99
-1055
-3233
34518
-99
1057
5677
-60687
429
-4586
-7853
83985
-429
4588
12739
-136257
1089
-11648
3565
-38181
231
-2474
-4652
49863
-231
2476
-6071
65142
-363
3895
-17621
189222
-627
6733
-9239
99231
-759
8152
-28082
301653
-891
9571
-13892
149457
-1089
11716
24124
-259545
825
-8876
12574
-135333
561
-6038
5710
-61479
429
-4619
4291
-46233
297
-3200
-5378
57981
-297
3202
-5048
54549
-165
1783
8284
-89595
363
-3926
-11549
124971
-363
3928
-8249
89298
-561
6073
-9305
100749
-759
8218
11122
-120549
825
-8942
6832
-74085
429
-4652
-4685
50886
-231
2509
12607
-137016
759
-8249
-22406
243573
-759
8251
7591
-82632
297
-3233
-5411
58938
-297
3235
-17720
193083
-627
6832
8647
-94281
693
-7556
5050
-55077
363
-3959
10132
-110649
429
-4685
9769
-106788
495
-5411
-14123
154440
-495
5413
16270
-177969
1089
-11912
364
-3993
33
-362
13102
-144969
495
-5477
6931
-76758
429
-4751
-13463
149160
-429
4753
5116
-56727
363
-4025
16765
-186153
627
-6962
-8744
97185
-297
3301
-10592
117777
-561
6238
19339
-215226
759
-8447
-3662
40821
-231
2575
-20855
232584
-1089
12145
-9173
102366
-627
6997
8416
-94083
363
-4058
-11681
130647
-363
4060
4027
-45078
165
-1847
-2936
32901
-165
1849
-18281
205425
-561
6304
-9965
112002
-693
7789
-21251
238887
-825
9274
-14420
162129
-1089
12244
20923
-235554
891
-10031
16864
-189915
627
-7061
9934
-111903
495
-5576
-6269
70686
-363
4093
-8513
96162
-561
6337
2212
-25047
99
-1121
9571
-108735
363
-4124
-10658
121143
-363
4126
-9305
105798
-627
7129
10330
-117579
429
-4883
-9239
105204
-429
4885
13003
-148104
759
-8645
-21713
247368
-759
8647
16765
-191004
1089
-12407
-5147
58707
-165
1882
-18380
209781
-561
6403
-14783
168861
-627
7162
-14618
167013
-1089
12442
7756
-88737
297
-3398
7426
-85041
363
-4157
-9272
106293
-429
4918
-14387
165000
-495
5677
-11549
132528
-627
7195
-22868
262515
-759
8713
-28742
330033
-891
10231
-21251
244728
-1089
12541
18646
-214731
957
-11021
21154
-243639
891
-10262
11683
-134574
825
-9503
19636
-226215
759
-8744
9076
-104577
693
-7985
9736
-112233
561
-6467
13333
-153747
495
-5708
7459
-86097
363
-4190
4522
-52239
297
-3431
-8876
102597
-297
3433
3763
-43527
231
-2672
20329
-235356
627
-7259
-11615
134508
-627
7261
13036
-151041
561
-6500
4093
-47454
165
-1913
16996
-197241
1089
-12638
20791
-241329
759
-8810
-13694
159093
-429
4984
-10229
118866
-693
8053
9670
-112497
363
-4223
-10757
125202
-363
4225
9802
-114147
561
-6533
2245
-26169
99
-1154
6106
-71379
429
-5015
-8282
96855
-429
5017
13828
-161733
1089
-12737
3796
-44451
231
-2705
-4883
57222
-231
2707
-6434
75471
-363
4258
-18248
214203
-627
7360
-9998
117381
-759
8911
-28973
340197
-891
10462
-14981
176154
-1089
12805
24949
-293370
825
-9701
13135
-154506
561
-6599
6139
-72237
429
-5048
4588
-54021
297
-3497
-5675
66858
-297
3499
-5213
61545
-165
1948
8647
-102168
363
-4289
-11912
140811
-363
4291
-8810
104181
-561
6634
-10064
119031
-759
8977
11947
-141438
825
-9767
7261
-85998
429
-5081
-4916
58311
-231
2740
13366
-158631
759
-9008
-23165
274989
-759
9010
7888
-93753
297
-3530
-5708
67881
-297
3532
-18347
218262
-627
7459
9340
-111177
693
-8249
5413
-64449
363
-4322
10561
-125895
429
-5114
10264
-122463
495
-5906
-14618
174471
-495
5908
17359
-207240
1089
-13001
397
-4752
33
-395
13597
-164043
495
-5972
7360
-88869
429
-5180
-13892
167805
-429
5182
5479
-66231
363
-4388
17392
-210507
627
-7589
-9041
109527
-297
3598
-11153
135168
-561
6799
20098
-243771
759
-9206
-3893
47289
-231
2806
-21944
266673
-1089
13234
-9800
119163
-627
7624
8779
-106920
363
-4421
4192
-51117
165
-2012
-3101
37851
-165
2014
-10658
130449
-693
8482
-22076
270237
-825
10099
-15509
189882
-1089
13333
21814
-267399
891
-10922
17491
-214467
627
-7688
10429
-127908
495
-6071
-6632
81411
-363
4456
-9074
111573
-561
6898
2311
-28479
99
-1220
9934
-122793
363
-4487
-11021
136290
-363
4489
-9932
122859
-627
7756
10759
-133221
429
-5312
-9668
119757
-429
5314
13762
-170511
759
-9404
-22472
278487
-759
9406
-5312
65901
-165
2047
-15410
191433
-627
7789
-15707
195162
-1089
13531
8053
-100188
297
-3695
7789
-96987
363
-4520
-9701
120912
-429
5347
-14882
185559
-495
6172
-12176
151899
-627
7822
-23627
294855
-759
9472
-22340
279609
-1089
13630
19603
-245355
957
-11978
22045
-275946
891
-11153
12508
-156585
825
-10328
20395
-255354
759
-9503
9769
-122331
693
-8678
10297
-128997
561
-7028
13828
-173283
495
-6203
7822
-98109
363
-4553
4819
-60489
297
-3728
-9173
115203
-297
3730
3994
-50193
231
-2903
-12242
154011
-627
7888
13597
-171138
561
-7061
4258
-53625
165
-2078
18085
-227964
1089
-13727
21550
-271689
759
-9569
-14123
178200
-429
5413
-10922
137841
-693
8746
10033
-126753
363
-4586
-11120
140547
-363
4588
10363
-131043
561
-7094
2344
-29667
99
-1253
6535
-82929
429
-5444
-8711
110583
-429
5446
14917
-189387
1089
-13826
4027
-51183
231
-2936
-5114
65043
-231
2938
-6797
86526
-363
4621
-18875
240438
-627
7987
-10757
137049
-759
9670
25774
-328845
825
-10526
13696
-174801
561
-7160
6568
-83853
429
-5477
4885
-62403
297
-3794
-5972
76329
-297
3796
-5378
68871
-165
2113
9010
-115467
363
-4652
-9371
120186
-561
7195
-10823
138831
-759
9736
12772
-163977
825
-10592
7690
-98769
429
-5510
-5147
66198
-231
2971
14125
-181764
759
-9767
-23924
307923
-759
9769
8185
-105468
297
-3827
-6005
77418
-297
3829
-18974
244695
-627
8086
10033
-129459
693
-8942
5776
-74547
363
-4685
10990
-141999
429
-5543
10759
-139128
495
-6401
-15113
195492
-495
6403
18448
-238689
1089
-14090
430
-5577
33
-428
14092
-184107
495
-6467
7789
-101838
429
-5609
5842
-76461
363
-4751
18019
-236115
627
-8216
-9338
122463
-297
3895
-11714
153681
-561
7360
20857
-273834
759
-9965
-4124
54219
-231
3037
-23033
302940
-1089
14323
-10427
137214
-627
8251
9142
-120483
363
-4784
4357
-57486
165
-2177
-3266
43131
-165
2179
-11351
150282
-693
9175
-22901
303237
-825
10924
-16598
219813
-1089
14422
22705
-301026
891
-11813
18118
-240273
627
-8315
10924
-144903
495
-6566
-6995
92862
-363
4819
-9635
128106
-561
7459
2410
-32109
99
-1319
10297
-137577
363
-4850
-11384
152163
-363
4852
-10559
141174
-627
8383
11188
-149721
429
-5741
-10097
135168
-429
5743
14521
-194436
759
-10163
-23231
311124
-759
10165
-16037
215259
-627
8416
-16796
225489
-1089
14620
8350
-112233
297
-3992
8152
-109659
363
-4883
-10130
136389
-429
5776
-15377
207108
-495
6667
-12803
172524
-627
8449
-24386
328713
-759
10231
-23429
316668
-1089
14719
20560
-277893
957
-12935
22936
-310035
891
-12044
13333
-180246
825
-11153
21154
-286011
759
-10262
10462
-141471
693
-9371
10858
-146883
561
-7589
14323
-193809
495
-6698
8185
-110847
363
-4916
5116
-69333
297
-4025
-9470
128403
-297
4027
4225
-57321
231
-3134
-12869
174768
-627
8515
14158
-192357
561
-7622
4423
-60126
165
-2243
22309
-303567
759
-10328
-11615
158202
-693
9439
10396
-141735
363
-4949
-11483
156618
-363
4951
10924
-149061
561
-7655
2443
-33363
99
-1352
6964
-95337
429
-5873
-9140
125169
-429
5875
16006
-219219
1089
-14915
4258
-58377
231
-3167
-5345
73326
-231
3169
-7160
98307
-363
4984
-19502
267927
-627
8614
-11516
158235
-759
10429
26599
-365970
825
-11351
14257
-196218
561
-7721
6997
-96327
429
-5906
5182
-71379
297
-4091
-6269
86394
-297
4093
9373
-129492
363
-5015
-9932
137313
-561
7756
-11582
160149
-759
10495
13597
-188166
825
-11417
8119
-112398
429
-5939
-5378
74547
-231
3202
14884
-206415
759
-10526
-24683
342375
-759
10528
8482
-117777
297
-4124
-6302
87549
-297
4126
-19601
272382
-627
8713
10726
-149127
693
-9635
6139
-85371
363
-5048
11419
-158961
429
-5972
11254
-156783
495
-6896
-15608
217503
-495
6898
19537
-272316
1089
-15179
463
-6468
33
-461
14587
-205161
495
-6962
8218
-115665
429
-6038
6205
-87417
363
-5114
18646
-262977
627
-8843
-9635
135993
-297
4192
-12275
173316
-561
7921
21616
-305415
759
-10724
-4355
61611
-231
3268
-24122
341385
-1089
15412
-11054
156519
-627
8878
9505
-134772
363
-5147
4522
-64185
165
-2342
-3431
48741
-165
2344
-12044
171501
-693
9868
-23726
337887
-825
11749
-17687
251922
-1089
15511
23596
-336435
891
-12704
18745
-267333
627
-8942
11419
-162888
495
-7061
-7358
105039
-363
5182
-10196
145761
-561
8020
2509
-35937
99
-1418
10660
-153087
363
-5213
-11747
168762
-363
5215
-11186
160743
-627
9010
11617
-167079
429
-6170
-10526
151437
-429
6172
15280
-219879
759
-10922
-23990
345279
-759
10924
-16664
240339
-627
9043
-17885
257994
-1089
15709
8647
-124872
297
-4289
8515
-123057
363
-5246
-10559
152724
-429
6205
-15872
229647
-495
7162
-13430
194403
-627
9076
-24518
355905
-1089
15808
21517
-312345
957
-13892
23827
-345906
891
-12935
14158
-205557
825
-11978
21913
-318186
759
-11021
11155
-161997
693
-10064
11419
-165891
561
-8150
14818
-215325
495
-7193
8548
-124311
363
-5279
5413
-78771
297
-4322
-9767
142197
-297
4324
4456
-64911
231
-3365
-13496
196779
-627
9142
14719
-214698
561
-8183
4588
-66957
165
-2408
23068
-336963
759
-11087
-12308
179949
-693
10132
10759
-157443
363
-5312
-11846
173415
-363
5314
11485
-168201
561
-8216
2542
-37257
99
-1451
7393
-108603
429
-6302
-9569
140613
-429
6304
17095
-251229
1089
-16004
4489
-66033
231
-3398
-5576
82071
-231
3400
-7523
110814
-363
5347
-20129
296670
-627
9241
-12275
180939
-759
11188
14818
-218757
561
-8282
7426
-109659
429
-6335
5479
-80949
297
-4388
-6566
97053
-297
4390
9736
-144243
363
-5378
-10493
155562
-561
8317
-12341
182985
-759
11254
14422
-214005
825
-12242
8548
-126885
429
-6368
-5609
83358
-231
3433
15643
-232584
759
-11285
8779
-130680
297
-4421
-6599
98274
-297
4423
-20228
301323
-627
9340
11419
-170181
693
-10328
6502
-96921
363
-5411
11848
-176781
429
-6401
11749
-175428
495
-7391
-16103
240504
-495
7393
20626
-308121
1089
-16268
496
-7425
33
-494
15082
-227205
495
-7457
8647
-130350
429
-6467
6568
-99099
363
-5477
19273
-291093
627
-9470
-12836
194073
-561
8482
22375
-338514
759
-11483
-4586
69465
-231
3499
-25211
382008
-1089
16501
-11681
177078
-627
9505
9868
-149787
363
-5510
4687
-71214
165
-2507
-3596
54681
-165
2509
-12737
194106
-693
10561
-24551
374187
-825
12574
-18776
286209
-1089
16600
24487
-373626
891
-13595
19372
-295647
627
-9569
11914
-181863
495
-7556
-7721
117942
-363
5545
-10757
164538
-561
8581
2608
-39963
99
-1517
11023
-169323
363
-5576
-11813
181566
-627
9637
12046
-185295
429
-6599
-10955
168564
-429
6601
16039
-246840
759
-11681
-24749
380952
-759
11683
-17291
266673
-627
9670
-18974
292677
-1089
16798
8944
-138105
297
-4586
8878
-137181
363
-5609
-10988
169917
-429
6634
-14057
217536
-627
9703
-25607
397320
-1089
16897
22474
-348711
957
-14849
24718
-383559
891
-13826
14983
-232518
825
-12803
22672
-351879
759
-11780
11848
-183909
693
-10757
11980
-186021
561
-8711
15313
-237831
495
-7688
8911
-138501
363
-5642
5710
-88803
297
-4619
4687
-72963
231
-3596
-14123
220044
-627
9769
15280
-238161
561
-8744
4753
-74118
165
-2573
23827
-371877
759
-11846
-13001
203082
-693
10825
11122
-173877
363
-5675
12046
-188463
561
-8777
2641
-41349
99
-1550
7822
-122727
429
-6731
-9998
156915
-429
6733
18184
-285417
1089
-17093
4720
-74151
231
-3629
-5807
91278
-231
3631
-7886
124047
-363
5710
-13034
205161
-759
11947
15379
-242418
561
-8843
7855
-123849
429
-6764
5776
-91113
297
-4685
-6863
108306
-297
4687
10099
-159720
363
-5741
-11054
174933
-561
8878
-13100
207339
-759
12013
15247
-241494
825
-13067
8977
-142230
429
-6797
-5840
92631
-231
3664
16402
-260271
759
-12044
9076
-144177
297
-4718
-6896
109593
-297
4720
12112
-192621
693
-11021
6865
-109197
363
-5774
12277
-195459
429
-6830
12244
-195063
495
-7886
21715
-346104
1089
-17357
529
-8448
33
-527
15577
-250239
495
-7952
9076
-145893
429
-6896
6931
-111507
363
-5840
19900
-320463
627
-10097
-13397
215952
-561
9043
23134
-373131
759
-12242
-4817
77781
-231
3730
-26300
424809
-1089
17590
-12308
198891
-627
10132
10231
-165528
363
-5873
4852
-78573
165
-2672
-3761
60951
-165
2674
-13430
218097
-693
11254
-25376
412137
-825
13399
-19865
322674
-1089
17689
25378
-412599
891
-14486
19999
-325215
627
-10196
12409
-201828
495
-8051
-8084
131571
-363
5908
-11318
184437
-561
9142
2707
-44187
99
-1616
11386
-186285
363
-5939
-12440
203643
-627
10264
12475
-204369
429
-7028
-11384
186549
-429
7030
16798
-275319
759
-12440
-17918
294261
-627
10297
-20063
329538
-1089
17887
9241
-151932
297
-4883
9241
-152031
363
-5972
-11417
187968
-429
7063
-14684
241923
-627
10330
-26696
440913
-1089
17986
23431
-386991
957
-15806
25609
-422994
891
-14717
15808
-261129
825
-13628
23431
-387090
759
-12539
12541
-207207
693
-11450
12541
-207273
561
-9272
15808
-261327
495
-8183
9274
-153417
363
-6005
6007
-99429
297
-4916
4918
-81477
231
-3827
-14750
244563
-627
10396
15841
-262746
561
-9305
4918
-81609
165
-2738
24586
-408309
759
-12605
-13694
227601
-693
11518
11485
-191037
363
-6038
12607
-209847
561
-9338
2740
-45639
99
-1649
8251
-137709
429
-7160
-10427
174075
-429
7162
19273
-321783
1089
-18182
4951
-82731
231
-3860
-6038
100947
-231
3862
-8249
138006
-363
6073
-13793
230901
-759
12706
15940
-267201
561
-9404
8284
-138897
429
-7193
6073
-101871
297
-4982
-7160
120153
-297
4984
10462
-175923
363
-6104
-11615
195426
-561
9439
-13859
233211
-759
12772
16072
-270633
825
-13892
9406
-158433
429
-7226
-6071
102366
-231
3895
17161
-289476
759
-12803
9373
-158268
297
-5015
-7193
121506
-297
5017
12805
-216447
693
-11714
7228
-122199
363
-6137
12706
-214995
429
-7259
12739
-215688
495
-8381
22804
-386265
1089
-18446
562
-9537
33
-560
16072
-274263
495
-8447
9505
-162294
429
-7325
7294
-124641
363
-6203
20527
-351087
627
-10724
-13958
238953
-561
9604
23893
-409266
759
-13001
-5048
86559
-231
3961
-27389
469788
-1089
18679
-12935
221958
-627
10759
10594
-181995
363
-6236
5017
-86262
165
-2837
-3926
67551
-165
2839
-14123
243474
-693
11947
-26201
451737
-825
14224
26269
-453354
891
-15377
20626
-356037
627
-10823
12904
-222783
495
-8546
-8447
145926
-363
6271
-11879
205458
-561
9703
2806
-48609
99
-1715
11749
-203973
363
-6302
-13067
226974
-627
10891
12904
-224301
429
-7457
-11813
205392
-429
7459
17557
-305316
759
-13199
-18545
323103
-627
10924
-21152
368577
-1089
18976
9538
-166353
297
-5180
9604
-167607
363
-6335
-11846
206877
-429
7492
-15311
267564
-627
10957
24388
-427185
957
-16763
26500
-464211
891
-15608
16633
-291390
825
-14453
24190
-423819
759
-13298
13234
-231891
693
-12143
13102
-229647
561
-9833
16303
-285813
495
-8678
9637
-169059
363
-6368
6304
-110649
297
-5213
5149
-90453
231
-4058
-15377
270336
-627
11023
16402
-288453
561
-9866
5083
-89430
165
-2903
-14387
253506
-693
12211
11848
-208923
363
-6401
13168
-232353
561
-9899
2839
-50127
99
-1748
8680
-153549
429
-7589
-10856
192093
-429
7591
20362
-360327
1089
-19271
5182
-91773
231
-4091
-6269
111078
-231
4093
-8612
152691
-363
6436
-14552
258159
-759
13465
16501
-293106
561
-9965
8713
-154803
429
-7622
6370
-113223
297
-5279
-7457
132594
-297
5281
10825
-192852
363
-6467
-12176
217041
-561
10000
-14618
260601
-759
13531
16897
-301422
825
-14717
9835
-175494
429
-7655
-6302
112563
-231
4126
17920
-320199
759
-13562
9670
-172953
297
-5312
-7490
134013
-297
5314
13498
-241659
693
-12407
7591
-135927
363
-6500
13135
-235389
429
-7688
13234
-237303
495
-8876
23893
-428604
1089
-19535
595
-10692
33
-593
9934
-179553
429
-7754
7657
-138501
363
-6566
-14519
263076
-561
10165
24652
-446919
759
-13760
-5279
95799
-231
4192
-28478
516945
-1089
19768
-13562
246279
-627
11386
10957
-199188
363
-6599
5182
-94281
165
-3002
-4091
74481
-165
3004
-14816
270237
-693
12640
-27026
492987
-825
15049
27160
-495891
891
-16268
13399
-244728
495
-9041
-8810
161007
-363
6634
-12440
227601
-561
10264
2905
-53229
99
-1814
-13694
251559
-627
11518
13333
-245091
429
-7886
-12242
225093
-429
7888
18316
-336831
759
-13958
-19172
353199
-627
11551
-22241
409794
-1089
20065
9967
-183909
363
-6698
-12275
226644
-429
7921
-15938
294459
-627
11584
25345
-469293
957
-17720
27391
-507210
891
-16499
17458
-323301
825
-15278
24949
-462066
759
-14057
13927
-257961
693
-12836
13663
-253143
561
-10394
10000
-185427
363
-6731
6601
-122463
297
-5510
5380
-99891
231
-4289
-16004
297363
-627
11650
16963
-315282
561
-10427
5248
-97581
165
-3068
-15080
280797
-693
12904
13729
-255981
561
-10460
2938
-54813
99
-1847
9109
-170247
429
-8018
-11285
210969
-429
8020
21451
-401049
1089
-20360
5413
-101277
231
-4322
-6500
121671
-231
4324
-8975
168102
-363
6799
-15311
286935
-759
14224
17062
-320133
561
-10526
9142
-171567
429
-8051
6667
-125169
297
-5576
-7754
145629
-297
5578
11188
-210507
363
-6830
-12737
239778
-561
10561
-15377
289509
-759
14290
17722
-333861
825
-15542
10264
-193413
429
-8084
-6533
123222
-231
4357
18679
-352440
759
-14321
-7787
147114
-297
5611
14191
-268257
693
-13100
7954
-150381
363
-6863
13564
-256641
429
-8117
13729
-259908
495
-9371
24982
-473121
1089
-20624
628
-11913
33
-626
10363
-197670
429
-8183
8020
-153087
363
-6929
-15080
288321
-561
10726
-5510
105501
-231
4423
-29567
566280
-1089
20857
-14189
271854
-627
12013
11320
-217107
363
-6962
5347
-102630
165
-3167
-4256
81741
-165
3169
-15509
298386
-693
13333
28051
-540210
891
-17159
13894
-267663
495
-9536
-9173
176814
-363
6997
-13001
250866
-561
10825
3004
-58047
99
-1913
-14321
277398
-627
12145
13762
-266739
429
-8315
-12671
245652
-429
8317
19075
-369864
759
-14717
-19799
384549
-627
12178
10330
-200937
363
-7061
-12704
247269
-429
8350
-16565
322608
-627
12211
26302
-513315
957
-18677
28282
-551991
891
-17390
18283
-356862
825
-16103
14620
-285417
693
-13529
14224
-277761
561
-10955
10363
-202521
363
-7094
6898
-134871
297
-5807
5611
-109791
231
-4520
-16631
325644
-627
12277
17524
-343233
561
-10988
5413
-106062
165
-3233
-15773
309474
-693
13597
14290
-280731
561
-11021
3037
-59697
99
-1946
9538
-187803
429
-8447
-11714
230703
-429
8449
22540
-443949
1089
-21449
5644
-111243
231
-4553
-6731
132726
-231
4555
-9338
184239
-363
7162
-16070
317229
-759
14983
17623
-348282
561
-11087
9571
-189189
429
-8480
6964
-137709
297
-5873
-8051
159258
-297
5875
11551
-228888
363
-7193
-13298
263637
-561
11122
-16136
319935
-759
15049
18547
-367950
825
-16367
10693
-212190
429
-8513
-6764
134343
-231
4588
19438
-386199
759
-15080
-8084
160809
-297
5908
14884
-296241
693
-13793
8317
-165561
363
-7226
13993
-278751
429
-8546
14224
-283503
495
-9866
26071
-519816
1089
-21713
661
-13200
33
-659
10792
-216645
429
-8612
8383
-168399
363
-7292
-15641
314688
-561
11287
-5741
115665
-231
4654
-30656
617793
-1089
21946
-14816
298683
-627
12640
11683
-235752
363
-7325
-4421
89331
-165
3334
-16202
327921
-693
14026
28942
-586311
891
-18050
14389
-291588
495
-10031
-9536
193347
-363
7360
-13562
275253
-561
11386
3103
-63063
99
-2012
-14948
304491
-627
12772
-13100
267069
-429
8746
19834
-404415
759
-15476
-20426
417153
-627
12805
10693
-218691
363
-7424
-13133
268752
-429
8779
-17192
352011
-627
12838
27259
-559251
957
-19634
29173
-598554
891
-18281
19108
-392073
825
-16928
15313
-314259
693
-14222
14785
-303501
561
-11516
10726
-220341
363
-7457
7195
-147873
297
-6104
5842
-120153
231
-4751
-17258
355179
-627
12904
18085
-372306
561
-11549
-16466
339537
-693
14290
14851
-306603
561
-11582
3136
-64779
99
-2045
9967
-206217
429
-8876
-12143
251295
-429
8878
23629
-489027
1089
-22538
5875
-121671
231
-4784
-6962
144243
-231
4786
-9701
201102
-363
7525
-16829
349041
-759
15742
18184
-377553
561
-11648
10000
-207669
429
-8909
7261
-150843
297
-6170
-8348
173481
-297
6172
11914
-247995
363
-7556
-13859
288618
-561
11683
-16895
351879
-759
15808
19372
-403689
825
-17192
11122
-231825
429
-8942
-6995
145926
-231
4819
20197
-421476
759
-15839
-8381
175098
-297
6205
15577
-325611
693
-14486
8680
-181467
363
-7589
14719
-308088
495
-10361
27160
-568689
1089
-22802
694
-14553
33
-692
11221
-236478
429
-9041
8746
-184437
363
-7655
-16202
342177
-561
11848
-5972
126291
-231
4885
-15443
326766
-627
13267
-4586
97251
-165
3499
-16895
358842
-693
14719
14884
-316503
495
-10526
-9899
210606
-363
7723
-14123
300762
-561
11947
3202
-68277
99
-2111
-15575
332838
-627
13399
-13529
289344
-429
9175
20593
-440484
759
-16235
11056
-237171
363
-7787
-13562
291093
-429
9208
-17819
382668
-627
13465
28216
-607101
957
-20591
19933
-428934
825
-17753
16006
-344487
693
-14915
15346
-330363
561
-12077
11089
-238887
363
-7820
7492
-161469
297
-6401
6073
-130977
231
-4982
-17885
385968
-627
13531
-17159
370986
-693
14983
15412
-333597
561
-12143
3235
-70059
99
-2144
10396
-225489
429
-9305
-12572
272745
-429
9307
24718
-536283
1089
-23627
6106
-132561
231
-5015
-7193
156222
-231
5017
-10064
218691
-363
7888
-17588
382371
-759
16501
10429
-227007
429
-9338
7558
-164571
297
-6467
-8645
188298
-297
6469
-14420
314721
-561
12244
-17654
385341
-759
16567
20197
-441078
825
-18017
11551
-252318
429
-9371
-7226
157971
-231
5050
20956
-458271
759
-16598
-8678
189981
-297
6502
16270
-356367
693
-15179
9043
-198099
363
-7952
15214
-333663
495
-10856
28249
-619740
1089
-23891
727
-15972
33
-725
11650
-257169
429
-9470
9109
-201201
363
-8018
-16763
370788
-561
12409
-6203
137379
-231
5116
-16070
356103
-627
13894
-4751
105501
-165
3664
-17588
391149
-693
15412
15379
-342408
495
-11021
-10262
228591
-363
8086
-14684
327393
-561
12508
-16202
362439
-627
14026
-13958
312477
-429
9604
21352
-478071
759
-16994
11419
-256377
363
-8150
-13991
314292
-429
9637
-18446
414579
-627
14092
29173
-656865
957
-21548
20758
-467445
825
-18578
16699
-376101
693
-15608
15907
-358347
561
-12638
11452
-258159
363
-8183
7789
-175659
297
-6698
6304
-142263
231
-5213
-18512
418011
-627
14158
-17852
403821
-693
15676
15973
-361713
561
-12704
10825
-245619
429
-9734
-13001
295053
-429
9736
25807
-585717
1089
-24716
6337
-143913
231
-5246
-7424
168663
-231
5248
-10427
237006
-363
8251
-18347
417219
-759
17260
10858
-247203
429
-9767
7855
-178893
297
-6764
-8942
203709
-297
6766
-14981
341946
-561
12805
-18413
420321
-759
17326
21022
-480117
825
-18842
11980
-273669
429
-9800
-7457
170478
-231
5281
21715
-496584
759
-17357
-8975
205458
-297
6799
16963
-388509
693
-15872
9406
-215457
363
-8315
15709
-360228
495
-11351
29338
-672969
1089
-24980
760
-17457
33
-758
12079
-278718
429
-9899
9472
-218691
363
-8381
-17324
400521
-561
12970
-6434
148929
-231
5347
-16697
386694
-627
14521
-4916
114081
-165
3829
-18281
424842
-693
16105
15874
-369303
495
-11516
-10625
247302
-363
8449
-15245
355146
-561
13069
-16829
393294
-627
14653
22111
-517176
759
-17753
11782
-276309
363
-8513
-19073
447744
-627
14719
30130
-708543
957
-22505
21583
-507606
825
-19403
17392
-409101
693
-16301
16468
-387453
561
-13199
11815
-278157
363
-8546
8086
-190443
297
-6995
6535
-154011
231
-5444
-19139
451308
-627
14785
-18545
438042
-693
16369
16534
-390951
561
-13265
11254
-266607
429
-10163
-13430
318219
-429
10165
26896
-637329
1089
-25805
6568
-155727
231
-5477
-10790
256047
-363
8614
-19106
453585
-759
18019
11287
-268257
429
-10196
8152
-193809
297
-7061
-9239
219714
-297
7063
-15542
370293
-561
13366
-19172
456819
-759
18085
21847
-520806
825
-19667
12409
-295878
429
-10229
22474
-536415
759
-18116
-9272
221529
-297
7096
17656
-422037
693
-16565
9769
-233541
363
-8678
16204
-387783
495
-11846
30427
-728376
1089
-26069
793
-19008
33
-791
12508
-301125
429
-10328
9835
-236907
363
-8744
-17885
431376
-561
13531
-6665
160941
-231
5578
-17324
418539
-627
15148
-5081
122991
-165
3994
-18974
459921
-693
16798
-10988
266739
-363
8812
-15806
384021
-561
13630
-17456
425403
-627
15280
22870
-557799
759
-18512
-19700
482163
-627
15346
31087
-762135
957
-23462
22408
-549417
825
-20228
18085
-443487
693
-16994
17029
-417681
561
-13760
8383
-205821
297
-7292
6766
-166221
231
-5675
-19766
485859
-627
15412
-19238
473649
-693
17062
17095
-421311
561
-13826
11683
-288453
429
-10592
-13859
342243
-429
10594
6799
-168003
231
-5708
-11153
275814
-363
8977
-19865
491469
-759
18778
11716
-290169
429
-10625
8449
-209319
297
-7358
-9536
236313
-297
7360
-16103
399762
-561
13927
-19931
494835
-759
18844
22672
-563145
825
-20492
12838
-318945
429
-10658
23233
-577764
759
-18875
-9569
238194
-297
7393
18349
-456951
693
-17258
10132
-252351
363
-9041
31516
-785961
1089
-27158
826
-20625
33
-824
12937
-324390
429
-10757
10198
-255849
363
-9107
-18446
463353
-561
14092
-6896
173415
-231
5809
-17951
451638
-627
15775
-5246
132231
-165
4159
-19667
496386
-693
17491
-11351
286902
-363
9175
-16367
414018
-561
14191
-18083
458766
-627
15907
23629
-599940
759
-19271
-20327
517836
-627
15973
23233
-592878
825
-21053
18778
-479259
693
-17687
17590
-449031
561
-14321
8680
-221793
297
-7589
6997
-178893
231
-5906
-20393
521664
-627
16039
-19931
510642
-693
17755
17656
-452793
561
-14387
12112
-311157
429
-11021
7030
-180741
231
-5939
-11516
296307
-363
9340
-20624
530871
-759
19537
12145
-312939
429
-11054
8746
-225423
297
-7655
-16664
430353
-561
14488
-20690
534369
-759
19603
23497
-607134
825
-21317
13267
-342870
429
-11087
23992
-620631
759
-19634
19042
-493251
693
-17951
10495
-271887
363
-9404
32605
-845724
1089
-28247
859
-22308
33
-857
13366
-348513
429
-11186
10561
-275517
363
-9470
-7127
186351
-231
6040
-18578
485991
-627
16402
-5411
141801
-165
4324
-20360
534237
-693
18184
-11714
307791
-363
9538
-16928
445137
-561
14752
-18710
493383
-627
16534
24388
-643599
759
-20030
24058
-637989
825
-21878
19471
-516417
693
-18380
18151
-481503
561
-14882
8977
-238359
297
-7886
7228
-192027
231
-6137
-20624
549021
-693
18448
18217
-485397
561
-14948
12541
-334719
429
-11450
7261
-193941
231
-6170
-11879
317526
-363
9703
-21383
571791
-759
20296
12574
-336567
429
-11483
9043
-242121
297
-7952
-17225
462066
-561
15049
-21449
575421
-759
20362
24322
-652773
825
-22142
13696
-367653
429
-11516
24751
-665016
759
-20393
19735
-530937
693
-18644
10858
-292149
363
-9767
33694
-907665
1089
-29336
892
-24057
33
-890
13795
-373494
429
-11615
10924
-295911
363
-9833
-7358
199749
-231
6271
-19205
521598
-627
17029
-21053
573474
-693
18877
-17489
477378
-561
15313
-19337
529254
-627
17161
24883
-684750
825
-22703
20164
-554961
693
-19073
9274
-255519
297
-8183
7459
-205623
231
-6368
-21317
588786
-693
19141
12970
-359139
429
-11879
7492
-207603
231
-6401
-22142
614229
-759
21055
13003
-361053
429
-11912
9340
-259413
297
-8249
-17786
494901
-561
15610
-22208
617991
-759
21121
25147
-700062
825
-22967
14125
-393294
429
-11945
20428
-570009
693
-19337
11221
-313137
363
-10130
34783
-971784
1089
-30425
925
-25872
33
-923
11287
-317031
363
-10196
-7589
213609
-231
6502
-19832
558459
-627
17656
-21746
614097
-693
19570
-18050
510741
-561
15874
-19964
566379
-627
17788
25708
-733161
825
-23528
20857
-594891
693
-19766
9571
-273273
297
-8480
-22010
629937
-693
19834
13399
-384417
429
-12308
-22901
658185
-759
21814
13432
-386397
429
-12341
9637
-277299
297
-8546
-18347
528858
-561
16171
-22967
662079
-759
21880
25972
-749001
825
-23792
21121
-610467
693
-20030
11584
-334851
363
-10493
958
-27753
33
-956
11650
-338877
363
-10559
-20459
596574
-627
18283
-22439
656106
-693
20263
-20591
604758
-627
18415
26533
-783222
825
-24353
21550
-636207
693
-20459
-22703
672474
-693
20527
13828
-410553
429
-12737
-23660
703659
-759
22573
13861
-412599
429
-12770
-23726
707685
-759
22639
26797
-799590
825
-24617
21814
-652311
693
-20723
11947
-357291
363
-10856
991
-29700
33
-989
22243
-678909
693
-21152
-24419
750651
-759
23332
-24485
754809
-759
23398
22507
-695541
693
-21416
1024
-31713
33
-1022
1057
-33792
33
-1055
